nan 0 0.72 1 0 0 0 0 0 0 0 0 1 1 1 1 1 1 1 1 0 0 0 0 0 0 0 0 0
27353259024281.7 20 0.70612099329976 1 1 1 1 1 1 1 1 1 0.969292431741781  1.02918405279102 0.967310352140206   1.0083435744169  1.00124176604935  1.01978408788217   1.0637741262256  1.00372065285313  0.0358887847273933   0.193095455455867  -0.138586457709814   0.101095942940225 -0.0691928804671939    0.54101125271943  -0.597459045496041  -0.310506850463201 54445
19527947347296.9 40 0.71589576977886 1.2131803378104  0.89995605816692 0.911697107236281 0.919980719015432 0.950412084021952 0.995993422774387  1.03638336644309  1.09372495212107  1.32456120496783 0.965994031973777  1.01045392575271 0.960180526874801 0.994455898502189 0.990990367655675  1.03756489975335  1.07999207720484  1.00196362848368  0.466126005362245 0.0317716622653938 -0.362787764927798  0.492363119392586 -0.119107108778697  0.657326131393897 -0.703398241150487 -0.516426787728478 54297
13572462659032.8 60 0.629172767793999 1.29381242908882 0.848008782392256 0.853701915749737  0.86594263133676 0.906802671129581  1.01525850374923  1.07596152754177  1.10876677034749  1.41952481150248 0.953120942104701  1.01271382559459 0.989719016718875 0.969111312147427 0.983864203437209  1.02795006661099  1.06043379457374 0.983807401197386  0.219558946331235  0.346974061224774 -0.293897148009056  0.291467785433132 -0.290165702932803  0.522626607128529 -0.842573340944868 -0.371436698501654 54784
11512888771288.6 80 0.662394872270397 1.3506111313227 0.771618546308016 0.799519632448179 0.836253853308913 0.859805742306151  1.00432966137935  1.07721125976531  1.21352923873439  1.40754830154124 0.945121998052566  1.00614546812875  0.94447351305663 0.975567737692775  1.01265057489712  1.08140997754513  1.04754624241242  0.95429066083461  0.623532099598268  0.348262372311324 -0.161269708768786  0.545335114621408  -0.63340819680679   1.08776248813695 -0.465347299592041 -0.405459154348292 54489
10154748412363.7 100 0.639060975683262 1.39419147835057 0.724308400692894 0.758851875818672 0.779564239053274 0.851207866553901 0.957956780073511   1.1363017226803  1.33619970691066  1.40788885187037 0.917721834516018 0.965519558074777 0.942221748451929 0.948009486619998 0.992000897973236  1.09326558408377  1.08564814851544 0.924160641682503   0.724357524852023    0.22574177031935 -0.0667472020504417   0.676352989007961  -0.295512264482635    1.29306827746957    -0.2694513935431  -0.316806551730145 53606
11183754251429.3 120 0.641605326162115 1.49535652664812 0.688653687816464 0.717243203056629 0.742118353682196 0.796268444867945 0.894552411031672  1.04664564574109  1.34757124819863  1.53989241108681 0.956110035017052 0.926064732473196  0.90754522793723 0.925885458277033 0.974456389337452  1.08396324053828  1.06967515794727 0.916509547511396   1.16091608693865  0.154138987771772 -0.249825472073847  0.841283882491461 -0.295371246773284   1.26266508510863 -0.136921665096726 -0.114416259559012 54430
7354107579184.79 140 0.739469656517515 1.56423178124101 0.640727186473112 0.670630489142285 0.743238200101011 0.749531207075707 0.865342410529012   1.0315009493722  1.29266554640069  1.56774477706534  1.07291295956731 0.933629034552757 0.918423453189832 0.891356172744881 0.967585913054213  1.06108454658477  1.03030779334454 0.924780981201237    1.75198110328597   0.624604364473719  -0.611893701880016   0.765358313533648  -0.148112152387368    1.28840303569857  -0.165367052990234 -0.0676295327759224 55131
4405016961342.19 160 0.852082630278243 1.68000403515797 0.605082197659753 0.610926609832834 0.710982645036966 0.743041066253337 0.977347690057749  1.04310333630485  1.24142404177312  1.70779219846831  1.11532050456113 0.906847341950324 0.901117039399295 0.894134940910029 0.955161332729854  1.13927050866267  1.06953934324568 0.939714561572239   2.06993899340078  0.591151005040006 -0.476482893683552   1.14721515156517 -0.553805481087982   2.06046457308947  0.234774532049304   0.33048762384394 54628
4941584263733.65 180 0.995276984547825 1.97239027488449 0.554834266933444 0.592371103934326 0.694334197927427 0.736570058324596 0.928442001516569  1.03934988648127  1.21066322325494  2.15848472980832  1.18417077453597 0.868206629517891 0.864154921634273  0.90662718202823 0.969848504057292  1.25692029373187  1.10657338338543  0.93473243818696   2.65420822740878  0.646148839705954 -0.453648652801855   1.46054396313556 -0.896115936393799   2.86368955494444  0.354571924579683  0.468958261490632 56094
4116847567849.36 200 1.11232438436267 2.34594166460393 0.510881104155371 0.594942668638379  0.65079848336509  0.69598073432986 0.851364501096652 0.993019002803075  1.23487270995246  2.81160467567344  1.27398566065279 0.834869487422595 0.838123891106464 0.921468102072833 0.950764307927344  1.32068495846237  1.06044549004068 0.972246157798442    3.4175168233203  0.703361626647071  -0.67508740940744   1.95287142584665 -0.912145785604684   3.12051397227224  0.155215502165387  0.899179167267988 54746
2157529161764.34 220 1.29369071347343 2.66184647752114 0.470266749508283 0.557993327105285 0.643882331244339 0.665424463305867 0.776022409257366 0.990014171039901  1.15392638160781  3.33204056892925  1.34038334288414  0.80804868221317 0.823550706473854 0.960691187144415 0.935931980163439  1.38261178645411  1.04530255329254  1.08236333762618   4.09444342542886   0.74937289298815 -0.419948240436113   2.45444949462197 -0.647494610872013   3.86777008124667  0.383005066132316   2.03111890713781 56347
2735407223904.32 240 1.39753082319953 3.03892831652684 0.432205699066477 0.515635014502396 0.624344467361541 0.708136411057741 0.840994615350537 0.907891910389714  1.08182072662268  3.99145650363881  1.35152740052249 0.772903839055814 0.794909085993369  1.00965184358611 0.904470896403994  1.40713842943043  1.01947785804724  1.06409181909043   4.42086475486762  0.926256134883907 -0.133041390883824   2.91918718993635 -0.603071152229282   4.53211812899205 -0.421650975282638   1.82300269468188 56499
3842636989518.66 260 1.36250175680727 3.20802483034245 0.401213449867846 0.498728100937355 0.602572762699382 0.666308106734691 0.815041133484443 0.852098558693099   1.0799970600552  4.12905745109548  1.33394200712729 0.751652577934207 0.786599858531628  1.00905389285289 0.872801916859439  1.38422394538545  1.05776160515505  1.09612537171034   4.11954617336937   1.13341722414409  0.184567276661241   3.23493081376706 -0.673411670158215   4.28245921111937  0.450403588755732   2.24827430200849 55398
2207955346724.63 280 1.2812439553492 3.33063790091493 0.376896233964102 0.486571535495201  0.58847289662046 0.650591003725869 0.766100400220088 0.826239795806824  1.10368365178047  4.18096601570375  1.34219545745541 0.727287779438912 0.764085446168085 0.999696408723706 0.907228415530447  1.40081415315488  1.01668913536629  1.07339169901889  4.90510007191381  1.33253283611135 0.305726917335768  2.86596841173614 -1.17695360541502  4.64710696774266 0.486380027170774  2.51603658425431 55874
2305638602473.63 300 1.1787044903431 3.40393728765364 0.365304691397607 0.461012792049402 0.572156655953827 0.642946435226704 0.721752919530729 0.841972757592273  1.04697121294124  4.23270840122373  1.32787664071787 0.692944402403554 0.733822807035833   0.9707246652564 0.874717373290652  1.41706690224234 0.999928771065146  1.06174331473746  5.37409849732033  1.15866818216307 0.371455621367934  3.17236599712363 -1.30061380056332  5.53117175122937 0.821512845920837  2.60173368734023 54982
1548502479076.68 320 1.13468430158105 3.56878397240663 0.335587779236087 0.444009402547629 0.535012528285974 0.609136444292557 0.653568813026575 0.774516838123167 0.998644838227813  4.27411946407063  1.32596165353525 0.658749471763529 0.715033842153403 0.949063443213605 0.892760853857749  1.38823933386172  1.00786391599897  1.03299216637436    5.45612676266063    1.10308951360618   0.305438434029359    2.63672419487316   -1.53297579519242    5.15824578148639 -0.0771147972509044     2.5724116021882 55484
1035921167913.58 340 1.14562801522965 3.60374462276093 0.319742098126613 0.418396167261902 0.541178001848723 0.558758590147782 0.634569566083802 0.764100656121639  1.02198505481455  4.15248273268399  1.37797367765075 0.627607246265756 0.711792771997849 0.943040916654458 0.948672430751345  1.46688336761841  1.00053858480143  1.11432916407781   5.90878315545024   1.24268209793027  0.574450684389847   2.68290208257101  -2.23538086950181   5.89782412887745 0.0127471305106747   2.99544300283503 56147
3296657383912.5 360 1.04234846085487 4.01285529857017 0.293758241598321 0.395325165165107 0.509104735693081 0.543056901912399  0.62093548790284 0.774525229287769  1.11611360080679  4.73039121090419  1.35141521382974  0.60956046802473 0.695833475414746 0.951891561146385   0.9424370917486  1.49957885619221 0.956261869241565  1.09006597456174  6.09966685029219  1.04708723274314  0.57102064439419  3.41128584528476 -2.27775599904675   6.1163229020063  0.10015502612545  3.17020919735573 55276
1491622948157.95 380 0.985115219807278 4.20688937839818 0.267824870874983 0.378541527181013 0.502438442860777  0.54476026029833 0.605487404635914 0.719121335114523  1.06965731443692  4.73994266794093  1.30808394798849 0.590367287703675 0.713658424501563 0.918099343059892 0.922476703659891  1.49418137158364 0.930962225464853  1.05111097643442  6.08869312129675  1.25969815039244  1.12839265438962  3.22876143785176 -2.44051963966244  6.41845450875932 0.441552693153318  3.18600329932129 56752
1333550410803.38 400 0.909305131832422 4.27842365524196 0.247386931939883 0.351279102830384   0.4885344311584 0.516371375709356  0.62184775814013 0.707036278808008  1.00604694093396  4.52839527045089  1.29607003952448 0.568006971976053 0.714509457316742 0.901061311821231 0.941502090149754  1.49758499685688 0.916010122165335  1.01780859646822  6.02887866558641  1.23312111899381  1.36464084650834   3.3071018089004 -2.29297878372032  6.46609801755845  0.65361249346961  3.26964707419852 56670
1279372207103.77 420 0.935775810378373 4.42513438660954 0.228690806538195 0.337388733801119  0.46105140750219 0.494538910608913  0.59729559437756 0.730853605220791  1.00106063850097  4.47818091479385  1.26184615989414 0.544688135075479 0.727623826350648 0.871504121642399 0.966695349861504  1.47957797037364 0.914758958239329  0.99866453778704   5.3948861349952  1.33012540262054  1.57275072804477    3.006746200771 -1.53090640045095  5.49451055844514 0.656703990132456  3.06015143202523 57403
1329858062620.82 440 0.800731053339325 4.53702407637797 0.209380017482399 0.333729579892537 0.434285516527675 0.471456427925054 0.626360703343392 0.746123022777693  1.00432589080721  4.31000128425981  1.25827017710621 0.519870226476761 0.722202116958707 0.853603888299762 0.955924044373288  1.43988553892914 0.919946370194347 0.989962934157216  5.73388043153886   1.2224067241636   1.5978698951564  3.24200590773031 -1.99580595468053  6.11116896188328 0.680345550534534   3.1380110634728 57062
980679475658.949 460 0.732875251550015 4.64021747001552  0.19435948365212 0.314146279428354 0.396668906048453 0.436556282395745 0.607910214728377 0.727506136558247  1.05509197335922  4.18487418952867  1.27471271019458 0.500104277524709 0.704163156252257 0.848193675209126 0.962288921560995  1.41239419535978 0.883411622638859 0.972849541011816  6.16759212871184  1.33966165045398  1.64525180699308  3.34572505507223 -1.54518457481916  6.34640213710023 0.605857313229137   3.3894994863201 56122
961619427762.959 480 0.777357237604075 4.80107536015443 0.180307876735977 0.290181340822264 0.368802428711017 0.419691988103803 0.603549373413324 0.680132020908259  1.03916458142466  4.15615508920409  1.25264412717485 0.477950680611865 0.680298760873942   0.8534165749223  1.00629951338275  1.39075367168944 0.936333058434952 0.955697659850376    6.57333318308433    1.25701143077796    1.51173643620866    3.74104423748422   -2.08663458195013     6.6039327789267 -0.0623319235336371    3.65991850900726 56697
1177620180366.87 500 0.775620609882982 4.94391942611167 0.164885054843253 0.270566974648688  0.36214206579669 0.395153589656421  0.55846693569372 0.806172458390386  1.13802898248646  4.03017645463976  1.25658009964369 0.460562291252019 0.676821607834224 0.843080573453129 0.975127990632884  1.34301748166389 0.930917259358084 0.946361225987219   5.85108897231793   1.23640473672716   1.77964797537442   3.51278908223147  -1.74766871874409    6.2286542834062 0.0482571429784332   3.81408477941232 56704
1251263595083.68 520 0.723960850436542 4.99462683419469 0.153211128381238 0.261039137346515 0.338921884554446 0.440063477824899 0.585437068863223 0.780478407554442  1.09555913166213  3.82205034491566  1.20283306449453  0.44051661945181 0.669093564197899  0.82538633473268 0.945967324704576  1.30527849642944 0.927397322844509 0.929580955686669   5.95138706341634   1.27745701733691    1.8198634242714   3.49375648832804  -1.68787640710453   6.32435041511236 0.0828354815486976   4.04038371723513 56870
1177686422540.71 540 0.72542740047453 4.96836284392733 0.144593392802707 0.255860285611275 0.324213042828763 0.421957123802604 0.569947787297725 0.782162909538014  1.02463490299502  3.56923430763728  1.18064370457136 0.424007277803486 0.659863586945455 0.830533479921536 0.917187403932224  1.31759808488487 0.951821059101319 0.971323243167447  6.03459779675379  1.32033991318176   2.0025533940058   3.7170149162922 -1.79225339967431  6.74350461008482 0.521671316444125   4.4124704732002 56724
850321485994.92 560 0.709908838680017 5.18433790521946 0.135607351600893  0.23957512452937 0.318083970793644 0.427714356146436 0.576682263570971 0.818516236050741 0.964690317298268  3.64476754192137  1.23656373919441 0.412321742598854 0.647213934071471  0.82773388203501 0.896333516376382  1.30862381980062 0.960804329462296 0.965590831206906   5.8916818845466  1.42996816509509  2.05909809153893   3.6937596245393 -1.98864017468246  6.82130273182814 0.558200347120937  4.42851097585287 56917
658854433606.481 580 0.638509663097591 5.34082760340495 0.131316179899939  0.22459598005199 0.295211729764806 0.402809956252956 0.634545656473186 0.842634828090544 0.897714285534554  3.74572042752084  1.27243049076285 0.395147899037475 0.631748488010186 0.811325436053932 0.882065079551771  1.30460731024985 0.938349825887499 0.971579305467134  5.50839422692575  1.40565735669176  2.08637701498522  3.43968167145404 -2.09248324742376  6.38292975026978  0.37226736275708  3.90188005336374 56960
782023232303.268 600 0.630309297072515 5.67523062109126 0.119189532664527 0.215663726194376 0.279889231792045  0.37435218559641 0.603089780820463 0.806141148368708 0.899871123122318  3.83888538374625  1.24204352485997 0.389153557927816 0.616155659254333 0.785324609847284 0.886936233386046   1.2740814961672 0.915836123375057 0.937160779332572  5.81123049357099  1.51994075080096   2.0864581393085  3.66518360337925 -1.92065663285057  6.13957771503734 0.358029632414971   3.9695640014505 56794
1106127449164.85 620 0.62207565296802 5.64222437312287 0.111990058281298 0.240013664296762 0.263910315639912 0.383829874069144 0.564717949161662 0.830410793089958 0.857418719590476  3.56516944659473  1.18872761263774 0.378899891463288 0.594192526951414 0.786522965339035 0.859743393132345  1.22970802705204 0.932866316433668 0.947794761308961   5.8739069534522  1.47706002135584  2.14333999984315  3.83931534656418 -2.03012203864823  6.47684224887009 0.482963712066449  3.71474017036916 56480
1066298879381.53 640 0.705053676340482 5.56023101670811 0.106157045088766 0.229328579270259 0.289610137885711 0.406231542363306 0.523472658828173 0.823641711882753 0.887805789132373  3.28196914216975  1.20363389096649 0.365927780379237 0.588232583237815 0.820574781984651 0.887149603478169  1.32100988677244  1.01401445226896 0.960457587361878   6.3823356450245  1.42499976030143  2.32628093610132  4.12522114028136 -2.27941941891231  7.25317661608847  1.01620713731333  3.87277691877727 57572
889535365473.651 660 0.72100701430225 6.06024955122204 0.103298911824975 0.224771691641632 0.283036052202767  0.39034463656037 0.492753480584737 0.845421223815393 0.951357499982431  3.79382035856921  1.21625303534741 0.355396138696263 0.574276364991722 0.807751621156306 0.895797734926116  1.34759461251505  1.01725946441733  0.96394588898207  5.62348948528011   1.4691410687696  2.31469161812804  3.82373013430118 -1.80150436720613  6.46591649144032  1.12902150014775  3.46639826691709 56527
893203239362.422 680 0.701833276300339 6.11169458882935 0.104992690066828 0.214055289611275 0.271888508800761 0.368312874741181 0.472778557992363 0.828455857826722 0.988051341734167  3.92177208189787  1.18049402933665 0.341208221890076 0.568807405934015 0.780706716193791 0.881600901630417  1.30788806754884  1.03444367213903 0.939076445336815 5.73151568599385 1.47828746887151 2.23222751782881 3.84048898786066 -2.0788900284357 6.33643077431717 1.34416920368624 3.42587628063801 56585
1007062348354.1 700 0.715056472208588 6.11041766942434 0.0977328885977001  0.211617611084414  0.253576614901115  0.381668256175215  0.469019440881243   0.80663464669284   1.01344140706694   3.64907280834797  1.22108447054666 0.328538135827109 0.574466920660266 0.762239716144708 0.870393004445793  1.30673891402902  1.02465534860946 0.924506674274498  5.03836939602554  1.52367276315863  2.28113184608612  3.87773359250429 -2.03765232402667  5.85572617087964  1.06319134931548  3.52846213118705 56774
1072514644216.09 720 0.686207751430536 6.30742439738957 0.0918010137022787  0.210516882241626  0.241611807749053  0.377103494806493  0.511659893522187  0.793689113659651   1.00123071798991   3.65217504087102  1.19592302456067 0.320218696765972 0.567250914761679 0.747880171309803 0.874075544908464   1.2874666816253  1.04951244478624 0.907581646676054  5.11381051676441  1.44454812683407  2.38697805521206  3.96600755252763 -1.86697666159565  6.46122805480619   1.4340883325269  3.74620280387184 56626
1116551718932.66 740 0.708270251850927 6.39615287407804 0.0852283169985254  0.207513038784597  0.222123158519023  0.364577820755751  0.585970888025714  0.732540092537145   1.07592005178965   3.48675620960549  1.25681246952457 0.311258088442902 0.577178444668375 0.804359968143929 0.854700922972669  1.33523810370571  1.09781141992398 0.889119929521428  5.96034842091805  1.37277126935942  2.11372185745325  4.46021555892412 -1.98921617731007  7.08810698992769  1.68332173476516  3.99217529833862 57050
897419762127.89 760 0.674046395338321 6.91431804885443 0.0818129951645237  0.209896678935595  0.236801383039946  0.359350331966612  0.561314427431445  0.729249751850238   1.07596332628117   3.91129882595201  1.24883997880173 0.303086688315037 0.569568240968984 0.775992981719297 0.846287347617365  1.30860853957139  1.13201254398779 0.886786462839807  5.93525203469422  1.37999557815667   2.2638698045038  4.34076799418462 -2.33091555960629  7.11567607772139  2.00541387703567  3.64165163551208 56550
912594173677.349 780 0.630467586854693 7.02524159567743 0.0773206959642538  0.212487823098939  0.230671756656858  0.344343521226164  0.536555690131885   0.76530942316704   1.09176109219411   3.81608713464418  1.21480845374218 0.297608459657013 0.557444736643673 0.765945031592249  0.82573172827344  1.28344801320212  1.16171037254167 0.888142919817881  5.51920835120188  1.27626916091555  2.33585246174574  4.00159095324847 -1.96554595105945  6.51580990488479  1.49332049902815  3.41172663146629 57121
1026646246773.01 800 0.643199833106332 7.02419645823309 0.0766348880360086  0.197092582244923  0.226276797936337  0.323637182815094  0.510844007173014  0.737917091313168   1.07567029499019   3.78111448123019  1.20727000887004  0.29129274386828 0.576565406622789 0.759615619748519 0.830600279340874  1.32400576923316  1.14148876436565 0.889409169211092  5.72990819095385  1.28543748708147  2.52299684805313  3.99890818971004 -1.95486587459766  6.59658902229101  1.37522413773221  3.19135120058389 56205
1113549945227.19 820 0.641169713366833 7.24216693871998 0.0739090656755333   0.18941313453971  0.226998136425001  0.357701182164176  0.532404701686781  0.720774068026603   1.01107372385409   3.87645525290912  1.18220325556794 0.284633941713376 0.556292394818949 0.730784927161968 0.809355556374688  1.31121681490038  1.11631855277152 0.903919945673481  5.81425403685737  1.26817353498586   2.4843558199087  4.10543923421631 -2.17830976458365  6.54825085877956  1.31727303407479  2.95549279212565 56289
795250072304.411 840 0.635480684486559 7.3347901622329 0.0695602517743372   0.19159016621484  0.219046883017822  0.342949799473614  0.499498898524041  0.742809914581827  0.951975083359954   3.74228219136515  1.21064507186466 0.285882215039105 0.562490499107795 0.727495793426044 0.789235094086695  1.30327788956314  1.06557732291099 0.928255998857262  6.02260685273207  1.32284329023424  2.19526942362364  3.98860208755125 -2.07462614554451  6.54952798878187  1.41193400266656  2.75671054161232 57063
1215244753574.34 860 0.679336042426173 7.27444990210002 0.0702532304417004  0.178559718516687  0.206930233413692  0.337154129566612  0.507173707366251  0.769989807596245  0.923880667615896   3.71763384910673  1.21587242918029 0.277701234301777 0.558120864376674 0.712169325298527 0.776616102167555  1.24952388057067  1.07607787427006 0.933406611070217  6.40965836048338  1.35245951625258   2.1145278658545  3.92631434796044 -1.90132570194177  6.54080803772947  1.31537240327378  2.56608650193451 55539
1244643311900.88 880 0.721948062692159 7.27219577465227 0.0659365341099078  0.174171524349329  0.202382685931666  0.316215824548945  0.552177423247671  0.805733548231947  0.964121749143011   3.48704248850523   1.2790030823489 0.285830522985272  0.57136249914663  0.71085079728451 0.807182547967254  1.36936432654976   1.0889684883055  0.91242023759106  5.63417359669345  1.39829702344309  1.92232070747396  3.68876730503642 -1.47526425933149  5.77212211852028  1.13364380208989  2.98278885887877 57026
901244199328.689 900 0.748189395794749 7.77775586145713 0.0663630574490878  0.164605205557747  0.199029177731807  0.325787699615401  0.556869743736658  0.766507964768103   1.00068176548908    4.0145327026693   1.2495957749496  0.28403434619659 0.553593240714912 0.690030580746616 0.806670681823265  1.33126514856569  1.14113949127706 0.915782508947622  5.41429701775256  1.29352433995351  2.06695430632399  3.80000879140613 -1.62963319806572  5.82092409041249  1.88118064255612  3.11852625767108 56740
466062219875.651 920 0.71328697056825 7.36953501201743 0.0690365318796907  0.152738487372336  0.187132243740404   0.31636814708996  0.576062031876867  0.843601852749558   1.09429767904009   3.74937724231839  1.21584108731919 0.281812756960643 0.538580365451659 0.669573905670041 0.791007150142702  1.29344069793875  1.14057050066541 0.889265860289056  5.49508929808134  1.21065984293778  2.00696900842679  3.80494283792709 -1.54841458987477  5.92999893780115  2.05088751129154  3.07582913549095 56355
921416149070.567 940 0.732410034801542 7.37479601588096 0.0655963986456067  0.154032159943435  0.175634305842618  0.290125170752804  0.545490159543271  0.788094194782409   1.09985784460314   3.56763175861519  1.19384155858213 0.278912946128908 0.546381031326319 0.676778394240601 0.820675374256955  1.28820038328294  1.15132631258913 0.947449016019618  5.36263406091994  1.29742673246144  2.27462703596911  3.79303431717825 -1.05668800928976  5.92774761410767  2.10963457909877  3.53903337918996 57346
631034406809.207 960 0.760926843423508 7.51890395974859 0.0627669402260528  0.146329731041584  0.160992137478119  0.286276581293763  0.540802068439774  0.796422361628286    1.2737407443677   3.54846097376366  1.13824225454484 0.270049394443889 0.566666177583237 0.678778508470645 0.825006921092638   1.2518337066997  1.15818452906467 0.978569437181122   5.49407916258286    1.2931989788061   2.41014981523227   4.01212986830002 -0.872997997491315   5.86490951402285   2.23095925567619   3.71281493954839 56727
843281642062.227 980 0.8535294899935 7.48781007987509 0.0599793112583836   0.14342513280579  0.184515280850155   0.27395112222978  0.520559366571207  0.814981512094446    1.3367967702113   3.36287802565821  1.11037046958732 0.264205881434735 0.565622134686036 0.663583709741862 0.844573055699876  1.25808758340854   1.1510399667579 0.964751304630555  5.39481427886907  1.24325380990542  2.24779480498111  4.07033461879636 -0.61218912832219  5.32385632722343  2.52264273440418  3.63320192744483 56551
1139892131306.99 1000 0.829859953779981 7.50731388427431 0.0572335511323079  0.139391684753247  0.196065419087198  0.282662475335826  0.536541825309924  0.802387269152337   1.37477363430339   3.22566930632497  1.14235056661446 0.263080036500958 0.543210882436561 0.682816749686618 0.852885889421588  1.33268932277171   1.1519648208277 0.976668169172124   6.1832732530749  1.36592856917807   2.3008137608818  4.28291596248816 -1.03770502460418  6.44228737081422  2.92798575267972  3.62386656009193 57007
925059349987.171 1020 0.86878906119117 7.69377948534526 0.0607640751314718  0.128742081288935  0.195835059275781  0.271715176275799  0.505661333652511  0.805156160021252   1.35511423098352   3.59688341497337  1.21692781338119 0.255975574751176  0.52771016519877 0.678231354624494 0.828190436524872  1.37936773554993  1.14100695544947 0.948643209111139    6.8549154616323   1.39651238752067   2.46222099964448   4.24838014525884 -0.942671917539928   7.00860265997472   2.78503850891136   3.79084477780442 56070
725422339596.206 1040 0.9302090321253 8.21020522023985 0.0576961822378483  0.122816935279015  0.191323860078435  0.269593107939643  0.523549668924692  0.758394962584696   1.26275976988364   3.88915365937599  1.25881585574185 0.248049544906508 0.507248651385472 0.657957127982691  0.80894661056523  1.44432242364184  1.26699236510294 0.959950587256134   7.3772955972751  1.32410806341751  2.40654518025224  4.37951090374813 -1.15944884380395  7.74877069613062  3.74174718069926  3.53062507173447 57415
730358573377.517 1060 1.01480438731342 9.11971926836116 0.053255674948706  0.11938041596389 0.183955494977048 0.253888249282914 0.493405444617592 0.811069684874416  1.25940029614287  4.42923611656574  1.25340708250349 0.238110389196011 0.524991121720407 0.647647466630795 0.797699070978176   1.5154950296229  1.28276659105787 0.939323639937102  7.33139592186756   1.3417914221482  2.73085319083175  4.39055726806873 -1.24086272882824  8.30544274660082  3.89516342521057  3.37148731608838 56198
753817731044.635 1080 1.16963150301554 9.76212393020593 0.0496359453550114   0.11814975607461  0.174453755199133  0.297007912005954  0.466095975179753  0.762192508379214   1.18586184431006   4.73025911465787  1.26607443655713 0.233870389567943 0.540467082894792 0.634986340062643 0.782542871525608  1.55410018927652  1.30669169079891 0.938614350121346    7.8062821866732    1.3711180371695    3.0440664513266   4.56338397358958 -0.894476130575968   8.96367149750697   4.60657547378187   3.33494476997805 57518
1193801506503.97 1100 1.24012410985269 10.0613957475461 0.049019154955091 0.115256305063959 0.160589301540083 0.314986592338917 0.465126660083508 0.777497749106574  1.12422558841594   4.9622916234165  1.25497864761329 0.228440443351193 0.531332850764906 0.620608786913448  0.76471695372853  1.55663293478499  1.30051233118227 0.984654369276698   7.99958005662537   1.31380554041078   3.14414095428552   4.72887264556873 -0.600914231660605    9.4824016108129   4.84223508038311    4.5706359881811 57181
843792601709.56 1120 1.12334175530887 10.1558951994274 0.0481294638264272  0.111390311506063  0.155469808513508  0.309462772046141  0.436241657543419   0.77030654337579   1.16822127817102   4.96417913530754  1.21185702080663 0.221874961723772 0.517968417211605 0.608797311314953 0.743074050458386  1.51625304153993  1.27077688662748 0.955176712062351  7.81585619160377  1.43796837658199  2.93136164417788  4.46741213807006 -0.59606830268085   8.7157341896941  4.89786828889575  4.32101769086912 56426
1011049197202.19 1140 1.05889092822755 10.0683018280648 0.0461114126838696  0.125919456159708  0.151729319948658  0.289683323795382  0.420201230140798   0.71544311585388   1.11173604353672   4.67434626018884  1.23100039635431 0.220113469157325 0.497288937662183 0.627984179923588  0.77767288899842  1.52519816410644  1.28682285775612 0.933536451113675   8.36035174001397     1.341904832613   2.84324088866544   4.60971611500022 -0.488732868518772   8.94212344577793   5.49237104047956   4.50173407198315 57297
947065340155.626 1160 1.06699543036106 10.4711854070083 0.0436873220840175  0.118185434639015  0.152898005629752  0.279553106956972  0.423557336619796  0.711773195054924   1.14409781477173   4.79012805200656  1.22371007931426 0.213690753828313 0.490677289941591 0.636546615572724 0.777624181689372   1.5449475290019  1.36210661025197 0.917816172027701   8.82604686128139    1.3307516141734   2.97522863897035   5.08919084317527 -0.959600044033046   9.86146382162136   6.26472617609434   4.04163771225286 55774
913173662968.104 1180 1.17591430743093 11.0068514031018 0.0413177576477013  0.112935119527045  0.158936384862812  0.269227719791812  0.414170322415492  0.753107197692579   1.12299609347329   5.00567847638264  1.27256298475103  0.20636785017571 0.474915965756704 0.613000477970903 0.775753360013982  1.53223714797428  1.36598694173475 0.914907294791972   9.77031361483943   1.29518681256486   3.04952279012771   4.89054086851225 -0.699151324378063   10.4311621179454   6.29788147103854   3.35025257400413 56797
711394649585.861 1200 1.25171558145247 11.2818712325509 0.0389527393261206  0.105072558860547  0.147731477204166  0.259613529804102   0.47044759518628  0.804047390400247     1.132044591741   4.95792875400408  1.32950498516177 0.197115110845202 0.464852560545415 0.601143303395682  0.80660359876155  1.61118458382217  1.41504261304424 0.895982787851911  10.6592054834206  1.34949298325724  3.24546634452906   5.2495315066537 -1.16296091032934  11.7271772469196  7.28432584384867  3.24681660193833 56584
660204639126.737 1220 1.23184333336921 12.3738486097101 0.0358651379301425  0.104818341151567  0.134341044980163  0.255425688286223  0.512178977434168  0.801824973135902   1.09971312509415   5.49138764028356  1.36308827748962 0.194945617234967 0.449749737440512 0.586920269692078 0.804094127374525  1.60008378598466  1.44404037369541 0.872952072777502   9.89971808675124   1.24729852036428    3.0997307046477   5.22236214206141 -0.438292576592995   11.1467525586596   7.92195345777673   3.66085204455984 56218
723342689794.395 1240 1.35620529366402 12.8243359568934 0.0337429749850034  0.102702730037781  0.126711079154776    0.2412793325951  0.527546771002837  0.763390745416313   1.15203255648832   5.54949089560996   1.3821022366639  0.19523847218131 0.437336340919622 0.595403332130375 0.881269120529948  1.62342231495824  1.45984249826292 0.871271087960158  9.29601834145137  1.39313076590391    2.924015536326   4.7135051208373 0.580144428913133  10.2924093669146  7.87603839466206  3.85642886611482 56486
846398740880.402 1260 1.28575412534585 12.8959210082634 0.0340661777803092  0.109116059262068  0.122919015541826  0.234238845382175  0.496401271492982  0.813864971105424   1.32050706474847    5.6653681552525  1.39185489169138 0.186394008790226 0.418030078489976 0.596052157536925 0.889642021980345  1.61545061487985  1.43217231018426 0.873172588314198  8.47649835746504   1.3803275671235  2.94583854882709  4.83029011166653 0.125269159294907  9.91164508559116  7.65248276322571  3.63273414087235 56118
985738803243.615 1280 1.1790232317548 13.3716486968492 0.031453315613028 0.102644875244012 0.113535934990004 0.219712335964274 0.502104335990714 0.794259678180762  1.32912718760193  5.62388393491093  1.43753898354493 0.186825180318779 0.420282004392834 0.609612572101653 0.860308805185638  1.68089520618765  1.44813072659165 0.849903449589855    8.9264153744989   1.31750132081774   2.90810492100022   5.33291295527614 -0.263890035101893   10.3762681195409   7.83944712335602   3.56998608921668 56713
834824862855.863 1300 1.19289045627465 13.9245690293003 0.0314633099783995  0.100802098612128  0.111461397322775  0.214939675467366  0.492837570081883  0.742638573782523   1.23996706030965   6.10053515232682  1.39958901389712 0.185017602329699 0.424915305126129 0.599544138376293 0.834811209888433  1.63603400548786  1.45585665571665 0.876436222444917   9.30655972722661   1.19777067045381   2.91025369827834   5.45127271264624 -0.411224390874828   10.3422571488807    8.2355794727823   2.87080173841157 57893
598348722839.85 1320 1.32842120743161 14.1753324306954 0.0291634739048682 0.0940755401236724   0.11607991498037  0.224457480517414  0.515000592268308  0.811682873691152    1.1436934225348   5.86010989064058  1.41260819070069  0.18142984929816 0.407558313441046 0.594453582175658 0.819918230061683  1.60392447991805  1.53546086033654 0.877289125043486   10.2293817557379   1.21968665577591   3.00346298581951   5.46674480642396 -0.441539326108855   10.7763050620268   9.62695317398039   2.58190222005368 56503
574155763581.712 1340 1.47722819872082 14.6471417753828 0.0273639791183383 0.0980389116557088  0.111127523296765  0.223054509935253  0.565583147549922   0.87595812930604   1.14821302522718   5.87063420859106  1.36977149733647 0.174688159412653 0.397646108553074 0.608108247210223 0.819829179358319   1.5882258592446  1.51760324787902 0.998802316434387 10.1254894999422 1.22486643011627 2.80633232162372 5.01418538783717 -0.3262597323954 9.63682810119585 8.58854527454051 1.56197643835663 57295
753527515163.43 1360 1.47405442017048 14.9644664929782 0.0249266793534587  0.093225985689903  0.103904691937683  0.218306978245718  0.595386650258931   1.08726206810891   1.22503951329119   5.58196235762928  1.37529073659486  0.17088499869915 0.381106013006475 0.598659602885025 0.797834098116486  1.58493824917815  1.46573457376584 0.995615603130918   8.66751203698468   1.09460236134338   2.74649323714994   4.75522883366486 -0.437230967389145   8.40286279106502   7.83657691416984    1.5046169486633 57374
580368050885.533 1380 1.30417515888219 15.0715280626485 0.0238771997659446 0.0868659564206448 0.0959521417803399  0.201136910963026  0.581250460924351   1.09360103854745   1.20604566496301   5.42372880461093   1.3559375376006 0.166551909487329 0.368038602218404 0.598576695414492 0.868447623932337  1.56864239875281  1.45924261585757 0.954906530059108  8.60606710569011  1.19103076960585  2.70384978971419  4.69426433657698 0.394596541236473  8.36747854235207  7.98716786695451  1.90500400558508 57452
683170323882.803 1400 1.26346606027739 15.4401418615064 0.0224108090936241 0.0843778539597476 0.0911072181569433  0.184759703571079  0.625293931596007   1.05642702107248   1.20906018990734    5.3426916338503  1.36374548459601 0.161195461828236 0.365360311817238    0.599933911296 0.858562311975355  1.63765990738697  1.48474282632118 0.924330296355476  7.53736284735265  1.24097798435834  2.50909920111097  4.32606104443319 0.606389958519581   6.7494168642789  6.53879349496294  1.85313658271988 57139
479923198567.467 1420 1.10211698354853 16.5782022555933 0.0210999401013974 0.0814999760226194 0.0956811507396648  0.174750814191396  0.583282410597687  0.986918594657884   1.11482885837582   5.79903980723763  1.32311746836387 0.159692995547944  0.35554310860122 0.587194752070127 0.829557236174324  1.59791754316729  1.44811075748142 0.899693387245688  8.09299131184257  1.27702636603824  2.71422500687083  4.36233070437951 0.697280693752034  7.36839790505561  7.37722540832639  1.63007769631796 56929
594283673017.468 1440 1.06221840533533 16.0111700786546 0.0215234792093617 0.0784940688742745 0.0887924546931769  0.164329316687693   0.54195267383504    0.9284556973033   1.05407444640709   5.51770676967729  1.28112431514784 0.167453488259852 0.352856357539703 0.574259255555965 0.829051309792153  1.55692243686033  1.40701698185873  0.85923662817018  7.71291303671623  1.15632058123136  2.70215153009635   4.7384691343051 0.183447232754375  7.02465158046026  7.07481887107442  1.52467713691729 57661
685989773293.66 1460 1.12556815354563 15.4337518014731 0.0217953439178218 0.0799307464343622 0.0887460274680729  0.168312883198353  0.532651632970293  0.880759338968042  0.989057367594407   5.19166606178524  1.30068483179584 0.163358440146166  0.34865140782445 0.605540541815619 0.842301403621352  1.60603976516926  1.48733595762191 0.834170823790178    7.5819165528007   1.20868151738554   2.91335672216938   5.08233912185672 -0.321055798810045   7.79767928828035   7.53725702239555   1.48049153544659 56619
800019710279.021 1480 1.10933727801269 16.6752615627773 0.0203460916489609 0.0757042309309005 0.0912491451466575  0.167697698506651   0.57570868463302  0.833230390444087  0.982089805704014   5.65752271252209   1.3338884283677 0.172183718243335 0.337790615288145 0.590001591103059 0.855792244400178  1.58066226644172   1.4575016157288 0.804302403840881  8.45974744552013  1.08287705161204  2.89146820538909  4.76681845248631 0.473448070864615  8.24657682325831  8.13032291487255  1.38680755327249 56782
657364507132.322 1500 1.09008236614506 15.3751526299152 0.0233678721992855  0.077195216955425 0.0886406972486634  0.165886413711599  0.617909149481952  0.780683090663718  0.995458803264598   5.52405558872147  1.29918726980305 0.170269963815008 0.330975899400608 0.580565506160712 0.840386404098219  1.51684680686838  1.40959582113324 0.783445558496444  8.90875140447277  1.18182466185559  2.69156991803106   4.4637377367142 0.822718187052037  8.31309033815648  8.30606388823104  1.24212060282497 57542
689948892243.701 1520 1.149527589484 14.8837702670216 0.0231417602900336 0.0764905342311334  0.086966565654957   0.15526772183033  0.597083769392694  0.731534255796711  0.974301157270436   5.12651587684129  1.28586410527595 0.168347429071269 0.341762823852492 0.582119261689059 0.833835909486169  1.48470055147191  1.37852135035755 0.782242316167503 9.03208750390588 1.22324819530365  2.6400578837991 4.28542801151313 1.03571201287817 8.44002450564094 8.37281437401531 0.73357261181803 56416
725998048757.729 1540 1.04730303203862 14.8502973582227  0.022530885039467 0.0764499441828961 0.0857897412398947  0.160164380894356   0.57341132726696   0.70060866268323  0.961573200983746   4.96876608050287  1.29549526721041 0.165055529231797 0.339213072094052 0.577248317006315 0.809660569027753  1.48334657504837  1.39606865210233 0.754980396363224  9.07547251418663  1.26036269938375  2.89233963693762    4.365087882034 0.574928749731651  8.73937393279894  8.25826322487388 0.843669684678572 57386
694042725352.992 1560 1.08462359745383 15.3711785329765 0.0214306112766835 0.0747494303973155 0.0850795111233732  0.161472960633593  0.549516839393083  0.651792600330861  0.921183275445176   5.06347759328223  1.26297799204523 0.161953490827927 0.331646048711102 0.576956680973393 0.811793183469698  1.41709666624448  1.39051959009545 0.742600086067184 8.92440676499463 1.26848835955741 3.02122759298236 4.05011770904082  0.5173626325211 8.43138812131406 7.52529912781149 1.13381354738161 57218
711154397293.6 1580 0.99621513153989 15.0381462960917 0.0209811754390488 0.0773974998963552 0.0842990174764161  0.154417817270017  0.546998585153967  0.676271589981734  0.911209893934101   4.74480562825114  1.23205687246714 0.159594507123518 0.330206080462413 0.556030110792183 0.810938243192097  1.38215964585325  1.35527722576658 0.729120073357557  8.90147311216246  1.21977560609637  3.10971228078062  4.27145508704206 0.223911685412789  8.57758430872971  7.68724694610317 0.782368557607434 57522
468638578657.366 1600 1.10710747035654 15.0480646691426 0.0197756340511795 0.0776240678010899 0.0813182128240046  0.160464178901253  0.515746815682278  0.664400251182886  0.900610857224436   4.47807862666344  1.21905344252353 0.159907007726078 0.326913831286939 0.537816000881204 0.875226067026411  1.33913920412124  1.39795235854235   0.7091968920563  9.50785509182262  1.33001959555647  3.18885284979023  4.38273976378595  1.20698432983811  8.91038376279871  9.01902789370322 0.798293357565213 56303
