nan 0 0.72 1 0 0 0 0 0 0 0 0 1 1 1 1 1 1 1 1 0 0 0 0 0 0 0 0 0
16131851497098.4 20 0.790115174590073 1 1 1 1 1 1 1 1 1  1.01685588791461  0.99043139624428  1.02457204338823  1.00388693339549 0.990808683898989  1.05958017681821 0.965978137897884 0.996821173559207  0.366913431207126 0.0817058344604819  0.571361321420561  0.307745200852231    0.4536917529019  0.773733562758283 -0.237791720254986   0.43070488002292 54578
6681728812739.53 40 0.838005609603405 1.27720289132094 0.897373543345222 0.901350704146342 0.917608937177824 0.928782337403308  0.93242356903402 0.986762024841611  1.07552608988054  1.46383810290746  1.03681663616644 0.978316497097452  1.00253325990981 0.989633412866932  1.02434386855546   1.0475597469529 0.963898669914457 0.985747056341351  0.48561946266206  0.41678008156879 0.638678095136772 0.478238318884497 0.952572519821538 0.611964075874828 0.190709547153355 0.647040906787751 55340
7440332421401.81 60 0.894903823291676 1.37906219043915 0.837173956332516  0.86812796217902 0.882095105090708 0.892801832734881 0.951619259438444 0.957704376405038  1.08232841602393  1.59214791583971  1.03623355707832 0.970514505867257  1.01880762399045  1.06742186257243  1.03935202966873  1.06520769737286   0.9718261563137 0.986833029673145  0.570404658342776  0.651150557796826   0.24974889040056    1.2284156258293   1.05555844449244  0.469308969838829 -0.213982299709701  0.117782935715631 54673
14317362413240 80 0.874515291072747 1.43036205397038 0.802363531051539 0.817265048897665 0.831792045461997 0.925556383447654 0.944337286601643   1.0195576486675  1.34378632416927  1.64158411668359  1.05590831075518 0.950924484974489 0.991270455055308  1.08849559296569  1.03885647677314  1.02331290238911 0.937839757463239 0.970926807457593   1.02968499715686  0.129304296538931  0.101534803845966   1.45985614103347   0.85063186318601  0.508906144354945 0.0577486551826601  0.415199463818029 55096
3256705903111.85 100 0.916655848169159 1.51526747915026 0.739519915104853  0.76829124173944 0.791236536525937 0.885796916875414 0.922596926012517 0.966927378647407  1.36294094184382  1.69796400271579  1.08327974158867 0.920083192984326 0.980101149805767  1.12079846627763  1.04710778192452 0.988847916173676 0.959173180627433 0.958033655539019   1.58482638623916  0.123975139035504 -0.133030628744513   1.84273420940723   1.09999842820774  0.406038785418563    0.4987484083157  0.669244682028977 54832
965474702776.455 120 0.884315472959563 1.63186822676144 0.698150630234616 0.722793780988865 0.738267685599753 0.839476248078467 0.882685522155488  1.03751589042863  1.37087149655421  1.85917087623781  1.10435394254956 0.921066008886643 0.960196582562138  1.08896696525186   1.0448256740481  1.00596574012215 0.922631351795307 0.946930519229884  1.86034809775364 0.635785920408013  0.37010662857287  1.65906623664449  1.24535756625457 0.487086930194516 0.414698163140393 0.625008197613722 56211
1426721637461.94 140 0.963850833069239 1.71696140699469 0.662959183605194  0.67909608926105 0.713974117676834 0.799239383501897 0.858726501301541   1.0144065753489  1.34456386332763  1.95437481671611  1.19162793402173 0.877100918100536 0.932683436246405  1.11263938934059  1.02795317461538 0.993165261069869 0.909367324489577 0.979357338312665     2.74809581790603    0.530248176826331 -0.00252695779408132     2.28182441709772     1.50714666893634    0.639932769779394    0.185032432011669     1.22300554798728 57199
1435104029871.22 160 1.18817744571638 1.91904552770868 0.629156290730632 0.637411443829303 0.685684674894408 0.751398178722293 0.820931997017953 0.976138262812441  1.30856544428583  2.31701635629547   1.2392452757664 0.869121400327779 0.919973985915195  1.12335268750403  1.08299190108292 0.984693226824228 0.887571602993707 0.966734108072984    3.92120692278442    1.22125748174728  0.0922801116624136    2.22439376811345    2.44665001409748     1.1989803350436 -0.0269675541321808    1.47951942282024 56418
2025904380019.06 180 1.29308315224627 2.08065280951655 0.581095652390967 0.639345044492475 0.702927216433113 0.769182021518857  0.79554380470894 0.941318570707591  1.31918178957025   2.5156305523953  1.24338541125457 0.832119301643805 0.909953117544289  1.08152570577249  1.04905446153494  0.96442221125238 0.865814721901952 0.966133942578129  4.33573592791961  1.22279911778333 0.215470302784655  1.69966994954947  2.62632009855924 0.829762910195925  0.43453087857784  1.43615725616023 56815
1163760822089.9 200 1.37024305311152 2.14372931767112 0.531730304417435 0.608659830649334 0.661771655681326 0.757864415304065 0.771052674185872 0.942697679534854  1.23243447444009  2.44360669973816  1.30190224605181 0.797644107939205 0.880419190708802  1.09902703657482  1.02291661809681 0.934396162356858  0.86232994796052 0.962306287040557   5.3620239045111 0.983685385245476 0.477360025240547  2.69688220488239  2.75612775072788  1.29311242648413 0.855223095189229  1.63053493985239 55694
1105204068696.07 220 1.43933706398216 2.34567730193192 0.487549601664763 0.562836657128056 0.660095390266851 0.717076704159523 0.728888044018359 0.927422495352896  1.13681959641978  2.68259639571863   1.3489102406097 0.758637784264845 0.853310151300455  1.09816627006519  1.03171407841189 0.927623246856277 0.887816731982076   1.0018920784539   6.20844409360256  0.981556680901603 0.0717882205819893    3.0470710044079   3.39655881489135   1.57559788689115   1.43272504276641   2.04386879103691 57228
2100851740245.63 240 1.40021721269722 2.54139691916053 0.466214256772874 0.542936703074091 0.656135100654444 0.692335415245676 0.730262238450789 0.885666176373411  1.06143549155374  3.01113722798976  1.35289869339222 0.732503928106412 0.826077738598191  1.15282096063168  1.02269883660343 0.949130256959483 0.882415931681549 0.985032428453112    5.31408530055885   0.744046242530727 -0.0939671971818171    3.84459479298292    2.91563473830961   0.980978856396331      1.263756888347    2.57638070951611 56411
1348582473728.36 260 1.45428085846167 2.64300531447012  0.43529987818553 0.526606305381946 0.619866285579301 0.691420313034484 0.731320872230925 0.948489475429781  1.08022493621308  3.04077732735354  1.32590650669594 0.698210828886108  0.82637279529398  1.14712545210118 0.992771289754173 0.960494055253992 0.864191721988567  0.97076481670577   4.3920275844547 0.914250056895228 0.719489628972076  4.22323937989177    3.310944615432  1.50468069929433  1.05320022325248  2.84635767887094 56284
1253776353132.94 280 1.39666466129443 2.67028206059226 0.395283471729943 0.554292318087026 0.602671705354092 0.680236807323644 0.760682748883397  0.95635824736816  1.07361350219527    2.818531750437  1.34420900204744 0.667454064374801 0.834033195013867  1.16751941338258 0.945634280798422 0.923231391404074 0.843936986644271  1.00628568039183 5.49409954954247 1.02841774125462 1.11750452094785 4.42788557940902 3.10175525168744  1.7738579396612 1.22400217809463 3.36462556160038 56120
876265798925.302 300 1.48395813044261 2.87032583922122 0.362578195754007 0.528171249841407  0.58897902441007 0.679579322786977 0.705903216971054 0.898920230769673  1.03119686748385  2.98719851531194  1.33067682920436 0.636042377841532 0.827904524695865  1.21329381118679 0.909413416995802 0.914682336358844 0.854612584259134   1.0096925954822 6.20359432655788 1.18997484467533 1.61429405617073 4.74429820556866 2.72768973447915 0.96759088988296 2.01786473235187 3.19888494846151 56535
682084796006.609 320 1.49159800170801 3.00010503949569 0.333178622968572 0.491657698766941 0.608465162081478 0.665006487933268 0.729638917168764 0.921661188990352 0.997851180682486  2.99881759188039  1.30905838786961 0.612761581633545 0.845189962738837  1.20367162531398 0.935446659639988 0.904238664642889 0.847157085565028  1.00031850078335 6.51215862072495 1.50742822863724 2.16233392213852 4.78199703951681 3.99600970539315 1.63737652433228 1.53490950581953 3.92063143139593 56364
628457682718.084 340 1.57162585215837 3.06767403220024 0.307428497318311 0.467386000798258 0.581503763689277  0.65436249824333 0.730232479700177 0.919426586617416  1.10986850815137  2.89309398525941   1.4550093333974 0.583203230197511  0.81787351063257  1.16474044923989 0.936878393194492 0.907720858544937  0.82731159658476  1.07081574059339 8.25011991177969 1.29658787719998 2.01565269943487 4.26895706314627 3.31780782452678 2.29884020191891 1.54313813143121 4.22195516654555 56885
1648353639957.96 360 1.59930363090688 3.38973439404935 0.281607368187102 0.445359858026947 0.578344733946168 0.633983893824416 0.674961084288295 0.980449690302559  1.18504510680864  3.23575293491066  1.47061722488924 0.560095149026797 0.801844656102489  1.13307296305774 0.948750573573019 0.888531852726787 0.810466515813376  1.07596581868449  8.82396632482335   1.1481540202795  1.54123709962302  4.51216604005435  4.19708239740826  2.60804599595274 0.986402858605985  5.09483166714393 56515
1387909298979.99 380 1.48436633329546 3.54868670382211 0.260793182172723 0.448002695614706  0.54055605609497 0.635454288572601 0.686590864186283 0.922474159648126  1.12931967690525  3.28421478743946  1.44151417800215 0.535023184127355 0.797119980269486  1.11307478848902 0.955327815262184 0.868422651702816 0.799296349909386  1.06315101745603  8.20709996103526  1.08136399813865 0.846282291233315   4.9637219107658  4.61520760758284  2.42339624212073  1.05341687779026  5.05767005401243 56549
1092266352903.88 400 1.23358317501579 3.58186000886077 0.240453129954687  0.43142409243555 0.498354780929139 0.597342768618936 0.662061727315654 0.940842631312696  1.21909682709403   3.0849466004894  1.39798365596987 0.515957377311445 0.790276473365331   1.0893686583799 0.931094465813915 0.838066897753534 0.814582517143372  1.04899766899917  7.97223290970096  1.40134291159195  1.26528891470909   4.7706488354558  4.25691178877241  2.04021352636466 0.951767737523046   4.3780570831271 56862
929804542512.482 420 1.19959566410337 3.60905595145976 0.221579023607655 0.458806003972881 0.472429932293035 0.563386014579073 0.659460239241656  0.91493422701088  1.18833976959151  2.88612990166035  1.34017278222607 0.496407593144451 0.771779689641764  1.04080368970184 0.944440095648813 0.872803223601526 0.782729453282391  1.04152346603825 8.26723376437704 1.47927078607222 1.38114584034327  4.7549950112658 4.46220817062376 1.21196536780455 1.32034406093648 4.93264127417225 56692
860522375120.08 440 1.27766984463122 3.61446803230282 0.204724269681764  0.42610660401091 0.455235035136589 0.605131021928748 0.679645897544243 0.914387762538082  1.11276281082555  2.67459548166811  1.35461777526684 0.473894715416843 0.768870510406462  1.00505165308731 0.914605405457658 0.918168304007759 0.756882235369869  1.02439940161144  8.11206100797439  1.37447946839492  1.85899335939354  4.52920857414201  4.45249232735774 0.390097233669836  1.39127232035929  4.95851555426986 57071
741808939963.042 460 1.28854091436841 3.69961526933609 0.190819444052468 0.402247136913823 0.437339992496258 0.582045257824623 0.758796526458637 0.899073731259086  1.08056009788086  2.61177495304659  1.34018179785438 0.452043385475891 0.741912463557394 0.991183391581576 0.922156724504442 0.952891734460979 0.756246904461887  1.01271964280273    8.48798800423933    1.36193178448822    1.82820842129939    4.74704970366632    4.43834938057084 -0.0310723864647115    1.39833267324965    4.46239420875108 57827
798123172261.071 480 1.28872119326886 3.7855652024791 0.174992571180796 0.393243320884849 0.416160840289588 0.545785153255674 0.790740243520535  1.00952462135553  1.05101675590815  2.50773172416602  1.29074522119791 0.437661770278132 0.722135357646407 0.985762247728812 0.936523680929778 0.992591571521677 0.773869891208444 0.971284409607006   7.93528398184627   1.17335201957937   1.82597297109052   4.65822118227152   4.65730345348817 -0.646483946173101   1.26528256208297   4.95189869605219 56779
700802284305.438 500 1.32501218538363 3.73996769463979 0.164917819413549 0.402468283714135 0.448307017786207 0.515220870657036 0.806026073791614 0.937628444195526   1.1740272315394  2.30676463958395  1.23421203080023 0.417841246479851 0.711037445820842 0.967850566812074 0.920394273711825  1.06070479888939 0.771287508941777 0.939552468855496   8.0850784054548  1.19112014184746  2.13744801640123  4.60616718560935  4.59137867040687 -1.52883699392131  1.72651277412538  4.94584245765799 57499
781211335601.51 520 1.35846997010782 3.75654178357762 0.150737711095353 0.374650542508641 0.438407477322376 0.485754460380765 0.797569936098272 0.944438119307714  1.27133370499634  2.12715121421084  1.21676785385194 0.405985065985799 0.695801367355583 0.943167771896976 0.899381800118562  1.08274493115827 0.794030731650019 0.938974629821273  8.99322159117412  1.18996083731311  1.93967633689669  4.63625125455775  5.05017706906476 -1.62986764986851   2.3956028137715  4.73424609551861 57562
548033180858.311 540 1.45621280542558 3.88887073766723 0.140142126783704 0.357571678489823 0.448285290976953  0.50102383497866 0.748333460359222 0.913102784350633  1.28456244917003  2.11941361420703  1.34557293590891 0.386982611713248 0.667290420012199 0.919353151082595 0.914969541880456  1.08456129920343 0.787463922315609 0.907303869198922  10.7870213756366   1.1730934916222  1.90852916512637  5.18806164922009  5.10692348502854 -1.41973725252573  2.64992187515503  5.01022436875071 56539
591056746278.36 560 1.57719219611553 4.31203407357416 0.128170581007507 0.340286132583635 0.411543216083396 0.498417748928499 0.712578502731107 0.953622781879283  1.27977467327083  2.38315736649102  1.46847606408503 0.371937073985675 0.652380877303806 0.890266262052091 0.958769071838141  1.05477022145061 0.772156458131944  0.92388981598937   11.809849851127  1.34600371535524  2.32011405245737  5.50384778854186  6.32796856183012 -1.03014421596944  2.77049007582225  5.46094991009969 57988
469559219405.529 580 1.79606125290512 4.8746229101297 0.117442839567538 0.336244895279877 0.396903309618598 0.536357668396491 0.667363366821626 0.947765252902115  1.20176226535329  2.79067070737214  1.63467040242445 0.356452099061196 0.656603064972475 0.895314460649055 0.957986747678635  1.03702492338494 0.745366138339164 0.908112193069408   13.5806128932763   1.34146511097495    2.8814676367808   5.83917771324865     6.681627460957 -0.264116200172782   2.71845460953755   5.69780571451107 57216
601695341175.192 600 1.95833403130777 5.54782294861271 0.109858953713782 0.331470643022174 0.378837598863912 0.503857823946583 0.642003497398021 0.904207950757273  1.15380608886903  3.38127617112883  1.67703560482718 0.340775803358957 0.640893337131466 0.898771113470895  0.96777673586372  1.02365268280921 0.732576921750828 0.925400166527536  13.9500869667071   1.3254876688314  2.67807761415247  6.49288655249819  4.98396686106542 0.560430707300637  3.21845435759423  6.43833555205606 57046
717129338034.237 620 2.11310476550796 5.8761311221688 0.100572560429899 0.309671055479347 0.371068339714771 0.543556727406966 0.728501149037734 0.857378728182026  1.14119124371067  3.47266158803347  1.65721649538822 0.325938828056734 0.623823129521348 0.925788294201139 0.956922877083395  1.04808453568303 0.722809088332681 0.911183746477086 11.9876515379288 1.17626296756359 2.17879111101379 7.31600414058159 4.57943548377614 1.81292599752061 3.09813265558958 6.72044338022961 57164
359534472984.701 640 2.10369873042663 6.05751819700471 0.0916755854219563  0.284151046242021  0.339788732508757  0.529712480090384  0.735788232058561   0.89557748242187   1.22513917866339   3.36390054206438  1.69382429095162 0.310614454388001  0.60673236480965  0.91507136644106 0.923896793283688  1.03578076563457  0.70874147253225 0.901297820875533 10.9297798190445 1.31161484110649 1.99310661104562 7.59684181047165 4.62529882371651 1.59972603573384 3.65669239786561  6.8492255936153 57058
473483696404.187 660 1.99722941085543 6.39081409829117 0.0835007443746406  0.268023117939605  0.335497220468507  0.504559197900349  0.684925141312629  0.890123971466282   1.23507220234444   3.41037955617444  1.72481790441585  0.29645954173693 0.591852760204677 0.906686052858142 0.957061821625223  1.00814917210913 0.714249236003501 0.878910307815271  11.2115019131514  1.27958927371166  2.40211658864187  7.43090514203312  3.37497865736403 0.539806771574838  3.59548061208589  6.24460590305309 57184
474037947122.578 680 1.93501465709939 6.76541034411977 0.0761799645687028  0.262430732221197  0.317312420274174  0.465874139037454  0.821168221797794  0.873042247047143   1.14739783088282    3.4868161796129  1.67932398433164 0.283168120012053 0.567044500151586 0.920896153819658 0.974706209265066  1.02389728273819 0.695992720424842 0.889451898396719   11.446687923899  1.34105346335149  2.52843179682685  7.37553269215899  3.90732749665843 -1.08840897337457  3.32989506996589  5.62217636036692 56565
642394521162.295 700 2.11499810320547 6.91014156193592 0.0706462923864771  0.253606516108762  0.293988189153285  0.460921522360555  0.813723376833744  0.901485227378083   1.17611523568953   3.37336444632864  1.67741427970961 0.272396841985495 0.557442953749209 0.913165711093907  1.06761082644339  1.00420566397837 0.725387167583558 0.898371431819258   12.130534793233   1.3655440896274   2.3892696404259  8.18287979160711  2.07678748560227 -1.15972059024902  4.27225146929006  5.10979159490395 57482
426762689846.603 720 1.91228880499394 7.05966083406435 0.0656487133257437  0.252779670750362  0.277440973596466  0.434229242538304  0.836433913718864   1.07317676983149   1.30244952697163   3.27185382187606  1.63199188999467 0.261239687337357 0.540000016009342 0.907281100518244  1.05708296248035 0.975778440208514 0.702553412850143 0.889697918863463  11.3654275166808  1.26000769102313   2.2802759879807   8.7309050308933  3.11738397138958 -1.09992349633493  3.85290587124671  5.89409072140536 57854
726369937471.511 740 1.75235059279363 7.19355654471444 0.0594086082924832  0.240748329287092  0.262254266457122  0.426555523252167  0.842601599762473  0.993699705455835   1.30161387429255   3.07423244777584  1.60328271038146 0.254786549487471 0.523820840622525 0.909058816459233  1.04380620045493  1.00132926173685 0.681174595080195 0.857335025985433  9.69048262791656   1.0932437325317  2.07197259296178  7.51125038134081  2.55140795269323 -1.82949171132826  3.41356102469831  5.35154015864414 56789
478605173840.875 760 1.58448599913407 7.4112350125812 0.0550397619419582  0.235651369818631  0.246952447850745  0.407341716256562  0.798223702700249  0.968992767840279    1.2920837007867   3.02313622314821  1.55657451268743 0.247196875260099 0.502492025540967 0.894708129052562  1.01250641158763 0.992030590465913 0.676940046626868 0.840467543319392  9.76769926725438 0.961601910232225  2.20866802570056  8.08067695408747  2.70466302745211 -2.27419485098766   3.7190786114113  5.63949930200404 57290
935045766081.03 780 1.62447524413435 7.46759744401097 0.0508467206606903  0.219214431156834  0.235496755711389  0.394089692654574  0.823875877091078  0.899122480045316     1.252844900575   2.83546796674329  1.52381294864902 0.237616139198885 0.489903990945075 0.910420947727832  1.06141713856909 0.973166573258701 0.703196156152439 0.808263789645786  11.1820513279424  0.99546368866799  2.49295566405303  9.12016508127844  3.54790071867957 -2.66023365943393  4.60052521116212  5.37381278169262 57473
615176957260.961 800 1.60415098006648 7.68095578917571 0.0474957449942773  0.204922399978705  0.225634198807377  0.431172379331584  0.803984322868853  0.916425889617588    1.2370289736672   2.80211035425458  1.49267802995441 0.227005550284136 0.487967601735741  0.90520896718496  1.02386681110171 0.965053772319688 0.689989916597898  0.80777682592159  11.3252213968175  1.05701019287917  2.41319739866147  9.31944174214856  3.61568753325485 -2.07433053717316  4.54916689221681  4.69470990140136 56734
446917713387.399 820 1.76324812528468 7.79555842864897 0.0436458430450287  0.195070963697547   0.22010509447814  0.492742700159071  0.776300796945037  0.893483053254869   1.17161814353244   2.65238979631882  1.53903523784262 0.226697933452334 0.484125913360143 0.897815711470008  1.00262252246196 0.959391422033662 0.734563583106574 0.823457420287387  12.9459869101669  1.32371641551833   2.8717597666545  9.91154000291235  2.94955715579755 -1.18126645810497  5.14516125667077  4.38111041785072 57220
571587010250.463 840 1.68309596717194 8.19954243515115 0.0414992118569196  0.183331065005651  0.222119472081627  0.521733900749688  0.731080129165325  0.897817043829798    1.2161455480596   2.79009560122593  1.53085961896876 0.222843349404248 0.476059382329457 0.891602820027542  1.01985841876814 0.921910929604951 0.726864322789424 0.796002774950691  11.9374588715207  1.33494860438916  3.02876983434742  9.69844765815009  2.12763020799156 -1.28939378972707  4.41528735414075  4.61031064498987 57176
363617947067.453 860 1.62487445700617 8.43314245594358 0.0384947048740268  0.172849085590859   0.22187443606182  0.501677484905022  0.707818384021858  0.844008451653443    1.2423767748007   2.73766225157076   1.4915339480114 0.220652043902881 0.490470776298388 0.899337932144352  1.03713213151447 0.911876426734492 0.713515749656734 0.780683294835931  11.8168869262835  1.12500849865071   2.1683887866577  9.10309416040737  2.17521844992007 -1.03582456949412  4.71353009487741  4.04109389300719 57790
553906454091.446 880 1.50700616861027 8.34188230785279 0.0372988266777722  0.160825444792085  0.231727954058815   0.49377639674186  0.697870828430501  0.807119192421096   1.32433183735566   2.59551346836553  1.41915847185144 0.213567806631382 0.476835496593414 0.869000234465849  1.00956002392334 0.885649475611773 0.700758128953098 0.748063087012715 11.7407646656257 1.21689822311577 2.10825054983572 8.90708449850265 2.21829631393226 -1.3724469114595 5.08241786905568 4.44316126003424 57251
549053168101.096 900 1.28091356394956 8.10067682227706 0.0359655319113086  0.159773576330559   0.23768717577104  0.457911455920979  0.653760569124291  0.761598572776994   1.22961245573316   2.36009291000225  1.39152522987089 0.204872046553589 0.459265806640703 0.870110389452989 0.982079195848432 0.866107805996038 0.674403608943268 0.743816932839526  11.0055752163041  1.23459074936192  2.34205535984016  9.17475035066864  1.77079418249084 -1.74977371796018  4.83043695736726  4.23150974542504 57667
442789863662.881 920 1.32395532568901 8.11759629490719 0.0338217128263558  0.146528719314398  0.233567637262382  0.425215524884267  0.696895860481849  0.714908396426745   1.18940620903612    2.2286942674376  1.33821682194529 0.202663178688191 0.446869965001057 0.871712267212805  1.02114335855367 0.877868531203315 0.662061196242964 0.720320239368181  10.8073054185626  1.36690380744691  2.29160764959118  9.30604570428292 0.896265019797482 -2.43233025244995   5.0816379518933  4.23486797331343 56739
285574328549.476 940 1.29240295321953 7.86679048520164 0.0338441954462233  0.135224444709253  0.224518076562402  0.413868448566715  0.649960361959164  0.727562392385413   1.28257177642318   2.09449516451977  1.36004079283312 0.198386700039889  0.43219687452971 0.862517090676926  1.02449313329601 0.931235267811299 0.647271146228152 0.705564575683309  10.3535530981317  1.25896035152947  2.43008475677552  8.91571622583906 0.407415651560971 -2.91209003874435  4.94396023943453  3.85662151889276 57303
412333979962.836 960 1.17314215829039 8.37279234305747 0.0319650853310536  0.131080655987912  0.214507115451146  0.395204100066817  0.653951355218388  0.704007667649213   1.28177953661577   2.24086920605053  1.38158839095821 0.192037048977902   0.4344778307644 0.825690306196339  1.00402725804976 0.956415078272389 0.638358138043096 0.698412408080119  10.9930986569844   1.3347193738714  2.53268442382913    9.218904803508 0.446779475965563 -1.62524879568993    5.003106262745  4.11687996055851 57252
363654337986.737 980 1.12200565888304 8.90185223433971 0.0289883933214239  0.122842618120213   0.21302154393386   0.37170340117107  0.633750611292425  0.752080810133097   1.21476786529151   2.29712647513918  1.39330929075066 0.187077362635432 0.440627788008173 0.834252572373192 0.995824494082521 0.971185654787614 0.631184649122802 0.684735086419028   10.6104100639424   1.33676759845453   2.38342435856007    9.5804167132455 0.0743305844619838  -2.59245614965983   4.92366153286844   4.09683462264185 56562
331264515847.302 1000 1.14112095219001 9.27495279447787 0.0273566701671157  0.123433218619314  0.212625796247455  0.358793308286326  0.620000859976725  0.729532510695606   1.24347006243044   2.35335069389752  1.38104046635097 0.183208622851303 0.430063698930771 0.830210831793368 0.973102994176373 0.953575015927007 0.613085720940332 0.680854559814756  9.96903335012949  1.21346897016734  2.26686719433096  10.0034718291846 0.368283530696358  -2.9111727942022  4.74325806650344  4.37013368256941 57791
456174423890.479 1020 1.09637224088307 9.41176017666987 0.0259288920161556  0.118762908723127  0.200110305843905   0.35100519648478  0.649835366338137  0.692201921363804    1.1760570323409   2.29681313755691  1.37346492957011 0.179820271002817 0.420844728365191 0.822144788256235 0.957342615908963  1.01992350634451  0.61496877029842 0.667384957411413 10.0198014349557 1.15318893404543 2.48178063991052 10.0087933322951 0.32875579328191 -3.3362329304216 5.06245344586795 4.05124205146121 56788
348286861463.153 1040 1.05002701655108 9.44841926010007 0.0251556181559027  0.116413527528925  0.191697439229868  0.358709310898206   0.64352392930583     0.791078645932   1.17982511829582   2.24570810437655  1.38571586611203 0.186181254278811 0.414832060623855 0.829179006566266 0.983750545083185  1.02618713495436 0.609676400738084 0.664142400295571  9.61274152726462  1.18814729301368  2.54914413439054  9.26613650898203 0.626911456664753  -3.4544658444326   4.6105676152953  3.74714577694518 56663
390092102038.028 1060 0.919058727017759 9.71973662731369 0.0249787514863053  0.114599754958401  0.184495838769029  0.333648743735511  0.643419379083917  0.829004308422194   1.15813963459785    2.3598245858225  1.38158744676036 0.182454982943486 0.406174738652803 0.829769928816432  0.95542683014534  1.01623424391735 0.594262475138762 0.668379584663015  9.57283664522757    1.222369593538  2.47206351010886  9.75475285234155 0.257856759237958 -3.62830436554771  4.83108550721738  4.15624298686588 57148
368928704419.708 1080 0.951083009708567 10.0300356604493 0.0233069587711841  0.109124147070026   0.17491126990536  0.340611328252955   0.64048304674875  0.771399481042314   1.13646743869375   2.34471770127427  1.39274398426112 0.178522977629745 0.392461836134699 0.815975246772677 0.974650168771869  1.04198637887436 0.620262717479972 0.690959429741575    9.13920419966537    1.28124232440818    2.61348568978133    9.92858482267602 -0.0220554424297739   -3.92724842152675    4.56089851964893    4.49676812504765 56571
392855354042.627 1100 0.881960881012869 10.5925327945126 0.0219930920218386  0.099207230002766  0.175591942467863  0.362038848249071  0.656829193143939  0.745786266791861   1.16016748540257   2.46766343481655  1.37001446439479 0.175980230069154 0.386002530834477 0.787334051260391  0.95071857012575  1.00696231306316 0.625236414869239 0.738788243727632 9.44252641632966 1.29001967291554 2.66287449568214 9.55573211534331 0.45174311196158 -3.5104133819443 4.41417316568418 3.90004138243878 56732
421311297944.274 1120 0.776913344001237 10.7148034626979   0.02085873693972 0.0921280411258924  0.188714055737711   0.37672942169902  0.673520627823689  0.692868894230073   1.09182001351828   2.39472928809663  1.35007991763399 0.173016118684677  0.38589608581893 0.769957228755205 0.926984176151353 0.971996367033593 0.608882945248606 0.725939952444603  10.0572898667979  1.31704761516644  2.75574682574636  9.53978638216371 0.581974675783446 -3.45288402691576  4.62795623815957  3.91616165560904 56636
373759729042.739 1140 0.707216841424409 10.8611042724594 0.0197679782008349 0.0920830139006783  0.176606975504143  0.370685367333094  0.629914574794506  0.665474561671873   1.00977007213133   2.33190159688101  1.32673274408029 0.167857237894805 0.389801103195381 0.770787355970073 0.927453960671995 0.956631454685219 0.605083247528515  0.77477949397445  9.37581377807148   1.3360888568051  2.63708556355528  9.73198164491597 0.255056122084936 -3.75419319434666  4.50307397268381  4.36221424611077 57110
327919477176.87 1160 0.73463747475348 10.9486173473043 0.0189054491864008 0.0872888216426778  0.171965716227257  0.352101188253289  0.594895196220955  0.702181665743058   1.08260122897745   2.26623819843537  1.31012022532643 0.168971236590291  0.39047840366768 0.754667681399152  0.91243178913796  1.00041026709042  0.58543053717952 0.762968517334967    8.93898935701036    1.35494883413224    2.66897154555578    9.59385657328388 -0.0148533491186414   -4.32674291025469    4.65071324320953    4.23870655058999 57472
280408897659.358 1180 0.749219117720366 11.1134825254422  0.018529079600404 0.0848955771104133  0.166028411246943   0.33825415680686  0.562832114740191  0.703217945481206   1.06289079350519    2.2885172428283  1.33575982997277 0.171277701177621 0.377060333398418 0.748313927153475 0.890848510886156 0.982758772309749  0.59387538998984 0.743247724582414   8.50492340683397   1.39639868333355   2.59279306513279   9.38405984990439 -0.063075864370267  -4.35471744893899   4.25329459694948   4.40824111047572 57660
293949595058.658 1200 0.665179223556565 11.1793020862555 0.0193404781791139 0.0823946616987601  0.156886365193407  0.325427017408305  0.524936266888291  0.666622178159416   0.98755168897037   2.41711097921868  1.30867487382955 0.168561966066304 0.364033085630433 0.774101710081494 0.859186572668252 0.965743372931103 0.597758398622578 0.735351533836062       8.597632061365     1.39754385193565     2.60353868802284      9.4120320096694 -0.00499051297195397     -4.4312899902478      4.3094951837624     4.35283808201169 57256
372789237174.237 1220 0.671224351659906 11.069358533028  0.018877720663762 0.0774482319150131  0.146336859068153  0.334875800839458  0.503890602484137  0.668261988475283  0.978923917927699   2.31310029586076   1.3449677741452 0.173183488915925 0.357585194412304 0.786845582946775 0.879759983307695 0.944198012060659 0.622282146430327 0.714280163819738     8.2670680398575    1.45309069603942    2.60331263808955    9.20211625311287 -0.0578504573550419   -4.28819055057989    4.30643502844638     4.4522319807964 57228
398369303567.228 1240 0.662125894666258 11.1183534828111 0.0192809679652748 0.0830987513947694  0.138956927600398  0.330400808391388  0.498005922073473  0.609514515369372   1.08611428409871   2.38347053649569   1.3153282987958 0.168773347845612 0.350480987090997  0.77152151143898 0.840148728682045 0.995936216303253  0.61273552198893 0.693269203374121   8.27870424145033   1.47619185842495   2.60611143638507   9.10114411002858 -0.087642618783322  -4.78442817580868   4.20050924234007   4.50622022394669 57208
409178969048.636 1260 0.617947364621361 11.2951266150335 0.0185179991760024 0.0779136057831176  0.134831382502592  0.330731339151818  0.509505614044094  0.578941087470794   1.01749594493026   2.36252420992729  1.29033535305174 0.167783382246296 0.339847060928547  0.76121038068111 0.813193481311505 0.975276750741811 0.593555450623476 0.693269464533025   8.74542898222265   1.51184962695362   2.66321008792671   9.23770117386171 -0.222314636656601  -4.63512024448147   4.32004472299371   4.56957870134402 57443
218932980428.888 1280 0.599309572765213 11.3034798936376 0.0177023172642615 0.0733517592589821  0.125376569849123  0.335726449929504  0.480030766775655  0.588908764105744  0.950534914853963   2.26180131513815  1.25718930357856 0.161396875752524 0.337996849885385  0.73511341639975 0.815566920393809 0.962559461694335 0.574415048759197 0.688998786835307   8.97060707942782   1.48193232646352    2.7862495963204   9.30982145666288 0.0469315621970096  -4.50670901601737   4.21694593603701    4.6892120797899 56958
333291447070.354 1300 0.558460600169062 11.4136753402235  0.016707064082353 0.0690782610895615  0.130573596505845  0.325300910826918  0.468071158669935  0.569648133293099   0.90170807528861   2.17646239772154  1.24185325308014 0.159335564476281 0.326155434196763 0.750572989002411 0.790312121382079 0.944714483038654 0.579786687725113 0.677855920150889  8.80020416654189  1.46334832295759  2.77225364727412  9.19634975021373 0.238285571512941 -4.41748086578668  4.07459913703738  4.46673189201451 56425
344844167487.77 1320 0.515831720829486 11.421678471033 0.0162848260906152 0.0629160134032702  0.131665167815653  0.310837599020898  0.445792744255422  0.547134887711636  0.910980481615242   2.12443273886936  1.20765428241195 0.160035884322471 0.314999093137946 0.754448402760197 0.784526182995439 0.931894571201874 0.558421029893776 0.662227326490087  8.96969975645963  1.39972915737505  2.71287625194784  9.35036018387274 0.370187770443852 -4.38205863730866  4.19009135610066  4.45634759886865 57307
291245419055.383 1340 0.486440914304441 11.365809711306 0.0158822430565607 0.0627643073502162   0.12679601571784   0.29447500467933  0.447930078307555  0.536625318219557  0.850578053737428   2.05169405235422  1.19445006844574 0.154954316408482 0.311980787132739  0.77349218222197 0.764596546305435 0.902915200538847 0.543041794957402 0.654370912166542  8.52423178135581  1.40374633378371  2.61358983926825  9.11294067826768 0.314517358413095 -4.27087210129087   4.0566177843356  4.47615025729952 57228
245519407118.867 1360 0.457153114873698 11.6572381999289  0.014371205244552 0.0578566117635222  0.121269110606187  0.277275318576925   0.42856883880377  0.564263543239459  0.852778403858024   1.95292036133621  1.20447476852127 0.149712162033627 0.305699694216159 0.794129823219526 0.748266044865734 0.876599499427291 0.547823200705344 0.646860083519009  8.49905098020472  1.43843829867869  2.66186547243687  8.88673163200305 0.114363203588252 -4.52221206059383  4.06304612707145  4.44420111009401 57792
470275313186.948 1380 0.44042895198888 12.2096435749732 0.0131972382993346 0.0538545096668288   0.12289229286153   0.28204514106649  0.396969674034379  0.595394820647049    0.8123974566494   1.96738352858712  1.18468198266183 0.146385017615065 0.317588786948194 0.777081517779093 0.737249071805383 0.853224567507845 0.561509154709913  0.66657183830503  8.62564654144409  1.43755407871193  2.76804839878692  8.91152254544843 0.244459132319325 -4.40859019450303  4.14227101189375  4.27732343355948 57748
295177709558.252 1400 0.44442900912455 12.2671241885564  0.012416108913548 0.0602561443192999  0.113391118052106  0.285361470739809  0.367489226634354  0.606395480328558  0.847042578656948   1.86840507157141  1.22941277078828 0.144217800001005 0.311534549128249 0.815449003471436 0.731171276809953 0.837016327708355 0.619874519648931 0.654762106771893  9.05408903682618  1.44888708331053  2.78865393100789  9.32377079694156 0.135461722179319  -4.4611991914033  4.41163490035598  4.30553925576147 57285
259181115571.045 1420 0.443572046568441 13.1222028086745 0.0120241630719312 0.0556750395328322  0.110730603839476  0.269644270583391   0.35182792466353  0.579642013045875  0.892419806800421   2.07046717129673  1.23051359789258 0.145644318106183 0.322478855772805 0.799913636309103 0.737577613406725 0.840037701501041 0.610219454849461 0.636442491637687   9.17579783878756   1.45279030977177   2.81413592241296    9.2452544660377 0.0140668272917395  -4.17648133203608   4.42814260222009   4.28951559523736 56856
417925074555.587 1440 0.422451552424875 13.2765852518023 0.0118507130782184 0.0546004709942726  0.113958422855947  0.257494195297295  0.383682664300552  0.566774552333235  0.829082178432999   2.08889812665711  1.19994697879083 0.143843784919013 0.329637445006335 0.798783574171145 0.714656176679139 0.822248276230438 0.595295266974134 0.618971746140036   9.06480370130956   1.45091531543091   2.86027430499583   9.22029482272448 0.0350527537757866  -4.28256074130139   4.44292653876173   4.35823898924989 56776
332603880336.528 1460 0.42153115158147 12.7707678172679 0.0121426089627864 0.0598904644399088   0.10492134670025  0.253093436237697  0.375914648993582  0.556252240816985  0.789024658273058   1.98036858149175   1.1573656350201 0.140162512303978  0.32583577471318 0.794193587114474 0.694735762852552 0.806107594081588  0.62717935526087  0.61618230798107    9.11329881005683    1.45158877720929    2.85579573285133    9.36623638361618 -0.0575351870907224   -4.29517188765739    4.61666138961505    4.34998824928697 57254
375545010430.352 1480 0.412467023340559 12.8150796166879 0.0114523032319732 0.0594401114697854   0.10734629299358  0.270372974132148   0.35986907265425  0.532247370418282  0.780057845633978   1.88076899210019  1.14714211674873 0.143400376344014 0.324727931436225 0.772235952405646 0.675384364755837 0.796021464865425  0.62353051956854 0.589659416111817   9.29638356530581   1.50309208375008   2.88259664168614   9.25972851739001 -0.122401520898903  -4.11196077004812   4.58234320903983    4.3330871646756 57107
259972930999.025 1500 0.421529992321709 12.9044301767746  0.011087763798334 0.0621609601586812  0.100765398045279  0.260404468646315  0.352772143952921  0.500351759060836  0.730653247721756   1.84638230673884  1.13351060096296 0.151220561572884 0.312903911532405 0.805986145510181 0.658491418887839 0.835748177514949 0.625155686994014 0.610784250318503   9.32948322351487   1.48982674477115   2.85323374088616   9.44171928725076 -0.186093989108173  -3.92858305727043   4.68298457522581   4.22685881246349 57530
410645259785.086 1520 0.4140963844018 12.7686377844856 0.0116905492617857 0.0577545037028206 0.0964198290810401  0.267306514418409  0.409711298329813  0.503684344247788  0.698627357998892   1.90600506669049  1.14646888548689 0.156689319765802 0.320294236766275 0.808148698206988 0.660931114619146  0.81123056997268 0.619598368490833 0.620175252865623   9.09501739131773   1.44803196194221   2.75292671531695   9.56401169676223 -0.159874676544981  -4.04525444200051   4.65575629288754   4.38266493284098 57642
313205793590.802 1540 0.417506450775733 12.9472206003024 0.0113182642719439 0.0531405045349496 0.0914883224230406  0.273740956498367  0.391826209368311  0.512025834511205  0.727252991852766   1.89728653981032  1.10032379373984 0.166812740399159 0.317778768275158 0.793532966030705 0.677766941383221 0.808407011148695 0.617435018454764 0.599926906259681    9.11512438033603    1.41376235082491    2.70192762324149    9.55272951068332 -0.0402210205508789   -3.85320015907542    4.58294992597241    4.29968595080871 57825
318594657304.963 1560 0.386972839105639 12.4442265237253  0.011469543283235 0.0518732256901481 0.0870831788992017  0.270782425145222  0.382408649335531  0.499757967185042  0.743710674422805   1.77615940858717  1.07812675841249  0.16217162735226  0.30826013355151 0.787507577137923 0.702092996169388 0.790095517313305 0.603890442345739 0.580450166582118   9.11262322179804   1.44355674680784   2.71029819455242    9.5932664047353 -0.221749091095527  -3.94039925133219   4.56921280201837   4.38115759265849 57596
286236531654.968 1580 0.361147298056096 12.7355867354984 0.0107438174080511 0.0497649177894656 0.0830525994604969  0.258751209874224  0.390697777861555  0.468386470041034  0.718648923917569   1.74259528554798  1.04448312293011 0.176875433469529 0.305473689078663 0.760939556314799 0.696017335730841 0.779903614391269 0.581749912728871 0.583823361519848   9.17056515120322   1.42385933582624   2.67549300203601   9.55767984533318 -0.211275007407468  -3.83475015809001   4.60098163240218   4.38777563019974 56683
358093210200.411 1600 0.357132293754544 11.8186114386061 0.0116625584788571 0.0483617340958315 0.0787173576953295  0.259413466079977  0.384728259652717  0.452068677260779  0.702572273336741   1.62902122732934  1.05853713514885 0.174431934365789 0.304447688884947 0.749422828776662 0.669854131668025 0.773566951564088 0.598641824294474 0.609530259070572   9.38177252272548   1.41465938489077   2.70733689994192   9.59618209315214 -0.161009805767208  -3.81410563973883   4.75239298347482    4.1767380645715 57530
