nan 0 0.72 1 0 0 0 0 0 0 0 0 1 1 1 1 1 1 1 1 0 0 0 0 0 0 0 0 0
14814042238828.3 20 0.756837698006514 1 1 1 1 1 1 1 1 1   1.0247730279299  1.07858830234812  1.02346114189754  1.00933255694685 0.997482097631281   1.0025015865779 0.995220293921858 0.978585952200278   0.455638732530103   0.790302907307112   0.442280435020193  -0.379712708784209   0.205932305674969  -0.206026261861195 -0.0757385293142062   0.112674312225032 55140
7589785961530.76 40 0.922447698755546 1.27472834292619 0.900904686010918 0.906153630244413  0.92774177905507 0.943048005118473 0.984437919225293   1.0263380641334   1.0752780189005  1.46390916699757   1.0151355258466  1.15117187138521  1.07612977180174 0.992535569836634 0.973176179449639 0.991522014637521 0.978486233337382 0.957809388612072   0.639329082838305    1.77935299256262    1.08383777102983  -0.563915364682673  0.0359360437239789  -0.174531770869454  -0.184597454621482 -0.0435578248044798 54820
3897305183988.74 60 1.08252415860064 1.45131904199646 0.827943803405274 0.865195721295624 0.887708761750314 0.914500979019589 0.981870997976617  1.00197656598924  1.08078368666684  1.74392035585312 0.980286703376295  1.17358875213826   1.0824678826772 0.982230118147584 0.940794176688392  1.00171357596649 0.980202506101598  1.00368171558365    0.701787655065571     2.17024600217663     1.62785644108263 -0.00795516442365439 -0.00959434865792565   -0.437818259748719    0.248281330759828   -0.473591026877526 55819
4937229507122.05 80 1.27894931601904 1.49336323066639 0.795111516359862 0.816859464414594 0.852202433223866  0.90019711725417 0.944370273691835  1.07563817437596  1.17389901432842  1.77320501866811 0.957950940762871  1.26352304846509  1.05012001379406 0.958530540045044 0.935411752350351  1.05471330252564 0.955720024088547  1.03745548394986    1.15313475011561    3.27852015801425    1.43866334665853 -0.0815095234406541  -0.134545808171628   -1.13240573473938   0.287858296263732  -0.738970403781798 54253
7346043960662.61 100 1.48544365245234 1.64948670108988 0.735087118232025 0.773742627578604 0.791369357215729 0.849487247719963  1.03248264442199  1.09558496065345  1.23503960625082  2.00002971898944 0.946007072941696  1.34658106928215  1.11165749977617  1.00247450731189 0.904469328399247  1.04401218018041 0.929662837838277  1.01032937712607   1.47746774994707   4.07716843204943   2.62151722165162  0.706335651983972  0.322529513929403 -0.903089535915938  0.148169464635275 -0.503636222615583 55446
2846087884299.03 120 1.67954143757762 1.87198748974222 0.688094213958619 0.720102981989024 0.756270974287986 0.823214820291219  1.02467865807497  1.08810506049936  1.23023129968264  2.41131412476128 0.911472418814772  1.37220335956565  1.23244995921037 0.984907517535293 0.882042973036956  1.03598311714648 0.892635073279758  1.00320937026584  1.45163421459234  4.58016295982182  3.97831369278195  1.19404433172939 0.304501935782507 -1.09853711424042 0.121883723430257 -1.14567207159741 55733
2279055842697.3 140 1.64659219243857 2.06452351859507 0.632726746332046 0.680792661257766 0.717109021317376 0.781650882718731  1.00962733035668  1.14133399603761  1.19710212154937  2.69684423068369 0.878469165875539   1.3760947310668  1.23128243555461 0.971099852977859 0.858847200156927  1.01298803920232 0.895331331539278 0.971675578407151   1.03027972838506   4.70315214926932   3.85907507792274   1.33591811336896 -0.194860184590706 -0.379893828825566 -0.260211288703503 -0.604482510775278 55487
1398264866032.5 160 1.63388327028369 2.18197764799087 0.582064401741689 0.658071092215439 0.683247126156484 0.745836145227911 0.969726769188898  1.06467919915861  1.15912229884578  2.77122401598111 0.844556459202344  1.39943420550118  1.25378015860779 0.943481372177229  0.84146552808734  1.00538001525218  0.89463517707687   1.0026783365705  1.40493195788392  6.00353097931106  4.80156188839438  1.68596258952344 0.399252828064788  -1.3278277272968 0.419440493777179  -1.3623044901378 56263
1865964140666.56 180 1.50051408745706 2.38363040743388 0.537757293961818 0.596651155484542 0.697065409839315 0.697863068325813 0.912751364207442  1.01427145831839  1.14667055352109  3.05537234713165 0.807189064480193  1.40192470723828  1.22518205451443 0.924707675336664 0.817802934825127 0.976844304662142 0.889442014199514  1.04498464756682   1.41039847429806   5.88934885444923   4.63010095123388   1.07481529783094  0.778193663840552  -1.22997897099544 0.0134440865796032 -0.273933316117755 55231
2193014813530.28 200 1.36206194822805 2.43324185719803 0.508807910535419 0.585478361104197  0.64009435094261 0.658205723531166 0.838867117869484   1.0010039021777  1.23428983830351  3.01248166368132  0.77048806401736  1.35974250588198  1.20307747892755 0.906595611590148 0.836006430408453 0.948992223647344 0.881938587223122  1.02647336502867   1.43787418082354   5.81144525696922   4.19421948635587   1.37757637540858   1.41406576720837  -1.08162217659239  0.581682680668816 -0.742747977979562 55765
965143794247.795 220 1.47164071637748 2.45755813099574 0.468922491305256  0.55271067824587 0.616207936914454  0.64515597630307 0.830242647163994 0.948076805550349  1.24940174810589  2.83210051173756 0.734039490745661  1.38521980984846   1.1738062486359 0.876033514228577 0.869853709957185 0.959051466371203 0.896982464100386   1.0130351663143    1.4683056688543   6.82154826829424   4.54358896417736    1.4836710634959   2.19056297414875 -0.390814206342237   1.35335555092007   -1.4003120618282 55382
1867838898682.53 240 1.51497052586874 2.59793392258188 0.425847229856607 0.519816743803072 0.595108201480024 0.630942530131547 0.857969221931707 0.933539747309125  1.27276907117555  2.87415395823955 0.699735610156794  1.36549216932649  1.14413511652026  0.84772212548691 0.936866992478449   0.9400317481255 0.869672278103917 0.984503110735252    1.40959506569888    6.83773178620303    4.58983170809561    1.15389738506457    2.87852844028161 -0.0570063549969432     1.3636643473999   -1.53231627865116 55997
1142321280156.59 260 1.47284805416458 2.63902550215586 0.397698759627405 0.504231456577664 0.558606327001144 0.597157497681636 0.807722566679074 0.975026012445729  1.25863447691566  2.76975535400935 0.665366799361392  1.35493716814786  1.11824302390773 0.833213731519989  0.93337941833024 0.958750702553397  0.89288166339815 0.950232667767328    1.47472515353787    6.30256207986615    3.80956036405513    1.52664755076983    2.92289563209705 -0.0222765266066493     2.0454915525203   -1.31473465968824 56253
1285481946882.9 280 1.41518752069245 2.67085943835559 0.372297245474038 0.489658225257845 0.558836638767274 0.578644743180227 0.747153138121078 0.999219632162055  1.31227177366958  2.65577872953462 0.635120972311033  1.29580095081073  1.07745132064905 0.793501134795083 0.929895159077224 0.987290926571743 0.901624997801448 0.925102364668064  1.27104764228061  6.49922404822884  3.60195971451914  1.48636794448878  3.18264905483304 0.551821292069692  2.42476805499046 -1.77866202280029 55810
1543547062403.3 300 1.33017904708773 2.64650503089927 0.344625181928932 0.450203448697204 0.512659608374191 0.590476415906373 0.689220165477426 0.995817916075979  1.38446087725453  2.41375094150718 0.603832702962516  1.24468062927708  1.06698841095683 0.766387462474748 0.933392874430001 0.970837464964178 0.903869435065137 0.915119389265533  1.40718744237244  6.70030769050927   4.5532436285152  1.76245981655999  3.70027219455328 0.117178832793358  2.63240040852355 -1.56756383696542 56970
1160095950119.94 320 1.20184691753268 2.69553636232687 0.311453824235099 0.420816161917586  0.47987924290611 0.587797053244739 0.642683130652379  0.98059737109333  1.42160471126635  2.26299741217315 0.576264440693997  1.22570779634995  1.05424238510591 0.759283912318875 0.921130460090984  1.00395327422219 0.897642034557094  0.94090700827169   1.29132503750454   6.73150947605149   4.63806396533593   1.99686694025117    3.3750453705318 -0.547353677152575   1.86407111459677    -1.498645404212 56301
1447856637834.77 340 1.18125988179015 2.76932441879349  0.28825850516963 0.420676791631158 0.480380727336142 0.564855787641417 0.660209412561828  1.01564051308966  1.42912841297805  2.21069994504106 0.547837440266144  1.21372521213143  1.06787882716914 0.786597349791917 0.930996151170594  0.99060564021713 0.902554412620392 0.943672789125963   1.35435151871344   7.59757236635213   5.29706183442265   2.43091879327217   4.15705979776731 -0.630773250620529   2.43611900827877  -1.90643767833053 57217
1189425381776.8 360 1.10243620642273 3.04968892377478 0.264152688697738 0.397189051084634 0.464441715334046 0.531307708641704 0.661525812362763 0.976753810521306  1.33338154841371  2.45677916528253 0.521810346427563  1.27855826921484   1.1491390572958 0.766968993683029 0.947779961333747 0.968735638798015 0.884683223300665 0.939349627948619   1.33003497565844   7.80868971226214   5.40924300796786   2.43341243609297   4.40797955726367 -0.668757961544988   2.64375665576221  -1.69035678977476 56616
1755525349280.95 380 1.09184022193601 3.41932264100748 0.243803398954863 0.366271232328432 0.459853752185899 0.516482090286355 0.625404420994007 0.940290919578314  1.31493859025105  2.85049261321148 0.497643781053211  1.28375649104991  1.15808051915737 0.777156791925318 0.955445997460925 0.977236587011689  0.86027613960194 0.912826318783505  1.45067310248067  8.58012161523422  5.96511440496556  2.69749566522424  4.68421469692186 -1.40828263179676  2.68618379540923 -1.96736591385616 56186
1101669575331.2 400 1.1852480007933 3.70409964166424 0.220492881174136 0.358055302218097 0.440686881712098 0.509519602328048 0.590875758210756 0.902249025899952  1.23487868492007  3.02524041844863 0.473208028192787   1.3336799031423  1.15714058896952 0.764551241206462 0.987720786936207  1.02612713349306 0.847398334172489 0.931507297315326  1.35531996172086   8.9599554494723  6.27258397467239   2.8470078383025  5.17831299023145 -2.03386588381137  2.56087003483333 -1.60375438110049 57018
1134308498084.17 420 1.42675521533241 4.03045032453923 0.204639755034871 0.352450679953023 0.416893284768066 0.513618780827267 0.580261980118199 0.902208526500328  1.24611028387711  3.32427660273054 0.452446516443212  1.39940025922917  1.24143958076169 0.757958097011404  1.04131064606093  1.09677541742356  0.88026733557786 0.990505105569714   1.37821811941636    9.6944862986576   7.42197865490878   3.13956232185956   5.04537405482963  -2.82512836347518   1.89136141822972 -0.747474388443935 56068
1195578408953.85 440 1.42945871050349 4.48918030161825 0.187121757239826 0.339053567242261 0.397178485743997 0.505315010863754 0.561275943766803 0.857807339104597  1.70314858451504  3.77101608091237  0.43179775075355  1.45805498555651  1.25541099376708 0.739354301738926  1.02886259094461  1.10653505490924 0.901385663604243  1.01047953979437  1.44886010260519   10.614257198519  7.02946334049581  2.73777028038964  5.33142913521622 -2.99575525466081  2.38000860142352 -1.31947110179963 56640
1321694596556.62 460 1.35894357883033 4.76169334996518 0.172566190223046 0.348782173029033 0.393160957205745 0.518102755883146 0.606252175949312 0.879427912548238  1.72060800131232  3.91271809276485 0.415278562441541  1.45936966699028  1.23286667815554 0.711494503442171  1.00693779702922   1.1080690374997 0.886516136238998  1.00541188889289   1.3849447758512  10.9626197118798   7.2940309092352  2.69079256274736  5.21177127600942 -2.57899617611838  1.81790552960884 -1.42060021686798 56458
1272569669375.29 480 1.32258089641673 4.91085935067014 0.159523579898911 0.322112922394575 0.387733584915279 0.490936707901795 0.573225099381451 0.905200975958874  1.68101583281529  3.84715672571422 0.396144424069494  1.47091803953219  1.21419458228386 0.697674922805748    1.015831438032  1.07736133671905 0.903003423713487  1.00057474221542   1.29222246198769   10.4464225638947   6.82050497055326   2.70524418276403   4.13697959598729  -2.78947021291564   1.13597511800443 -0.878087680010808 57063
926054858062.469 500 1.28670674251703 5.13128164274058 0.145330441094554 0.308619619664388 0.365441016987686 0.509461262382935  0.55533365152048 0.867358437666792  1.71263262528053  3.82655796905364 0.382422469353956  1.49855058021532  1.17284352426285 0.671756351134913   1.0317910488833  1.04113219212406 0.920964374782611  1.02478960026115   1.31464442149254   9.47603772122303   6.79140584684622   2.70122383854732   3.59933808185476  -2.87657869569993  0.645950080833771 0.0127666696722728 56951
1535987193938.85 520 1.28032760471887 5.27728244948116  0.13595639298664 0.293715810739708 0.346108110657135 0.500030230032921 0.619592096528233 0.801414972937243  1.78247369045931  3.78634612433956 0.365721163483959  1.49748115690041   1.1635219361319 0.663360838997086 0.994915349114655  1.01249839545732 0.917807362236022  1.04539735435536  1.32036618670827  8.33645405096582  6.10140225045816  2.47773883466742  4.03590144274925 -2.88974948840172  0.87279580791301 0.384281666743764 56977
700476606785.632 540 1.17289654253413 5.44008266895782  0.12522529181076  0.27835646100641 0.333559287714238  0.49982170006186 0.618869766617907 0.836860151877488  1.72159573054823  3.70597982900542 0.355724907595099  1.44861283146406  1.11846280759088 0.640590139670739 0.974867319089269 0.987978331367521 0.917705906779598    1.063815592818  1.14606572491483  8.62923724198946  6.56321010170901  2.43945208900937  3.93586589605034 -2.73055813741455 0.557966402513506 0.812976572726885 57606
707590204793.458 560 1.04954868409827 5.45520817441221  0.11709683201476 0.253702789229474 0.324768614345502 0.476387467388415 0.612759129408572 0.802194558182742  1.71506064267104  3.48471931107374 0.345272273966631   1.4397320452289  1.12315650567566 0.620697503918398 0.975564129390082 0.992915087232792 0.905781417517176  1.03829956474865  1.33653918042166  9.35004386706679  6.94647170624405  2.71051680258774  3.94886773186652 -2.53239491541181 0.863093687477554 0.726319389601881 56783
1176468908316.49 580 1.19406916374792 5.57388513346669 0.111239910635227 0.245380116724958 0.312723925115347 0.452047697567497  0.58769614203077 0.841606776892241  1.66818107844569  3.45602328891322 0.346096105474373  1.43831177585505  1.10327028319724 0.625099977624804  1.00475015396045  1.04005761532493 0.916219242792975  1.05359260078844  1.14332269198089  9.65239337836911  6.82521018368882  2.39699365017223  3.31641312710873 -1.52538577430136 0.591573048186259  1.26381901905969 57809
735258440693.501 600 1.31420700524308 5.66214337411646 0.106742520877075  0.23357899811521 0.304343013153045 0.470081348370141 0.670759121136899 0.961499660653927  1.66808061523287  3.42215108544052  0.33394182135777  1.40180879621493  1.07895159525502 0.605465452774006  1.00249141528818  1.11975499988982 0.889963669567143  1.01502425246103   1.13710542057713   9.42372111912324   6.84805243699561   2.33737628752112   2.78433839079111 -0.592208468309386   0.29510984256325   1.19987433748312 56444
1086512779099.11 620 1.37915902564799 5.78431341660267 0.0983758947931515   0.22477811585105  0.291233654244387  0.437306277579072  0.642881015383808   1.12133951787865   1.58105698798622   3.29148840062537  0.32173098754058  1.38057321988415  1.09121208761639 0.593536213149468  1.01394137243973  1.14775907439775 0.876090603335781  1.00656258988828   1.20824167430061   9.10863063369246   5.83232202608373   2.39888178356714    2.4718493197937 -0.158756347093594  0.503492334868131   1.14064956350274 57341
1068395100209.95 640 1.42653468055768 5.91450236927005 0.0923396552531852  0.219641734461879  0.276472113145462  0.417141950324449  0.703923972789811   1.19304321614926   1.54592593367398   3.23016471671022 0.310602971884001  1.36597438828686  1.10729938471509 0.576448853589839  1.04629148838515  1.11299060622588 0.933335134880757  1.03042622637874   1.33339495055606   8.19268232074518   5.12327119126471   2.36133261229228   2.20537509304186 -0.730171003628261 -0.244259382933341    1.7926143394097 57346
1497668806846.5 660 1.49072972537846 6.2692064394639 0.0872693091799648   0.23235838967919  0.259219848429563  0.442064045077248  0.706683495379999   1.13515431094081   1.49444145415235   3.42994124118145  0.29888657798857  1.35894914615103  1.09601311445709 0.585992556821995  1.01402804025963  1.09350687135687 0.933737646652896  1.00811879557556   1.25068581812881   8.35876190892706   5.14702771055265    2.8082528872106   2.65785957194238  -1.24774890264035 -0.638469412218457   1.20094144957855 56808
1051887373735.01 680 1.39028802707521 6.48803139265541 0.0802102718380748  0.234403200373372  0.272311682709977   0.47461529989449  0.656044594817724   1.08377407717222   1.41511310128796   3.37641540685231 0.287159674644368  1.33780186684685  1.08422723037723 0.574297446446793  1.00474350070543  1.09815646775837 0.912803116434515 0.993389014963671   1.35354771479433   9.23547135846474   6.33302891041649   2.69228710282254   3.18779326971641  -1.92841238118932 -0.426567656774946  0.482479236799926 56940
1059539346366.53 700 1.26810315994716 6.70711450922669 0.0736839752313878   0.23153606904741  0.263245407546703  0.465692800226864  0.649334723444539   1.05449106485455   1.36034311467563    3.3147019970529 0.275938354861847  1.31233048403734   1.0546767225152 0.566258000105176  0.96011281538003  1.05186591546186 0.891022121180781 0.968344773384797   1.39009557797225   9.61988051764625   6.48728428710076   2.95108509972381   3.21006640238023   -1.9330331867195 -0.615028099624859  0.258239830224902 56889
768782304956.216 720 1.18319214576986 6.76871253496359 0.0678292366163727  0.224930343883029  0.262075824705298  0.467079757725257  0.626202277522889  0.965379809446432    1.2700693664271   3.10762831333221 0.267395854754617  1.28862500780968  1.05851878596818 0.548864925453955 0.922145713033071  1.03486131662925 0.867498445036791 0.942419560755811   1.36838773743701   10.1587246162603   6.24352079329279   2.81070238576245   3.23246776611128  -1.46155550433216 -0.775602964470312  0.551890189456524 57488
823734014074.537 740 1.04583584475264 6.71259738292697 0.0648032714932152  0.218447923901213  0.261051913937959  0.466379215665869  0.624859540708044  0.943426131200959   1.21683227197186    2.9199682530118 0.257832165820631  1.29125580691382  1.06259010500355 0.535529283242452 0.922867721300118  1.00015346522834  0.83333102699527 0.916725623926896   1.32330401248931   10.4430353682395   6.15371074974894   2.98092009775029    3.2687529934843  -1.74700548598783 -0.718973138422286  0.422236491684778 57011
1097188721115.96 760 0.981722726379128 6.88107427017999 0.0599855888082175  0.201920652668974  0.280351205150648  0.440403234355732  0.628820450198005  0.881229658113784   1.20354716638435   2.84026862854542  0.25286318246074  1.26954472296308  1.03957222075134 0.520465299812313 0.922756260870949  1.01674640724977  0.82441411553164 0.904324528244733   1.43084387434431   10.0437290954928    5.7265992641631   3.06641169006644   2.74998622410709  -1.31871628567599 -0.863650426225361  0.375381331483432 57616
678059108154.014 780 0.905650348029429 6.9378433449396 0.0576108252616598  0.205660657136479  0.263786336673617  0.425213528275315   0.60096399923682  0.928965542047524   1.15477062674615   2.77302046764136 0.243771334353243  1.29304953269101  1.02479577246523 0.517196707684177 0.959396400227936   1.0359548031038 0.811633769266665 0.881588468608829   1.35155007587411   9.68037659233668   5.71248907366677   2.92868414841809   2.26185023820596 -0.832932645642598  -1.06971980057883  0.740533004428742 57219
574564737435.187 800 0.810780725047599 7.50148340647988 0.0532007164397024  0.203429432980581  0.256035044391061  0.402140373630953  0.555155358489893  0.891899523913779   1.12310713642937   2.99372419111367 0.233688890182834   1.2508339318672 0.981865224151655 0.498314445213078 0.937544201963616  1.01741689871455 0.788555678160337 0.858584015957843   1.34694991119337    9.9660537134582   5.79850175490898   3.04337263074805   2.23190404387428  -1.06072897398174 -0.820724925932607  0.686655271702544 57467
836065272701.872 820 0.770603314622641 7.5292464878359 0.0490032088030367  0.192138266269678  0.243853520560008  0.382980149138707  0.520816576545089  0.844010454140397   1.09391331153384   2.77796998666364 0.230244884512544  1.26161764368589 0.986538419636323 0.482945572555099 0.913166761057069  1.01025209981454 0.777025852819449 0.820585515152628   1.37784201508883   9.22005090980627   5.45245000306505   2.92039039753127    2.0823010969696  -0.62385962843967 -0.703011821761864  0.581934641255618 57165
556995282070.115 840 0.679932256837497 7.67587980696649 0.0466766382699906   0.18080597568504  0.233057510351187  0.376270358424221  0.556275397007253  0.788926870139548   1.05063916155572   2.75014695604712 0.222070613785965  1.24244375619698  0.96961616476681 0.482430172177189 0.884542715366126  1.01885276789636 0.752140783702009 0.814913532777371   1.34097357109497   9.32365163794916   5.58595152825515   2.76192416964976   2.08912179982372 -0.560276155998895 -0.764887876062584  0.900282132368721 57081
826711634908.866 860 0.615571639907897 7.75686869626991 0.0433114369200693  0.181425349411657  0.232297522612497  0.356398430369634  0.605008215280993  0.762667278922664   1.02903822514325   2.60600636653231 0.220590570155431  1.21936045083359 0.938277095333865 0.473997595199203  0.87712603906117 0.979613161091804 0.755614199581402 0.832286438957292   1.29562367712692   9.31191362544702   5.71213130522591   2.71788922239603   1.99918719547559 -0.490008120944975 -0.926795677966773   1.17051106134471 57737
671527550146.186 880 0.560157713022226 7.71893949651527 0.0423872308097236  0.167175812472883  0.244035681146437   0.34457651177348  0.595104523410887  0.717992307980868  0.996394109374372   2.52551712847741 0.213982775710484  1.23662786007286 0.933675625325763  0.46139491923937 0.909702205423875 0.947122141555783 0.743599615907956 0.810465336166782   1.26634858329053   8.97106859094848     5.430063582598   2.71591717889573   1.63948889604004 -0.358434757023223  -1.04762794359911   1.17848768788076 56871
731316717936.697 900 0.542507172854095 8.1932171054012 0.0389409145100369  0.154113763545356  0.249947377076308  0.335228334716017  0.596363305004897   0.66152987806676  0.943884751513331   2.61405711648848 0.209623976268097  1.26269481330926 0.906307697844285 0.469254448049429  0.89124281921657 0.966571076475008 0.719556833362426 0.827101783407166   1.30175125604051   9.53879897010481    5.6327055257885   2.97387102880851   1.92156732941879 -0.734437523319805  -1.00339674957391  0.793794803558306 57728
609413926888.083 920 0.576746409681097 8.5488817875473 0.0375236170301195  0.146258327764441  0.252935509431163  0.319992339683923  0.583976047613389  0.642806452128708  0.884521539218771   2.74235275553706 0.205287949216758  1.23425979750053 0.961501342375708 0.479898841188283 0.876170411788144 0.938195196622688 0.724747813518027 0.807097832869185   1.30444921070846   9.17198211870416    5.9571706953386   3.07165799367565   2.11670033059665 -0.448508397112947 -0.723699273983279  0.751122867879983 57443
723870947979.097 940 0.509103494865151 8.43464681222666 0.0358633529254382  0.138174970972387  0.243533429079519  0.318827852081885  0.583952653910363  0.759989560014843  0.913101335276784   2.55143608720278 0.201095108534673  1.21989096424188 0.929019907817281 0.465060830167775 0.840396208289294 0.921897547669969 0.706792804568157 0.772520462670378   1.28913114421994   9.35455667929448   5.97132213921195    3.0357228623665    2.0827915697804 -0.623363622609273 -0.705860391353744  0.752461607294203 57754
634680942550.797 960 0.453982212461494 8.30739910599795 0.034804282609652 0.130245424042128  0.23239748180417 0.314203696485823 0.562228167762772 0.730392652528166 0.854222100134641  2.40194377596608  0.20416857337609  1.17251024673089 0.948900798554411 0.463667653362912 0.832581309118181 0.886419513995028 0.688353970867103 0.759894684430879   1.30567353663929   9.32783252807145   5.93943659691295   3.05848860491903    1.8761468392397 -0.499484014609576   -0.7064738531051  0.800493740863559 57654
406936215419.614 980 0.494321494333043 8.12481786632658 0.0341066823206672   0.12087163862684  0.230701683403779  0.315355482171691  0.527093295279848  0.748918104598949  0.833547922025341   2.25147300660745 0.202258891139399  1.21984937926172 0.914713324616228 0.463597763262878 0.807552991118793 0.870444495987186  0.68620542221466 0.792942787409526   1.33512060796429    8.9123831197292   5.74581035536682    3.1552769711082   1.94197920715241 -0.470047083474122 -0.525620122394723  0.479325902277239 56980
613689711120.76 1000 0.471454133156063 8.16757769209181 0.0328205534871909  0.114928981354676  0.246561729049565  0.297479037164481  0.489849259051795  0.703736732619822   1.01520284542362    2.1894369809527 0.203669862388823  1.17615420795345 0.895422525374759 0.462594705600239 0.790566620965161 0.838139153474104 0.678199843764106 0.777328510620516   1.3618394387452  9.06944673096416  5.81821395562104   3.0842327795521  1.87988302853638 -0.47256546986168  -0.4424842975537 0.665651892323139 57455
727157764930.332 1020 0.442840296720945 7.72874430375039 0.033776044022497 0.118040356651999 0.241237340308953 0.312892284698943 0.468637628347131 0.676961157119579 0.963157209832495   2.0175609376241 0.207154440690864   1.1699314267681  0.94914943207989 0.449143971240173 0.782067717335024 0.831637198403172 0.663261077786858 0.751083087150364   1.39758213071747   8.96066356040116    5.7234270499233   3.05510152874141   1.82729334928829 -0.364538718559121 -0.477536609346267  0.756461707322469 57201
665585453689.053 1040 0.446111755703739 7.81495975121083 0.0348392353241502  0.113257273613387  0.221804087376612  0.315263317581602  0.438238565498893  0.695014510596018  0.875384492235062   2.12775738010664 0.199558594955014  1.15237419677995 0.927411420692087 0.441587888606054 0.758138349237145 0.812188113702669 0.642108573073354 0.759999157772428   1.38617050413212   9.26220016509768   5.88255053703897   2.99251135285877   1.91713131307391 -0.308150253533114 -0.547799945063485  0.989582209430318 57245
670185120701.789 1060 0.514151474822418 7.79709784364353 0.032842855007981 0.104841494595539 0.241685617149693 0.306928370210645 0.435462468210133 0.656683482020031 0.872090209939067  1.99667265973824 0.201732743810228  1.13722226344781 0.958473067781759   0.4682852575626 0.728187069101644 0.808481621830714 0.650970390263349  0.77304783320118   1.42294909199745   9.02499133252361   5.49072385883425   2.80817218770651   1.88959284828647 -0.401284875982323 -0.714892072758735   1.12049442802682 56999
581281780966.403 1080 0.551199832615188 7.63908089087308 0.0345486801243198   0.09993513297337  0.252143073052078  0.301244750329597  0.433336569765545  0.676177956817029  0.863702991980108   2.01610746733949 0.222345487560438  1.11221948334028 0.932774028747759 0.472451274136947 0.718864355160793 0.790468179435845 0.667986463385965  0.78216909183189   1.53354694807798   9.08266927063008   5.72938514474885   3.01599411889417   2.03230287222126 -0.451766437900066 -0.471168230767909   0.93171706414195 57499
730621506763.987 1100 0.523473007455538 7.17877532590325 0.0387186229612055  0.100425985598899  0.238060464126916  0.290617515254916  0.407027074568839  0.622670788149346  0.886470068423439   1.99535707832198 0.218525618353666  1.10544828636832   0.8989553411173 0.480005012590204 0.703027008401149 0.831459811085387 0.657076891593243 0.755657268457485   1.51622731487512   9.06689779349536   5.81908307260768   3.12186812801035   1.94415282614799 -0.188850173230184 -0.431220324346776  0.870788678857659 57587
600449160995.216 1120 0.540298649794337 7.40163764889176 0.0362356052006609  0.102113383150014  0.229831097834143   0.27654798798745  0.397471107976894  0.643426623245749  0.825869324872741   1.98514008770898 0.221228836228385  1.10828412761901 0.919586408637183 0.491798400899322 0.709676352610366 0.823004403350223 0.657612929952631 0.782047226617179   1.50434978722575   9.45942999353041   6.18238446665488   3.24065310441709   2.19750210909189  -0.29937997259522 -0.558695143764107  0.581372414200607 57176
689650485516.103 1140 0.526587490499031 7.58695350001348 0.0360248020435397  0.101081990130846  0.212390697583427  0.332084637673717  0.386510350249881  0.663145798726347  0.784877128217755   2.07365473465176 0.218997719361835  1.06988027255189 0.908404115303336 0.477218961150054 0.686277776262753 0.806773771540523 0.638580540170806  0.80430378672121   1.43722895096234   9.28320475778293   6.18826709525044   3.21794506056979   2.16161770872637 -0.169822657245822 -0.571541466397094  0.467713482118437 57525
622315541749.088 1160 0.591319871296068 7.46250880395983 0.0347983541886516  0.100345327535088   0.19791561415227  0.345010932218654  0.358775819634787  0.673649421079354    0.7737082391693   1.93788685654125 0.221255049969636  1.03564082123724 0.898007449304354 0.475172222891951 0.692678281046052 0.793671685151986 0.619441880991101 0.831048385156422   1.36987246190092   9.18737912054201   6.19836146518836   3.18388604633989   2.35960884181085 -0.172432621119022 -0.694976188736518   0.17240434380507 57156
625187824441.534 1180 0.745675486629036 7.40537669826752  0.033665781584753 0.0952280085273852  0.205432592943104  0.365967886859524  0.382746980437608  0.626302210063144  0.782217743076308   1.84621813191417 0.227358727033481  1.04960152041872  0.92052876630893 0.474875874075473 0.684969930671437 0.799028885662096 0.636897690595367 0.816913726362604  1.31251584784292  8.86423554024147  6.21127420782284  3.21610664458035  2.38790678395281 0.225021926272691 -1.04293780090129 0.212947570114726 57310
562982778247.798 1200 0.793531812608324 7.32381587389266 0.0350676411066935 0.0982300229680171  0.203250856625331  0.373483247545789  0.404034527136222  0.634515426723776   0.77730368038723    1.8809679159635 0.224037095379592  1.03820590635711  0.95840416598841 0.482499663695533 0.665947587076842 0.801798897066028 0.610005061606027 0.793802102566447  1.38010676473988  8.76872442074333  6.65747484666214  3.19781611042896   2.3424498594726  0.27872405695398 -1.07979949523455 0.223128723228826 56697
745173359059.516 1220 0.869367020566619 7.39567080906246 0.0345225197697427  0.104133960186507  0.193397482284075  0.346250153733788  0.394589630911802  0.644252320101062  0.762616239429283   1.88824190182855  0.22171651446232  1.04752048592844  1.01257439412269 0.479247453416841 0.645866822351771 0.784771982300116 0.603175943615383 0.775978553235133   1.26433908604065   8.89898523520541   7.14014756939118   3.36678867609739     2.341189236566  0.425031302179077 -0.753742430049878  0.293936109373662 57699
803084418059.412 1240 0.826431457365453 7.38404890329537 0.0357210547828937 0.0992167111246984  0.182720746024632   0.33944383531508  0.377070674175194  0.642557309583869  0.776025869215412   1.94766115669798 0.221837038250766  1.07371857176453   1.0117493942375 0.466074696118536 0.649189515162786 0.756091167313506 0.600778056214988 0.768523316398019   1.31376358392464   8.92605434836399   6.84736485050177   3.14378616324768   2.02430005486128  0.384435293578677 -0.553569039307328  0.709371965717161 56829
622630591042.938 1260 0.815138826638085 7.47968480124134 0.0347969758913793  0.095824143681662  0.171244093527041  0.337804493397586  0.381573537346769  0.659250757543793  0.760394298534724   1.94674064263457 0.219841315706272  1.04195692326722 0.994906886232313 0.449650208664929 0.669899587421989 0.767676618606956 0.597759292307273 0.742862711703457  1.25580683699162  8.98986775606944  6.58968272447947  3.15251278009211   1.6822621081043 0.272442500975575  -0.5401958655576 0.795536612384699 57385
522555404699.867 1280 0.733994783041933 7.52344676607792  0.032994397618834 0.0925761739598121  0.181842344052326  0.351155775257759  0.386076714453354  0.639306637760656  0.721774257721201   1.86755718359996 0.223722266873813  1.06970960916913  1.00090912669804 0.441917103872344 0.661670279001086 0.764291966775603 0.584441302506488 0.731621896543498   1.34525025987054   8.66819559180626    6.2912426783053   3.24052726759755   1.74919060347075  0.487035989217437 -0.555964976971322   0.59091149608092 56298
675551975105.253 1300 0.732866721407889 7.81493161166371 0.0325001055715668  0.092201408586947  0.173523841494871  0.333578393607279  0.362225448973372  0.587285461634499  0.724033430870578   1.98488402067565 0.213903144519401  1.06214408605036  1.01087312084097  0.43785016698772 0.668690930496699 0.778480473201464 0.579060032347521   0.7115194926957   1.34483530984298   8.45521831254297   6.11463709595198   3.21187485344552   1.56357407140321  0.873939060477792 -0.652653732898328  0.424697741105936 57050
695913127510.096 1320 0.77707064331085 7.81776383858544 0.0331879378372167 0.0966626090377352  0.167352844509332  0.349426297703713  0.350569699097126  0.572634223207333  0.684036640512502    2.0283615152648 0.211923158663917  1.05338096440727 0.988622285530472  0.42849074556849 0.671899840059626 0.775691909622763 0.567181361000774  0.69455409056376   1.27954667399339   8.90979613756127   5.97354071442127   3.18244801998195   1.47919265326804   1.01482139455592 -0.678073270072229  0.385185968707066 57340
758440171855.891 1340 0.758026965998326 7.78371941232123 0.0310843178603708 0.0892593664526944  0.172785613499871  0.345253892248326  0.441973922393824  0.563527605080392  0.645580490270632   1.88328343074481 0.207528033605936  1.19791460001935 0.990317885359071 0.429078346692223 0.714720132129311 0.775078461835055 0.579698480303283 0.696854496077954   1.31768648483978   8.26847326622327   5.69307776043605   2.99097528889505   1.16965723653467   1.10107599307902 -0.907298861546595  0.729706455703713 56493
560777611453.687 1360 0.655694107982665 8.79986787444325 0.0302555516923569  0.083538361951786  0.183565725279642  0.335890412257308  0.436910225849435  0.519375640355733  0.643677536961411   2.34291956702792 0.203382058655578  1.16064023502099 0.972124650328318 0.420817082123818 0.704283065264407 0.751964046267317 0.564523030142755 0.684434484956004   1.37308819341681   8.61573132073937   5.99432956377726   3.07797311888222   1.33830774800096  0.952847701586766 -0.873903307665322  0.658729331684785 57781
722035730293.184 1380 0.627322136267862 8.73868285186464 0.0293219058561705 0.0773862332989627  0.184128281360262  0.331658596263112  0.420190586413426  0.478685745346418  0.598638432996621   2.23915496643623  0.19759817622103  1.18931413793183 0.951015909492453 0.411259106996729 0.695436512150403 0.732656434782527 0.558571679180552 0.665673342266472     1.397545160522   8.09919440041168   5.77930421175669   3.00538998258428   1.09720696958497   1.15785288269577 -0.818524979327114  0.548381056813017 56470
717604456116.022 1400 0.601070950473663 8.83957559520591 0.0294529038015495 0.0779481405431175  0.167819005239358  0.321710247699147  0.392908736547126  0.439531292873969  0.571855012228375   2.30139384544023 0.198508658954913  1.17276304196009 0.938287328054758 0.406834321424309 0.695345698233485 0.714468316075901 0.542619021012821 0.654513298929851    1.3496677817697    8.1503117772068   5.83788960475706   2.90496591823897   1.30312099802434   1.25866557437174 -0.839478115896078  0.406342535402615 57364
752756076712.876 1420 0.532686839634653 8.76287075280973 0.0292265228961396 0.0811656975919041  0.170701295248115  0.298001787802489  0.367429261373986  0.429880059590048  0.556821736563731   2.24424342944716 0.195227251169559  1.19939663794981 0.922502212627468 0.412795585878517 0.694482820023075 0.733531240770345  0.53210376802425 0.662529933827436   1.35980209304336   8.07378225705143   5.77837850055546   2.84910409903024   1.17556388364641   1.31872198326295 -0.790996613312728  0.568918853812801 57278
599209288061.619 1440 0.465861785552842 9.12020374227967 0.0283947968022337 0.0796721505804502  0.168757226334092  0.281095020854475  0.344390044736837  0.402021733359463  0.574374620985919   2.36182571075071  0.19114190298931  1.19900514970294 0.912841469805653 0.408135194490436 0.678244057368471 0.757177567408457 0.513786018403068 0.643016106304347   1.37881574887288   8.01009367454716   5.61805173620201   2.95972759161206   1.14842563738639   1.35672363225274 -0.770107357080141   0.46802734070566 57067
596241114593.513 1460 0.494944199238359 9.33977231845055 0.0272658358120144 0.0806476860318523  0.156736249069474  0.263177757399835  0.315155909348392  0.409928733121617  0.553433363017834   2.37843558388572 0.188397540269019  1.21373798138362  1.00027102678581  0.40621198234325 0.695523615272026 0.773567468017736 0.529125032587844  0.63467479362225   1.40086510629253   7.67068440992357   5.23809564748022   2.98445574643422  0.992438532720541   1.50954754894368 -0.716987103427846  0.365016691152954 57424
427972879485.487 1480 0.477206344854778 10.0216487960905 0.0261568504131852 0.0794190495437325  0.152846843372954  0.279863108143368  0.314908959784324   0.40017125264984  0.558760292419891   2.62702258667866 0.187647437476576  1.21540729682472 0.983271591228277 0.393204100262314 0.681411492913292 0.750489182163881 0.507119550907662 0.624536413493921   1.39855527932972   7.55551511918082   5.24972070365999   2.99706098644271   1.12489831852759   1.43260234055964 -0.722558021818414  0.429391703888431 56707
585732937117.211 1500 0.449075769816898 9.82054037896765 0.0267027572908881 0.0748798894983682  0.147254073370735  0.262461171172045  0.298298753811918  0.379323631576449  0.544415896252916   2.57529437748463 0.182273937702087  1.18958345080437 0.958154765046964 0.381798536349892 0.688856017440026 0.729166117733684 0.502464704733482 0.623521875172471   1.38863399646554   7.50516766086898   5.26447453204239   3.03731097181355   1.07869040405712    1.3376991179462 -0.846247601622755  0.358144900475049 57783
540007761697.347 1520 0.392056966331543 9.74047993691926 0.0259456919078178 0.0705775293111673  0.147115750188962  0.246339409880816  0.275656192331212  0.377152782159033  0.555183945165199   2.46164809832563 0.179184257264234  1.17504482329969 0.934904349162211 0.373037329523784 0.678330574630742 0.717801798335348 0.493432144763507 0.599510745792059   1.40659281715742   7.82682894035629    5.4266271856976   3.09812447497555   1.23602892082866   1.22164987756883 -0.753754132549261  0.382767458393769 56492
449386054778.934 1540 0.392886565314071 9.85488860495328 0.0244839722524031 0.0691589882175124  0.142468286298233  0.225758391092959  0.268924234060729  0.382443554774288  0.513208380789533   2.37785472460814 0.173233861391365  1.18622619989273 0.963455728779181 0.401522539851234 0.668166123159381 0.715677484399779 0.475647353571182 0.649092322393421   1.41497529319147   7.88753252114046   5.53983917362467   3.23978179547306   1.29551400273337   1.14223531653959 -0.721309100797303  0.313446658158578 57510
401197446719.008 1560 0.37559598736061 10.3534738170853 0.0230713869036447 0.0687107059701375  0.135654831328003  0.219735727116336  0.272982003294677  0.373935584563726  0.565597158355789    2.4731239396022 0.176011314880238  1.18170075446716 0.958394721977878  0.39703756953198   0.6574834989345 0.696470976057157 0.478694806127739 0.624581507002393   1.45320867602174   7.56910919821826   5.28556420666625   3.19025693369025   1.15814906407125    1.2455309296364 -0.636511594502813  0.284713082347181 57342
451586098719.843 1580 0.340986332191964 10.4626351119091 0.0221755705642096 0.0659621064363439  0.130584957469937  0.210702487397378  0.284968911691567  0.369178109535828  0.529103663048911   2.42748727282908 0.173780934915203  1.20179049739364 0.965914390872088 0.385026999502263 0.645693186133866 0.686646969675474 0.468736138723537 0.631518453478572   1.44274351705318   7.58226360585206   5.27473032980265   3.20501234606282   1.18737282590084   1.28144972363166 -0.709485457035967  0.134869624310637 56500
705161903600.28 1600 0.29344933719553 10.9810792494101 0.0205857054871981 0.0629423552273693  0.124903332320099  0.207969893357309  0.271129159095146  0.364668207318278  0.528162037870127   2.48230879954327 0.173356334152856  1.18639184552959  0.97162963738242 0.373843115638626 0.637515570367338 0.665763504995506 0.461830342679971  0.63625657911841   1.45468583574499   7.55526639401745   5.27595340838729   3.16615814273311   1.15955855914699    1.3045280981062 -0.671613421901232  0.172153700672922 57424
