nan 0 0.72 1 0 0 0 0 0 0 0 0 1 1 1 1 1 1 1 1 0 0 0 0 0 0 0 0 0
29778476271875.7 20 0.605424585033069 1 1 1 1 1 1 1 1 1   1.0274620797706  0.98470908279672 0.966243486191521 0.984912413176388 0.981064041714176   0.9836907011043  1.02858057147902 0.980696179920759  0.179599545367411  0.109942655893158 0.0807478886727068   -0.1258535793307 0.0206603467226647 -0.246899703082197 -0.193122976831101 0.0208930764669382 55685
19477368283573.9 40 0.633743835711175 1.12646901257006 0.897716887809377 0.903096186243521 0.925923583871466 0.936491047198965 0.992332762679471   1.0039141090251   1.0802696236982  1.13914207753816  1.04017969535314 0.977323186361996  1.01272333698146 0.968661342055386 0.996964848355943 0.952408263299509  1.14074396465797  0.94368274799868  0.394235017818902  0.420589570558125 0.0287586986790233 -0.218830481507585  0.404305079939904 -0.330826418623184 -0.750265430823589 -0.130984414884306 55171
10259193246753.6 60 0.707250421277212 1.31392384605218 0.824338506216417  0.83163478058951 0.871165345352296 0.878584532257293 0.982377716189527  1.05722764516996  1.22543897167052  1.42313459527211  1.08774035590227 0.974166912342222  1.01233721078808 0.988194182306099 0.986553543517977 0.996826885149682  1.26120874571812   0.9143099998149  0.450793052994395  0.532438564133103  0.250478666463532  0.110195883119289  0.475742204232234 -0.728946781557104  -1.28749003812026 -0.183300665437901 55150
9995413862777.12 80 0.771627741169989 1.58706405721934 0.756436299344249 0.782822148670099 0.855593323440228 0.902900603275242 0.927825657744776  1.03070876260839  1.36551902545936  1.90529081393072  1.07420695928003 0.941177403498314 0.977389119964829  0.99454822468867 0.987564884831549  1.06587010425791  1.30585357141234 0.896549292954777  0.652414043363468  0.247596350602332  0.175151378886667  0.607823580519673  0.576963578431032  -1.31962780872142 -0.602959332027618 -0.151951527604268 55068
12020923066732 100 1.05176204507628 1.623313203776 0.710102506006258 0.728761523809774 0.803095125269108 0.867571850598807 0.945558023619196  1.00178928303021  1.67646690638583  1.87122360613051  1.14623462876036 0.937305241043519   1.0118492596904  1.02659866463863  1.01075694282706   1.1368004478708  1.38379219195644 0.896076142581085   1.75016320303865  0.702804011869082 -0.430540239737756   1.30241830143271   1.13848574241281   -2.1763606805285  -0.16739837464203 -0.530977163601557 55712
4688218603115.75 120 1.32936659132986 1.87954661189588 0.660005596131737 0.703743678305124 0.793278512743467 0.839791430238184 0.942788668454913 0.989789375089603  2.04092078306268  2.33159877718013  1.16740182656537 0.912235698936206   1.0105386981397  1.02831504974563 0.998576909709217  1.19797955310412  1.33762592436864 0.880090265908537    2.52907952461151    1.02554061663839 -0.0956632070793258    2.10193446399111   0.840034191451392   -2.70571920859998   0.172148779947933  -0.509687372084773 56140
781986045560.424 140 1.520487829045 1.95079172738849 0.662665911415804 0.707144033029168 0.763724446110036 0.838774611759473  0.87483913558244 0.953802184271744   1.9469501373646  2.52183368146975  1.14757762108135 0.873694992872155  1.00371733776437 0.988994060399873  1.01339583607833  1.17977874662926  1.32075294873298 0.874081730336613    3.2614408912814  0.901099844109809  0.563642006818919    2.4546791549217    0.6679614844951  -2.40583893723764   0.46822309194177 -0.872913378677933 57162
1086542417385.92 160 1.62095960529448 2.00603732512762 0.607911408803092 0.669887074633233 0.776329306728439 0.806750102756546 0.868613056253499 0.963846455025543  1.85340548443597   2.4463484284494  1.15172136503382 0.836308710477985  1.01793186794307 0.991336738676752 0.970958138328323   1.2091022326939  1.27588894802211 0.848284274805322   3.58374065703194  0.850644119846559  0.878234225993189   3.20264734239244  0.836439499477342   -2.3210495407865  0.590797073248285 -0.348630536280138 56454
1351089103338.37 180 1.76489348475594 2.02254669648503   0.5861637967187 0.630214065722013 0.716115459263144 0.810170565249271 0.881507078015555  1.01444190524482  1.76054464879981  2.39781739416609  1.18433383711236  0.80653155218967 0.982717199284004  1.02455663938725 0.946733436784816  1.18451332695417  1.22027513218867 0.825965197341104  4.92220026334854  1.08642799549546 0.729234584743033  3.74999403417214  0.70346299987891 -2.53894505320221 0.216822294190591 0.178966711720295 56579
1599672821753.78 200 2.02140144953684 1.9994993433007 0.578327670476521 0.616038521509721 0.675078467584717 0.777664140058885 0.940640218315049  1.01769813035946  1.62165531032113  2.31215265237758  1.25701032589358 0.770298704292066 0.949972987510173  1.01543360847431  1.07482834045947  1.18594699905118  1.22631462133089 0.819037987477051   6.53136994738668   1.11242326280188   1.12036142265325   3.94912646780941   2.68964131670111  -3.29740060725718  0.156084778887642 -0.398651814917693 56628
1856521736044.86 220 2.13757636156257 2.19848697806014 0.536404893985181 0.594959584783468 0.707888921340982 0.836834032355661 0.879911234496365  0.98000608045638  1.71475150906793  2.59262990840306  1.31488597782093  0.73418543168323 0.918284430574623   1.0475990307323  1.10769337639183  1.17983022554331  1.24319351083889 0.811668119505762  7.44152753333497  1.25856699165879 0.785881104206333  4.64814895556424  2.89415372513401 -4.55638005504266  1.85436260726454 -0.66213903211676 56648
1760487896257.37 240 2.16660759440556 2.47390335901028 0.487355857990246 0.593292475163435 0.667727926079416 0.800416567452771 0.850904752327178 0.928412230382596  1.72115855244487  2.98271426437437  1.34578369177204 0.702908020838058  0.90746534358313  1.01351893975871  1.10339821604991  1.14898983115878  1.24312019343034 0.793333503130168    8.66353370664308    1.27509681080671   0.819035322603399    4.44329481316972    2.14897309668581   -4.06777975939565    2.63441553563673 -0.0668085198909075 56029
1397041977753.83 260 2.10010945439563 2.5258745041489 0.456340363157246 0.584950051603026 0.674159115362703 0.760983503330686 0.861301732954812 0.941989342988906  1.67712374212057  2.91147068812564  1.41177415600823 0.670961302918247 0.913576912465935 0.977272987937082  1.08944849153471  1.11345550570082  1.23160948638978 0.826183039872472   8.7603215774285  1.29136354917955   1.6633523762561  4.77716906678513  2.53207243460697  -3.5949361254646  2.58261171498674 0.715305982813388 56663
659168796838.479 280 2.31246283055124 2.6524751992775 0.420734199492509 0.575367630820967 0.656504473967255 0.731932270424287 0.806693900597962  1.03864258161223  1.66909915099437  2.96012791884012  1.51634444264054 0.637747817145318 0.901321057869616 0.970177945530639  1.08452223441508  1.08117667532326  1.26073974868107  0.83671632841333 11.1811703932281 1.13487875781064 2.38664311835103 5.49735631632579  3.3431337525854 -3.0538522063135 2.19142747232539 1.70940015764812 57122
890994015656.257 300 2.29445191326279 2.87682488935664 0.380823537788328 0.533912403558194 0.606023255634441 0.688010787899774 0.835812490766797  1.19061391911691  1.70739980845267  3.15174184747825   1.5267049133436 0.608924458848534 0.866490004650734 0.973417323305671  1.08522959266693  1.06881669698784  1.22576077872152 0.829414486732544  10.5445038579802  1.26399488867852  1.91156658956917  6.52693670762967  2.06579621031325 -3.21538600683358  2.80409910400989  2.19115549023668 56685
759691144118.087 320 1.99077353713292 3.01444648752568 0.350812807397144 0.530252521352217 0.589321428868016  0.66095222753021 0.833489704299545  1.15704937067823  1.60079876173701  3.18779655863412  1.48028233656941 0.580976550685398 0.845804579323436 0.938592718372891  1.07618867734638  1.02401268727116  1.18077374641567 0.807727158174561  10.0046144187132 0.916222157618061  1.41266738990711  6.01426417008826  3.67253030663375 -3.30792365599354  2.75718904517144 0.854108278335186 56738
970938023341.536 340 1.95444075915067 3.06486640535037 0.318675989553666  0.49297803628813  0.55000083438789  0.62273550516675 0.799456510291984  1.10774856843571  1.49349665822038  2.99345297866641  1.50598463081373 0.556046070038014 0.844130968791669 0.905597183095128   1.1211516954505  1.00681612972704  1.19210374648291 0.809300302446737  9.41477749060668 0.947865780357431  2.46666655800729  5.64182003430985  3.60811828368948 -3.90289245885649  4.36954667972387 0.650984899086407 56943
831322711569.363 360 1.81758502594942 3.26011824706127 0.292596674037594 0.461069284255411  0.53313360300881 0.699684011806507 0.777366711438401  1.11929584408851  1.46360632673212  3.10982600059654  1.48282168389157 0.536365015160302 0.810630172377458 0.932332200230122  1.09204497630212 0.998256062583133   1.1623875493755 0.788828552851305  10.3584801920107  1.41285808456938  2.41536342298955  6.88333003222272  4.08550450853568 -4.15411940791151   4.4755854595605 0.629149608741809 56660
691144106821.625 380 1.7485716708277 3.39999659308026 0.269991620309455 0.444064263955342 0.533536290567849 0.656942811382524  0.74733569604446  1.03808361779959  1.36423370521976  3.12109687586994  1.44327331352585 0.512755138209998 0.782434648487382 0.942934877379958   1.0731322201806 0.996696096393921  1.21506522306006 0.766167696777906  11.0146053235853  1.11175703853607  2.73334029997128  7.10539099101999   4.3204912360761 -2.95945702235369  5.19911406017364 0.938468714459627 56813
677842166356.349 400 1.54814542970101 3.51311192381505 0.246783596138438 0.410134817482241 0.511607408110708 0.615570509953888 0.772596929712629   1.0283634982856  1.42484926383921  3.04579213433965  1.40927204534379 0.487693517885355  0.75933863672992 0.921255948493727  1.06132327673685 0.951857964090826  1.20349903532252 0.769229696043482  11.5547638738504  1.03834679847632  2.44600159356885  7.61794821118813  4.13811356828728 -3.21971368470546  4.32277948276098  1.33357992356372 57064
994199816253.126 420 1.41357727308941 3.63437127197093 0.222575168041797 0.397157512453809 0.479869014456002 0.582100553943084 0.746953579624295 0.966982190809597  1.38620876414704  2.93991850440911  1.40366771497022 0.466926258854946 0.754045860545665  0.92194872590991  1.04046819883771 0.947595801729789  1.20282589877813 0.770774935553196  11.2987969106348  1.17175181185314  3.03545770638196   6.9424649132485  4.47236661211546 -2.81774118848108  3.71386202599995  1.68753379615223 57817
580539647144.141 440 1.37359813402019 3.81054087956886 0.203611383049839 0.385502014046353 0.480478307543261 0.550528060137987 0.744639012165715 0.914604041871906  1.39242855790988  2.95648244184297  1.37221247675502 0.447245122091517 0.723173415723021 0.971296753924739  1.02131193493491 0.952363148757519  1.25782008982958 0.766852362930241  11.0284350843337  1.18406769234234  3.02522127939629    7.038455825124  4.99713812559388 -2.54344384452736  2.76087006454202  1.95023096433213 56753
566672967627.39 460 1.175528194929 4.03268033679206 0.184779633874941 0.360692542225982 0.491103731477871 0.518148592332145 0.733282515565733 0.889874372041319  1.48677785413224  3.00498077280221  1.34229697852392 0.427254093149859 0.697075687912348 0.965097704827039  1.01591481957274 0.971832508120289  1.21579018445871 0.753074000463143  11.2511934136322   1.3255025702096   2.7879607313237  6.93468368000444   4.9593763191447 -3.27149762048991  3.24143417615825  1.21107631605237 58722
530388636093.705 480 1.01961775038652 4.16610744191448  0.16775760854291 0.336467908370924 0.471811624901126 0.510724102096283 0.721112461303227 0.898907184046255   1.4049852621624  2.91167674905211  1.32540287725293 0.414568022143878 0.670304323346678 0.933130585827105  1.03891066349171 0.956198389499465  1.23357530798113 0.743299232245473   11.138242856682  1.09341385491548  2.74352944686974  6.70078486172204  4.72496162347885 -3.08293558622183  3.86617682777566  1.62847124857863 57348
605246287411.569 500 0.890228170581562 4.32793237361892 0.156035920013879 0.329439925007731 0.446886201436041 0.473442490026695 0.685991377087844 0.870587285514205  1.43136072083982   2.9227086041073  1.33473042788766 0.399286774243198 0.645977570380134 0.915729164185778  1.00875699668799 0.945470178809871  1.23901899122276 0.775034598354459  11.5749285748046  1.23432301027242  2.80622276801914  6.69460188981017   4.9004862479673 -3.16306676892683  3.60435621759402  1.82146388843141 58065
549789819683.268 520 0.863594882507763 4.40684475662731 0.145073164023055 0.310484273065705 0.419081858338254 0.461668702805772 0.671023202923708 0.850293679170113  1.56914694443306  2.81736156867251  1.30584525703122 0.394666809744101 0.642412703019719 0.925096413053881  1.01478201603256   0.9543941841008  1.20940810606555 0.757142749163297  11.1797052651696 0.997807278484818   2.5033831008713  6.53873895972203  5.19476720112821 -2.68100661145779  3.56070076935654   1.7989949078251 57421
620327298262.999 540 0.887478059808923 4.5135369130922 0.134335277098538 0.308636856687636 0.411572654403568 0.447061401226216 0.764691662058065 0.836206951311105  1.46688994336171  2.73668034266011  1.24530329862181 0.377928572380162 0.627198315946428 0.919718198156136 0.996776817057986 0.957629264281127  1.20082525892476 0.739574450235536  11.1993714279917  1.06547788906501  2.55066562413126  6.07251670419672   5.0100281192515 -2.18863311990809  3.76727466847836  2.08586125374806 57926
508933732689.333 560 0.991987661373407 4.49133311231611 0.126005340900333  0.30070849048701 0.386548619078084  0.46089932711811 0.736078619001988 0.845193342550539  1.43521641365273  2.54178895088124  1.20860410239863 0.388733680233896  0.60328410754103 0.906346793205424  0.98531280828529 0.954599311866433  1.20860498873449 0.769652454960778  11.5451820060434  1.40045324270537  2.47920560857874  6.12102988770127  5.29954982623031 -2.15545896848417  3.48297763153117  2.43049133263069 58178
685118518192.046 580 1.00920670729747 4.10411991843009 0.140746938421664 0.324419238940909 0.385433924902839 0.439692806328153 0.720298353829563 0.866258303539854  1.48488318079912  2.37071332429418  1.23115646667926 0.378465735600088  0.58761568129556 0.928179442632939 0.992514250268361 0.969001726677468  1.19186766972555 0.803723277186092  11.9250820018033  1.38466069997201  2.65261649454508  6.39636255401996  5.38006399325073 -2.11146383098053  3.42505317902405  2.91236273608307 56828
463036051865.523 600 1.0614759397986 4.40962743148095 0.131852475445157 0.304215019636304  0.37391912980498 0.409379662627442  0.71085030073373 0.919479575178152  1.44281732178387  2.56384687160814  1.18842009400011 0.368214996794422 0.562480331704462 0.912569167777839 0.957688417843471 0.987874593211039  1.17825185722387 0.869734862708026  11.6734112609067   1.2941052712078  2.63909387598236  6.03834264188574  4.90200163007997 -1.62659465128037  4.20003458951283  3.31581763306741 57594
466998814634.344 620 1.01812457277938 4.42484548586753 0.124332534849443 0.279407662397632 0.363502052271995 0.382851825436512 0.673869201926614  1.06069278892319  1.41587591083891    2.434338724621  1.20303476681393 0.354511402757958  0.54437964218224 0.890423089804778 0.944383650045559 0.978494909258165  1.18257007897051 0.853115330544943  12.2342533148307   1.2595849403706  2.48924553538441   6.6068712339185  5.48239211621651 -1.53268700193527  4.22741699252302   3.0467485577606 57035
424822907372.89 640 1.00549883768651 4.55543573908297 0.115900014172557 0.266074145437361 0.355906878235859 0.403827023950172 0.627541062465711  1.02534591315252  1.43801245762926  2.40515648828961  1.18499943004367 0.349909165546712 0.533748330896051 0.878752150217058  1.00754410830468  0.93677116232284  1.15297111637796 0.820508638470709  12.4226218092978  1.06826790731413  2.28406036386657  6.80709856372087  5.98664903744756 -1.66941988994139  4.50068725386686  2.98013618899293 57709
425825190211.949 660 1.01743630303231 4.62380370432397  0.11073638732501 0.268062702333768 0.342199732622483 0.394837249454855 0.666864721258982 0.943779395256007  1.38503935499368  2.36749531408412  1.23779946774431 0.338410954731427 0.531889673070113  0.85832580339897 0.983652597112982 0.917280248946887   1.1358775182193 0.806500781101046  13.3882186554967  1.21189472153673  2.62468941392014  6.60471303104708   5.9258237436748 -2.08179917184629  3.87214038553342  3.31701049847357 58172
447259996228.783 680 0.969902438091457 4.83111726373494  0.10231959752598 0.257091484423102 0.317454259010389 0.424646545705765 0.636128148747092 0.929758067873033  1.36042983757957  2.38810809809234  1.23963217091363 0.326959635356215 0.531290473108638 0.826698088573498 0.954417770172702 0.873588899085825  1.09831997316176 0.823088639594906 13.6097436656116 1.17291965050693 2.30929177074387 6.73369117611179 5.96809676346037 -1.9471238126242 4.19903866244953 3.52473314203414 57754
671980851252.8 700 1.10515309893205 4.95015133314966 0.0950353544196841  0.261041510406191  0.304753682109991  0.392058138496066  0.591049242207782  0.927346802285762    1.2671114499216   2.32874615563997  1.27497622936841 0.317840686689972 0.537516210519041 0.807863852571264 0.942736079886098 0.842564359822236  1.08790652652882 0.881168474508054  14.0633529379012  1.27890661402947  2.00936798550027  6.88628063184778  5.80283503642477 -2.12238810676576  4.64765140363315  4.22907747896558 57966
481329809343.608 720 1.08061614917693 5.19479502891442 0.0889758202144371  0.278862163915692  0.288699406698435  0.375469781157817  0.604026005470581  0.969610696427622   1.22008322547719   2.40109217676281  1.28495208844963 0.307701925693231 0.525748182829044 0.835294022157878 0.998932010244333 0.870474550919286  1.07647522303799 0.864716415071951  12.8993434691089  1.10067752786324  2.11267553674814  6.59788410405995  4.87738122939747 -1.34245755986083  4.52639666575441   3.9357388286662 57705
445427277827.679 740 1.09395396252296 5.66121332100737 0.0815275999071211  0.267225530642133  0.294787140145487   0.41637220891213  0.557330868972568  0.950205847770057   1.20167942835686   2.61290546437926  1.28359054749032 0.302581740210082 0.524896593812272 0.827871078490343  1.02361116441825 0.872128583247332   1.1150564816139 0.830583061762142   12.0835765968396   1.29659671579155   2.29772432798256   6.08607085162985   4.33461284372012 -0.892768061509254   3.78487808267155    3.9365021797991 59218
516870906545.869 760 1.05702575722363 5.85368303662946 0.0797373479060242  0.258477647641901  0.284208742498657  0.403390013157914  0.523293939557838  0.910272050241975   1.25002640568451   2.73224847453677  1.25710483279396 0.294820641230976 0.508707345526285  0.82196603934286  1.01141158835499 0.865438061074911  1.13274852346233 0.833453583331675   11.8688118881932   1.21824352340865   2.15186275977409   5.84581684108104   4.48493785958085 -0.781889149500306   3.14764409023275   3.67820479989509 58031
438565110705.541 780 1.03613128180931 6.0715290805644 0.0724850697840792  0.250100963765737  0.259564555181625  0.403430677942923  0.517694312030403  0.914237766993152   1.26177942997518   2.67205086027244  1.21773500724565 0.282443241069214 0.495609652253464 0.835870393080279 0.976569457576362 0.838814758363025  1.09224700146098 0.823052448967078  11.9044162287761   1.1533984478552  2.41669318267516  5.40263574577559  4.61705581476389 -1.04259107770807    3.431242399252  3.27983779388496 57893
600329208276.655 800 1.01510779188341 6.18456794873738 0.0662700956926421  0.230916739202747  0.266467267912579  0.397572226108262  0.495013373369344  0.876421435142651    1.1672598016167   2.53475698495712  1.19567513338646 0.271299465345123 0.483695900910571 0.822762000056134 0.973899839232839 0.860315979290436  1.11068042935209 0.799999345775787   11.6468560775828    1.2028977576357   2.58149240109777   5.61667024292101   4.08235412744186 -0.446812426337096   3.00944878903415   3.33930818632208 57727
398403710285.088 820 1.03824622862143 6.43976001357236 0.0613533280921704  0.211241040956765  0.264260208360517  0.400269088799936  0.474762910452502  0.836324718529921    1.1838108662507   2.54435374681449  1.17198420311305 0.271176898181166 0.476973245438145 0.830968360610891  1.04840873021249 0.841215188372846  1.14118881436272 0.804693801564241   11.4335262154133   1.38961515018912   2.61966492953826   5.27412235045398   4.30166615086022 -0.263676948373896   2.41708194599787   3.86499194524128 58039
578611860332.608 840 0.960115837972594 6.62055384086042 0.0579717061454119  0.208460294920345   0.25616989233165   0.37255883234495  0.660973656153145  0.836361769910867   1.18824715230484   2.54100035458007  1.18486705868596 0.262383307476899 0.500957963560663 0.832728854285534  1.08298464346155 0.819428595937896   1.1148968868444 0.775818801056438    11.265690968202   1.25595593455864   2.34421495942012    5.0404120685556   3.64934554831072 -0.474026095517294   2.28671067590984   3.69299832038007 58200
306790289504.219 860 0.915716718998246 6.8963911105291 0.0555796524665895  0.225683584071549  0.245102683210202  0.372749459282659   0.66087505731804   0.78388093137453    1.1191086848182    2.6433799624567  1.16100378984838 0.264660239076151 0.494692250930444 0.806470260980759  1.06011580421923 0.802854287817696  1.08013171010074 0.752692301013372   11.428422450708  1.09248150021435    2.524632316164   5.1664826178793  3.78514277158796 -0.89930046390488  2.26407522827683  3.43061456906315 58186
309929386900.889 880 0.932286282873132 6.60103613517111 0.057226498727094 0.220163487861525 0.252064412397051 0.366494484447508  0.62010037512424  0.74733018875292  1.05779180493792  2.49356903191149  1.18049878805085 0.257910782097977 0.486583166276343 0.804236072117541  1.05034427236344 0.783099162837395  1.07022719390222 0.804222363552396   12.1205553673651   1.04623605778362   2.61757277956133   5.58670381627302   3.89897557088418 -0.845534663829638   2.72742242392935   4.04935002862709 58328
498478053490.025 900 0.997519727720515 6.65300640411717 0.0582398172357434  0.217024811493741   0.23421446573413  0.338795117617128   0.59892614960148  0.817860963407692    1.0093805449732   2.57783957337632  1.25709414549438 0.252101524302836 0.482731815143848 0.790535973784928  1.04552110312776 0.790549753346264  1.07572420226129 0.810481481265009  12.8632833401009   1.1012011490283  2.66155941802197  5.82512070714983  3.73213894966913 -1.22477012223744   2.8722520904257  4.31351534634772 57803
434623967297.307 920 1.07974764158665 6.9765704909679 0.0554689870193614  0.214840608564807  0.250028415987695  0.351692498699224  0.646586682853947  0.836536935235624  0.978993695090824   2.69981625734627    1.254305224639 0.243837717848201 0.470892479918686 0.791085438891011  1.03934558235971 0.785474650946676  1.04009576512882  0.82843621821683   13.0387518208336    1.1802293238275   2.79350121831108   6.12710467008359    3.1695915775453 -0.583900955724096   3.12830917571028   4.55253386620517 58197
299971534262.402 940 1.10587986705886 6.98922992175151 0.0524775698002675  0.200878802984688  0.246927601020457  0.350474900244706  0.608874319077476  0.866558394649548   1.05592379397257   2.56349438186451  1.31154972844833 0.235337704179458 0.466594432169554 0.807471941065231  1.01598449886523 0.757186423306198  1.01543273529296 0.876182379273616   13.4039396498587   1.15694768983994   2.99493494732927   6.42295744391554   3.10740575665882 -0.555877877359943   3.45850002195688   4.78033370770736 57351
539484499686.936 960 1.32618530320935 7.46184840825147 0.0475528876170841  0.189517829049332  0.245108331656714  0.334726696197912  0.583723586323355  0.887208469002121   1.11407913986536   2.64770586845653  1.32487862742729 0.229915768699885 0.452967294575178 0.906751462094116  1.05850374070797 0.736391291016778  1.05851347008916 0.891480773507837   13.0483441617105   1.20957576024931   2.80369653730179   7.43202013743864   3.04095480199394 -0.344641071710176   4.13866961124308   4.17686937315883 57864
458030076000.329 980 1.48285890579683 7.56280652250136 0.0466440765020323  0.183070894480514   0.22753401634285  0.372186054904144  0.544495942631296   1.02582881585654   1.34581687799639   2.66785658183372   1.2907687838962 0.226174446757719 0.444578024200526 0.936722961696516  1.04731125117252 0.721679315719311  1.12791645430618 0.889778714786367   13.7645748915642   1.33991906312574   2.55915525618077   7.82376001268596   3.22495133456005 -0.335108335328022   4.65098708259347   5.07006483005578 57668
358912419120.537 1000 1.49452988276714 7.88045485341966 0.0441907441703138  0.186229082144891  0.223841483487813  0.376748719988633  0.553035507286152  0.994130539046071   1.35143143019101   2.74431453485482  1.29264043459371 0.218811949510513 0.430607557412304 0.916523747833863  1.03223102068217 0.700757460259326  1.13241832241562 0.885863432506071   12.8756878360339   1.17036882578113   2.48929734137437   7.39316399010966    4.2324841948249 -0.715554426563047   4.00150237945104   4.76520401052706 57605
501069158255.29 1020 1.46181504802453 8.14457677133142 0.041228573811798 0.171420971994715 0.232687811898393 0.376357695422512 0.519532321527818 0.992309101568984  1.29952570390252  2.73486160727419   1.2989767897994 0.211776839993119  0.41886418285894 0.907679467315305  1.01236680111532 0.715622239742729   1.1260624736402 0.869559693485434    12.022040073925   1.06645262414832   2.30265491733992   7.46602527217444   3.39117468378472 0.0114960072326665   4.56505476018381   4.47423190226168 58117
567837824972.544 1040 1.51600358884951 8.4088516683568 0.0380026941563192  0.158868105287598  0.238706821653474  0.378503445642718  0.490120898226608  0.930497857077865   1.37084762952848   2.68712438297987  1.47195887054922 0.205293563214221 0.411187768393065 0.906290114237122   1.0785545773489 0.698317042650679  1.17404306486929 0.933984636007318  14.6984488386378  1.12575578299571  2.37094185671705  7.45337441456387  4.33196816510562 -0.29025099785102  5.13507220257561  5.93578396458238 58193
384231199554.923 1060 1.5388433231991 9.82805837417463 0.0359861677550313  0.154717718067911  0.238096233283796  0.400881915329162   0.50061701850389  0.887642873893266   1.40700441177065    3.4759302639641  1.49872674251729 0.200695017895044 0.435892706824793  0.92104056528199  1.05685153168916 0.677391085442653  1.17749061407088 0.990429980697416   15.5364999791173   1.17734076435292    2.6416569261572   8.19336423799791   3.87116714700946 -0.430409987657979   5.41156491325944    6.7605189505316 58010
444718288554.537 1080 1.51419864255904 10.4217772837239 0.0339744026804866  0.170652151878264  0.228639399280083  0.385227466786807  0.484933764614204  0.929663787824925   1.34484026961731   3.69007680658054  1.57336154807154 0.193598987550788 0.420019044485017 0.900512831777814  1.03509615655058 0.652148492180874  1.13128534763193  1.04235668849446   16.8924850518038   1.26765317629138    2.8077432212286   8.29563206982269   4.44190303870713 -0.323384264601119   5.48718008802079   7.22419684193686 56904
463283078002.327 1100 1.51556903059533 11.1689196192778 0.0317519494725378  0.157023008898214  0.229001657713012  0.359197816396736  0.462250262829106   0.88208385134243   1.28112416327123   3.96088948990949  1.59449781582819 0.187505023697345 0.406992366965872 0.892024475632645  1.02203291969639 0.648175888512693  1.11280194379523  1.04464773133707    17.5032729923254    1.33852046978133    2.92515048360588    7.95436991367046    4.80356587788388 -0.0694322971306564    5.89537362105995    7.16316095892591 58042
415071953506.188 1120 1.40424665697002 11.6463080804891 0.0293996054150317  0.147338122919732   0.23177579753141  0.342556087944676  0.452390505693796  0.878532998903521   1.26357973026939   3.98765934190572  1.58092666214153 0.182037490205214 0.394275015639872 0.881589363211799 0.994276202144302 0.639322928121845  1.08158589330731  1.02916118788321   16.6699528807663   1.23527255408385   2.86859476455723   7.55254465420517   5.16963462184406 -0.209720157552129   5.02098086504625   6.25792146168921 57516
344968784650.118 1140 1.36470321987765 11.9609298462733 0.0271386929903096  0.134015825993993  0.233531094608172  0.334270345817253  0.441994664144435  0.840092549469873   1.19783023956834   3.88256570742314  1.57493367836138 0.179655824926173 0.382035797574761 0.853252723962926 0.990974243200568 0.612992330611537  1.05788318040786  1.06294790934688   16.6322460558869   1.32493889697861   2.94542813229681   7.96564552876924   5.16668729006533 -0.368472033269439   5.56204115157614   5.50613759499319 58153
275143577874.309 1160 1.25086483925045 12.0410496765753 0.0264083665520401  0.123329377861573   0.23789158967742  0.321074740915893  0.416324978959745  0.909653690525848   1.12989915186596   3.82886660133731  1.54836095141339  0.17432048369637 0.369910754132268 0.846790315942709 0.963129803533103 0.583723378191828  1.09460060475518  1.03855108291264   16.6507225120383   1.23787090866985   2.83157240260401   7.93903430653947   5.42573641102175 -0.245230138289488    6.0626029755187   5.39778055711761 58297
413033406171.824 1180 1.23606265577227 12.2759942141555 0.0245587797407579  0.118151248051106  0.222696866580883  0.332510238627743  0.388539756531623   0.88854338692457   1.15077869148509   3.70100894060402  1.61438197580455 0.167480981042432 0.365955961645957 0.857210870965547  1.00639318609634  0.56795728557567  1.10703980597172   1.0685822653414     18.41051230877   1.23776825636267   2.80016138148822   8.60803507435956    6.2442784104182 -0.108921210356322   6.42952191277471   6.55835624825251 57078
368128126395.674 1200 1.3326498618106 13.1698455429053 0.0235574986089752  0.117027090554367  0.203618184681849  0.333926199840625  0.370231598831423  0.843535207491536    1.2279990393223    4.0859263797159  1.77044640465711 0.167982987686485 0.367576635166961 0.898170916524728  1.06066372498253 0.561154130355072  1.12615190069405  1.10138263067355   20.2116310666491   1.33136163679872   2.86843172766755   9.31729371157099   6.96687625869339 -0.466957826780891   7.27983940067668   7.40611950604223 57746
364204538201.654 1220 1.3766005005891 15.0088257632183 0.0224368767974987  0.114892593864424  0.198522584101135  0.323414032477066  0.341475704920667  0.831371652086578   1.13933248377748   5.05423970399663    1.777774278287 0.163318386883235 0.376270480944645 0.892921898227806  1.03117002846601 0.540141547086949  1.11169600745525  1.13720653846806   20.2271816319853   1.35452775618833    2.5236675469321   9.54892482078388   6.83129367059937 -0.488807685456843   7.35222935079412   7.82890962119889 57414
478479914725.013 1240 1.31237582937757 15.5988852858371 0.0212020436229248   0.11338984451218  0.207406529972504  0.300820249910324  0.321336895487573  0.796922830423064   1.09014414508292   5.15899197480912  1.72339909427996 0.157019632989026 0.380929590616219  0.86972923647053  1.03472435016999 0.539000628395398  1.08157942850494  1.11620260024938   19.5334617460513   1.27484663441379   2.35063697744459   9.52175414234673   6.83729786482178 -0.840865939936125   7.15994899776676   7.04647373151743 57899
369691474861.418 1260 1.14760916831255 15.8758666767178 0.019342098650209 0.110185839898823 0.207848920679404 0.279553701109281 0.319776439590951 0.838017604114757   1.0234264293319  4.87504333092619  1.70295369141036 0.151434803235472  0.39707543410032  0.85605388612635 0.994620882468062 0.518544329102373  1.17081803233398  1.11291012146819   19.5713134962171   1.32715137098162   2.81647889291767   9.50700866981215   6.83277927775757 -0.664529170250897   7.36624912845011   7.19354855605634 58217
412566403391.351 1280 1.01322741411742 16.4553003760524 0.018154608372076 0.116301362632034 0.200164737979838 0.275577386799256 0.303289580365322 0.794406241624334   1.0572809719419  4.91584876571288  1.72614904715198 0.146328059428152 0.384736894281831 0.840672393536893  1.04166334658531 0.501993783467619  1.16612275128441  1.09780851195576   19.2355992057644   1.35699354042565   2.82417822932074   9.08178128766656   6.16930383594481 -0.666366090369527    6.8269561493305   6.95803524894919 57791
298905706923.51 1300 0.894462702364344 17.3349545482847 0.0170690735837274  0.111248984066017  0.195184391783711  0.270657168891932  0.291849976364065  0.760886484746612  0.981677298844696   5.12926769300072  1.66785359817471 0.147704461714119 0.373669855398616   0.8069472170559  1.01028146685542 0.483373613913304  1.13323091132931  1.09459014933981   19.0331044839742   1.25014811846144   2.71462736619246   9.08112430435057   6.27316197648864 -0.626073732842642   7.31474056241687   6.76099298178805 57916
331545751860.555 1320 0.836306427456457 16.9142414889137 0.0167583659348282  0.102958952408974  0.188208401369622  0.262230754188742  0.280253842538411  0.705396870368895  0.980769464843661    4.7944271395725  1.75009719617697 0.146081697437811 0.398801434934802 0.802573367435585 0.989470117837028 0.484091427617443  1.11648052472507  1.11794117978641   18.6591450023117    1.2787384157988   2.56003618798395   9.24899857732808   6.25877931831625 -0.446367949964735   7.36081328249866    6.4421397540832 57928
384528698300.889 1340 0.762281962013471 17.5874303528777 0.0164567157859224  0.103526839322621  0.191540283133415  0.254065899414502  0.272709265723447  0.678142736376277  0.990268199133991   5.09035358206329  1.70950587410093  0.14621067286468 0.387124555216457 0.788277875325246 0.968841329559668 0.465957747747073  1.08948645905309  1.10882199867991    19.076745929745   1.33371058239536   2.53945825636909   9.27628286181676   6.50096171617311 -0.524314096583691   7.45922084774539   7.00050449520985 58104
318538151272.112 1360 0.776074800462201 17.3487386913197 0.0161327592003268 0.0956107224983772  0.183464824556722   0.24281055867017  0.268116355337853  0.645280829133564  0.980238945851792   4.85561744294015  1.75516310600998 0.147477964459508 0.379137860033079 0.797433408261069 0.989522663241919 0.456751864942797  1.04696109986289  1.19409064624058   19.7695452172711    1.3833393339818    2.5880764928907   9.34236726035198   6.87795998848248 -0.657594942894457   7.40835080179636   7.67655225027506 58019
412508315640.876 1380 0.870685582871223 18.3567233261384 0.0152220420280481 0.0905614190159802  0.184331202828933  0.243322420221463  0.257326146378681    0.5975113462956   1.07411492880589   5.12936071390993  1.84993386762687 0.144390686381405 0.397847746820228 0.795633612709805  1.01774967443057  0.44901501870526  1.02756651966491  1.28727336111544  20.9494294079848  1.37527733379763  2.88753247174788  9.45971839684147  7.19460665317965 -0.51629016899797  7.24739669124557  8.50079758941594 57813
442848353249.672 1400 0.911532916127019 18.7285082958373 0.0160738615129672 0.0870791164677596  0.178845472796855   0.24110108800255   0.25972927430441   0.59953210671272    1.1644334736354   5.63801981219763  1.97091368407073 0.141899915282715 0.398417352791294  0.81623349682615  1.07456483945122 0.447568808343801  1.05800078004113    1.409413061045   21.6478720121509   1.41666785077229   2.92259010593619   9.53203167994407   7.34766147696712 -0.345741152270464   7.46968967260571   9.17288778776472 58015
342950543272.653 1420 0.815539666003427 21.0463959283341 0.0150716976814999 0.0851355331786574  0.167088230283086  0.220258999662573  0.259315130870022  0.595095731205329   1.17244251343833   6.67602026764026  1.93831200547304   0.1374454444388 0.386248675902308   0.8016044060032  1.04432544117777 0.442060496781132  1.04661386728814   1.4028025061865   21.3442944920941    1.3987421969369   2.76624674260417   9.80219475741069   7.30963166307185 -0.316672217778359   7.96888742095059    8.7068316297856 57820
443887104492.028 1440 0.753064261624769 21.0498782315541 0.0146324122927739 0.0800572796125331   0.15764009854628  0.203646909575567  0.247541865821519  0.585241944581167   1.14464694633376   6.48358345582282  1.87430948021482 0.134293771215647 0.370831066974478 0.832572983107081  1.05516977255886 0.452255191409757  1.05153604728446  1.34249808274646   20.4700525030054   1.36696276342255     2.661811114858   9.46212627495642    6.5768276171156 -0.375160156011779   7.83589423965585   8.32648462298437 58085
285910539840.861 1460 0.736978316216602 20.945638023667 0.0138867421755514 0.0784034667447556  0.155993007349258  0.202546909226634  0.234879377012664  0.592094773500145   1.21751910265039   6.09238808637989  1.90783641712374 0.137987732410112 0.384933916476123 0.802472453511463   1.0851959907097 0.449417881670221  1.03166356935678  1.31785137900035   21.6473460532689    1.3925683044549    2.9457765445133   9.48945254136729   7.21361893081853 -0.221568222385177   7.58785356658408   8.83625472350412 58069
239651233421.513 1480 0.679458161906693 20.743962298928 0.0142288509258242 0.0743126727069212  0.160736827962485  0.189852516915417  0.223558093890696  0.639640186648031   1.20653126735261   6.12284489918409  1.88325802784502 0.133772683092934 0.386485840632038  0.81650263249443   1.0746121845986 0.443061196158188 0.998607944557862   1.2892292595319   21.2545432669069   1.39918297044312   2.74095673912151   9.19427701363056   6.98624774782099 -0.410192930392132   7.50581433000249    8.7724547552346 58235
300610024390.804 1500 0.651883695795357 20.6356091540081 0.0139491681688417 0.0702776380771597  0.158626836104305  0.202128857034196   0.22377259525535  0.610276050818295   1.17204564336432   5.93995147663765   1.8816058155995  0.13576399980146 0.410281729961899 0.823013631503988  1.05031486669661 0.430488330245926 0.991049665114235   1.2588546096802   20.8406624305554   1.42368015569267   2.61039238305448   9.00703090862189   6.83898225750774 -0.501943511151211   7.38937375486957   8.50121706888152 57979
331947401887.94 1520 0.717958615191108 19.9102250341307 0.0149359966984434 0.0697801256995018   0.15951914555899  0.191662437163298  0.215130829730375  0.562008537301893   1.12600974813303    5.9208839129543  1.95905737653613 0.131781232966845 0.403247263454268 0.946023701087757  1.07263498951576 0.422249670046647  1.05952003791369  1.25663676406089    19.966353079944   1.42250135841493   2.53714073806283   8.33811708861757    6.5020498979421 -0.527975540362162   6.85133701536675   8.19535412773046 58339
283269278677.205 1540 0.659982100208009 20.8755577951051 0.0150425158406846  0.064422080267289  0.150130957205787   0.17948360804067  0.239295284524464  0.540068417120178   1.19959607468525   6.55536163085976  1.92838990481448 0.128623522456476 0.406081868423541 0.923071253651658  1.04108900459008 0.411560042821028  1.03827880115794  1.26385600542646  19.7826523076817   1.4269832472011  2.48184140183173  8.60474918831826  6.48859195385822 -0.57946823500102  6.96224127581003  7.82712577279999 57812
310209730510.15 1560 0.61423935494981 21.0855164087498 0.0142447969743255 0.0625003537686739  0.138662548966614  0.168261955235451   0.23347460855135  0.504975708007468   1.22545502124402   6.33322252166371  1.88087298399275  0.12646205026294 0.399166687861265 0.914030034552177  1.02491536377909 0.405013637898751  1.00897782082478  1.25064061743616   19.7154737460885   1.43004263451396   2.45077921495172    8.3754939490656   6.35011533854522 -0.509055951311781    6.8969536951749   7.80142724858733 57946
335460178222.324 1580 0.647018092167756 20.815092273998 0.0140561163052844   0.06074344732516  0.133935135907938  0.163574421242935   0.22561617117461  0.495019601315637   1.16207530191895   6.09006633233341  1.94055205722609 0.122722179263967 0.390905238545834 0.971187958721503  1.06150149561149 0.399170826070048  1.05775089191989  1.23831316571808  18.8771352313251  1.43350382349948  2.46759610563841  7.89905718266691  5.89403031072257 -0.38645460484859  6.32670024889509  7.57002736604306 58026
358277720255.157 1600 0.728634428732926 22.2618487899951  0.013288514815178 0.0566203113539052  0.127468309895844  0.157866680927016  0.217897402040404  0.480552909743347   1.17584718545272   6.58565388186643  2.01536446197429 0.119956425469526 0.381604997310181  1.04940240591665  1.04310078666534 0.398572532898969  1.16640617387568  1.24071423362391   18.1159080232801   1.42009283089006   2.45290462320157   7.46514915996084    5.9179945700897 -0.440999820810227   5.73450408074013   7.26206772362431 58334
