nan 0 0.72 1 0 0 0 0 0 0 0 0 1 1 1 1 1 1 1 1 0 0 0 0 0 0 0 0 0
9543027295950.12 20 0.67430691407393 1 1 1 1 1 1 1 1 1 0.979175252642006 0.970079156749766  1.00939878425096  1.01425482831074  0.97251219524392 0.963561752092211  1.01893035224767 0.972988638290078  0.111746455696856  0.174615022856694  0.459439780353572  0.442334723452452 -0.014416666744811 0.0525210357904705  0.342209514613479   0.03746386318336 71193
9873023635443.15 40 0.753293231273473 1.16754539959981 0.900574199290712   0.9076618496673 0.908675275730153 0.923974092696078 0.930978017187416 0.962353653944481  1.04474783167908  1.22762876091689  1.02022142003599 0.947899378796426  0.97917587977309  1.03427415685362  1.02229986240487 0.939936069454545 0.992769514265947 0.984797264523704  0.729024815521101  0.318438571577731  0.292511586886446  0.846600675986034 -0.525452876274017  0.360861517867546  0.419356228132769  -0.36983557350785 71605
6709400554630.47 60 0.820396743443152 1.35994211715168 0.823050552075604 0.826047060811737  0.86308395120882 0.872860733506015 0.914239398242168 0.956738008027566  1.07366277173089  1.52218472168868 0.997036836245387 0.935940109158216  0.96276722088655  1.05023897619006   1.1148875734949  0.96350686910346 0.973044814794212 0.977550826952262  0.750595039542191  0.176463833113359  0.599891908358454   1.01076670929233 -0.957585231343185  0.803760643755855   0.57503713153516 -0.250593760950962 68129
3736201357092.8 80 0.792594726220465 1.49357976680168 0.759304031158676 0.773355278199876 0.820546748077349 0.869220477861015 0.900267408353419 0.979066648288792  1.17812935544651  1.69384064131389 0.971063197506717 0.993848240558213 0.920817938333377  1.02643465477764  1.13816754895361 0.960400427467068 0.944491993039978 0.951016424421154  0.836693911515509  0.793703282698412  0.602078487630156  0.712265320205032  -0.84649261846034  0.748456466765274  0.671188105658578 -0.349445706533813 67409
6574221144811.31 100 0.76829669748181 1.60943758441073 0.694760920417446 0.733597181722962 0.764399468089188 0.807025820478517 0.894444186644019  1.04082633331291  1.11177783454257  1.79963180469547 0.995307674015529 0.965409350815431  0.89863625168187   1.0357770293015  1.16656798277536 0.966492844751135 0.917919134227407 0.924931290334736   1.24600048123579  0.723699209753873  0.507851199310142   1.22766339766988   -0.7395359229004  0.973189742607418  0.617128655314615 -0.237304774901264 68688
3732600346211.76 120 0.803879820324809 1.69679206405892 0.648422100457305 0.724046818990541 0.728809122977097 0.805907353993841 0.868123110282112  1.01524154282941  1.13867218971349  1.86687421483056  1.03719758732416 0.926637502349373 0.960818954504513  1.02757027899753  1.13579031744117 0.938354782626035 0.906319264569353 0.891970680606471    1.65095097332609   0.816157090470138 -0.0815650889063881    1.20569518779166  -0.594321966622489    1.09608390976014   0.425362230796262  -0.162274204632522 67234
5414119331439.2 140 0.804117979289256 1.69945488373461 0.612136458433269 0.661841206687317 0.718879947018473 0.814527503104268  0.94571682189195  1.03519370913686  1.14482962298162  1.76794001593313  1.03039925299563 0.891284211744779 0.932429538783887  1.02966653151088  1.20059874417416 0.908205366259028 0.884840759806827 0.888173491379241   1.82434103059099   0.66390764903621 0.0720954114045124   1.58451892784626  -1.46400237674132   1.09782461435925  0.480066752481682  -0.58954591637337 71894
3301393944870.98 160 0.724369267839762 1.85718979290909 0.562078478238365 0.629579680446973 0.654384991748959 0.796095324425866 0.890032560261542 0.996484797857804   1.1564668069951   1.9386951904338  1.00413869136256 0.860301067654414  0.90473869056341  1.02542787236169  1.18664570489964 0.883754570065028 0.889251680499305 0.875754264518839   1.66129904575452  0.459977551124238 -0.123086009612481   1.66425211263213   -1.1053002788631   1.26119657923259  0.558205519146911 -0.567975610812454 68243
4783566671396 180 0.67586477814518 1.90746648404538 0.532509551695538 0.578060770074142 0.668699557447795 0.750686235457505 0.852862013648056 0.952913959906456  1.09210115240862  1.93749786964049 0.999838924166565 0.825663995759708 0.909743347920307  1.00057752988768  1.16322734286344 0.865635180508076 0.884535728105807 0.868454623187275   2.00534386494342  0.597932869799386 -0.448056289033657   1.65702598266624 -0.985034193536353    1.2067727498075  0.359713589440398  -0.33572704878027 66429
2730723378714.22 200 0.689055352912042 1.95596912326663 0.484869555373276 0.549887972347137 0.662075538416713 0.707013449079285 0.785968216810789 0.949501133000192  1.15488907891435  1.85502132038149 0.985393891970328  0.79189240107412 0.920746482382101  0.98436718288724  1.12756221364942 0.863313886327036 0.893098896823796 0.903590298942205   2.16973623627403  0.601976327425608 -0.721060982859949   1.81302471908302  -1.02013170074447   1.23248886953502  0.625517844651589  0.136968174279362 70420
3144751501728.34 220 0.696436538888197 1.98108868531725 0.441578930304671 0.544285515203505 0.653100280387739 0.689760533073808 0.767267304285224  0.95850463149399  1.25808852373927  1.73307029411296 0.967671680046197 0.767737425806018 0.890880323697047 0.971318130534575  1.12025998511921 0.854375852240193 0.879168313608708 0.913620683097793   2.33548087293654  0.805027985149797 -0.655672852438774   1.78641326771717  -0.62578999752522   1.40841492731084  0.294362419242332   0.32636081977271 66034
3681131898219.33 240 0.729857455220579 2.00317540877659 0.414152170485975 0.550364921177695 0.595551678407896 0.660192294075101 0.734758158548004 0.917689159899063  1.32093445431705  1.66187326767975 0.943359618726396  0.73878013574744 0.870723375435809  1.01358779609281  1.26481529729748 0.839694756923616 0.851762074768854 0.948098842681493   2.37098580672266  0.831142280807611  -0.77495486776072   1.19200254766838 -0.107142213361857   1.37725997018921  0.436158576594291  0.463780027208677 69031
3317433759738.74 260 0.742556595272512 2.33720281280895 0.389531866500192 0.521917435474378 0.561341860295492 0.623088304700362 0.712137555620239 0.866329906563371  1.34830657737109  2.12782443820336 0.993790789983315 0.707578281048822 0.850478742715206   1.0043983032601  1.25504933139779 0.811888832053329 0.873013433011772 0.944929520660791    2.85576996293788   0.917431214473824  -0.874887535415232    1.58331836957106 -0.0705229976077934    1.30388911495818   0.655283691466813   0.075329919621761 65205
3497567112400.53 280 0.75806770271514 2.39107656550816 0.364990231715371 0.521294074154663 0.525474880512451 0.615243226428057 0.738742803793153 0.838903671669418  1.41838550710967  2.08673935917727 0.991180557833013 0.682775995412754 0.847115356547614 0.984227742634411   1.2442177040789   0.8184921265625 0.884827345994528 0.972302619930541   2.81131793433185  0.798564676349846 -0.708044844028206   1.34369265896988 -0.141013593872258   1.64831907579663  0.957757559023775 -0.253916862446393 68296
2806303916409.89 300 0.833538914642894 2.48763037410064 0.335329293495795 0.496767601241409 0.519780417331826 0.676588467741494 0.735451304617402 0.831408080022971  1.41078444096286  2.07511990272599   1.0191263116164 0.672577505210297 0.821415549936169 0.973125217803093  1.21305818454627 0.825050748715174 0.888626420819664 0.963570013619627   3.24563637101935  0.516770461553678 -0.874214237482176   1.81020788299692  0.161592151266778   1.93266477903983   1.17619612811811 -0.437772653279293 65537
2491517306153.76 320 0.857057299358023 2.47096396813614 0.318358920241575 0.473697382697468 0.487913661292307 0.638161845173824 0.686143569601361 0.877618853096258  1.55733162828258  1.94379225833549  1.01375684469084 0.650316425096174 0.810251167301021  0.95426467827548   1.2300198331566 0.807295733963296 0.889547827118883  1.02615194351971  3.49919433247005 0.507886277071226 -1.05115150471025  2.04878724576848 0.635392094115888  1.81894435616981  1.21894528986152 0.190033471624558 68988
3734791793041.15 340 0.73846618904224 2.55864302154053 0.303734927285711 0.442765336161532 0.462760511869334 0.612748287236439 0.635917425918101 0.912697817380037    1.667628946753  1.98844751057524  1.01905525220798 0.631139861553626 0.778292193675438 0.938288333004562  1.23139657148438 0.789180183745517  0.86413009827416   1.0609376256583   3.22155966869684  0.588380886149152 -0.878438500110657   2.13228970873246  0.195978889154467   2.01335880305839    1.1164970151471 -0.216003505862736 66801
2379656145590.88 360 0.716317812346093 2.64940541003834 0.294356738587924 0.402736512033883 0.438608841972512 0.580157102694324 0.611125290046002 0.886483709592624  1.65472633599517  2.06619268652164 0.984783272498989 0.600950480405709 0.742576836306573 0.910399034723359  1.36433322082852 0.756501916227779 0.849960793132483   1.0699913665026   3.32319686799257  0.522639980705161 -0.864427428857213    2.2723086548859   0.98012428988334   2.00987833178274   1.16089057390133  0.162171024588213 69979
2502328100945.77 380 0.788960424687514 2.94452462277573 0.277122199521899 0.366260943865404 0.407951823713412 0.553518542593983 0.593881145824474 0.859290090197608  1.55146485641079  2.40271189277553 0.972753219682769 0.574056024751542 0.729041141964358 0.883011338437627  1.40201959047348   0.7956609890681 0.833166725316655  1.10396795382458   3.56186049135384  0.440412411847202 -0.688456098453198   2.37657174974098   1.29566111690218   2.39481207332558   1.37367584432966  0.582093169543744 68882
2798754679720.86 400 0.845871725992464 3.12801171816333 0.261361473231471 0.351672350522661 0.457973392686149 0.556530633826146 0.593852698390594 0.833691604194066  1.48628420339243  2.55728017704208  1.00797302653139 0.548162695177435  0.70049816117358 0.891345726427379   1.4173016820707 0.781685807150958 0.848605345313249  1.08235480387636   4.11451614905823  0.432517513092262 -0.703862987218025   2.73683234587653   1.69783060955657   2.44831713782691   1.71887532597509  0.627586651534858 66965
2116847899467.91 420 0.8687918783226 3.36004623444721 0.239343781472081 0.330901599692604 0.430690193233706 0.541076859003835  0.56878233060456 0.765731985775848  1.53438988446331  2.70216991885116  1.00581576582971  0.52284274492605 0.674786075819228 0.904838829060469  1.36994699404773 0.788308202716901 0.857521257064157  1.09029040115918   4.17110838886003  0.433038504804023 -0.569143731519819   2.73867013843665    1.1127896518985   2.07823209262885   1.52181093946835   1.10702898652953 67513
1969294534502.42 440 0.869101821231782 3.40003962791371 0.219309491631742 0.309963845035141 0.396079157877676 0.512503260241719 0.569637655595513 0.853420966848429  1.58516870143108  2.53527682089508 0.980353694505153 0.517533353151115 0.658826913978327 0.891065929177355  1.36725038501324 0.772703791317579 0.834155529095537  1.10669985714674   4.08581564259074  0.602369403664797 -0.410730331885668   2.22711773337954    1.6069062470396   2.01775704624601   1.26796372499102   1.52517759036129 65535
2311402937060.86 460 0.833828115695299 3.50399120926152 0.209682594987781 0.311713569323658 0.377386147662899 0.480550495194966 0.522310883399037 0.815296745878756  1.55261654059665  2.57447333859758 0.990655263112921 0.513929313186741 0.636952963412257 0.910318939045998  1.32333682913028 0.770151023757069  0.80190577669273  1.11956535256241     4.472325683717  0.666796186794603 -0.465100288140156   2.64444249401842    1.1904643584425   2.27412780132879   1.12518005713318   1.40026381281102 67272
2518801961932.22 480 0.81708518721569 3.48498514942562  0.20094837692627 0.307679289474644  0.38243906165376 0.468665930633126 0.520179874392786 0.830847423544606  1.56944084579133  2.44054245133292 0.991298256304871 0.494803683528153 0.642022956545097 0.896111661109408  1.37944627263791 0.783217543142034 0.794801386559859  1.14278668586882   4.72144001556818  0.533911606197553 -0.833498527308258   2.39945928723237   2.37383693093965   2.38061349398004   1.27347757178361   1.73063395396803 68050
2694589089183.63 500 0.803261857044036 3.81096594908322 0.184373510817309 0.286159148461905 0.392849297094632 0.456929216855821  0.53554859725209 0.862497569923051  1.50058597660987  2.67774157953518 0.999189689567383 0.472353061707219 0.664929664621342 0.856778569108899  1.40119058940639 0.766487865110663  0.78681485391658  1.16802507872263   4.6121706877308 0.535727044702721 -1.13924340484342  2.40348061427731  2.71744264808868  2.35433325305625  1.60241939911078  1.62263901039102 67521
2280926195737.42 520 0.761265243971717 3.99291444917101 0.170851581564445 0.274078521636672 0.371568353156636 0.446742113807915 0.533713157018718 0.935281713895266  1.47571263689488  2.72394926211687  1.00838614298846 0.470315697097937 0.665204720049425 0.850190377392609   1.3569433636657 0.768347340368386 0.754693594219771  1.17426496156117   4.49011075018541  0.262440029677788 -0.654408699700203   2.66751376702825   2.26280416180762     2.708341178967   1.62021540487079   1.26880627989751 66925
2690307765387.86 540 0.743497731056965 4.05127798952861 0.163188277129662 0.252666572688903 0.350443167004182 0.443125919202775 0.504779025006371 0.914147688471491  1.47673810423209  2.67838526071357   1.0402916776989 0.456191664836068 0.659619404454027 0.848088901217984   1.3762313243861 0.774158616856579 0.771268924684508  1.19557741424627   4.92807657134568  0.210398663668195 -0.928999274566428   2.96362454771408   2.60388034656637   2.93427338190622   1.99398831368302   1.59863243303158 67297
2097441998432.26 560 0.73061297579799 4.4325373654055 0.148574700898975 0.251381224228032 0.333302803225711 0.414974641882245 0.481175112471197 0.875610745475113  1.53814153396799  2.91910472062227  1.03903166290373 0.435619340227792  0.63659138106961  0.85398468179184  1.36332193331886 0.756532565347389 0.795395090341558   1.2171376605907   5.15570010241957  0.293521871773586 -0.779823886094298   3.16303827447215   2.42418572770568   2.97908457288469    2.1914140549554   1.83138443445652 63646
1980157541646.65 580 0.726883320504046 4.60318414883834 0.137114715791122 0.232705424433093 0.339688785559675 0.389989228691128 0.470023082348047 0.846921228613126  1.62714717669603    2.905365438019  1.01721090580234 0.420406781624577 0.610090491160608  0.83862853311182  1.31315964377124 0.750972348444606 0.822949861297969  1.22592003336156   5.10962314440986  0.403188334043994 -0.697469222665719   3.06560013605927   2.30485337261422     3.080163514207    1.6962145945582   2.27116871242366 66666
2086535689973.37 600 0.78494963849567 4.56805295481142 0.130604286031785 0.218197266247884 0.346171974683251 0.383080731117923  0.44607761944142 0.909552511635137  1.59642412877995  2.72533371550105  1.01513405484536 0.401447992441264 0.591085738169269 0.820210300196466  1.36061178446042 0.789230883996388  0.80260078829678  1.33616077640103   5.34292980870873  0.369035757574269 -0.739432791006106   3.23518737082478    2.8148617313154   3.22221046284195    1.7824180965548      3.09357130066 65780
1456913908514.01 620 0.7204509212834 5.09436490370641  0.12196593829764 0.203511905493028 0.330521955501692  0.39247664011932 0.424480403998288  0.95292386250247  1.52622011044243  3.16532757203603 0.974406162950133 0.385721193613083 0.578963125249933 0.794530224331298  1.32199608995796 0.773920068301654 0.770054475664236  1.30693291189636   5.25781065515606  0.308604964782731 -0.807239405190173   3.16166972296859   2.86787246043541   3.28058627451435   1.77321189369139     2.994242871082 66938
1855571356618.48 640 0.661919224515795 5.15376083873553 0.113816765283676 0.193044383280364 0.306785526551426 0.391557872529571 0.395700617198547 0.896499767157279  1.39188767504796  3.02311564599637 0.964864829222591 0.377585877225383 0.570137319008001 0.782283034372713  1.31736827257428 0.781366137289786 0.765122376694243  1.28153748845891   5.21489422669085  0.469954146384046 -0.771710288836864   2.99743285786927   3.19182967945135   3.06519105387212   1.52967420303003   3.10698253226309 64645
1875819616275.62 660 0.566403356158629 5.28943244436328 0.105997276201799  0.18502771820955 0.303878994016591 0.383445854814867 0.431684280771016 0.850210638204658  1.35845464609489  2.96560192516278 0.931775354541824 0.368466099672201 0.549168644221326 0.760053012310498  1.27269797300149 0.755432461177429  0.77159296865146  1.23171716139029   5.14109802753452  0.367233552972656 -0.663303577866133   3.05856580562626   2.76292004027051   3.01213402708654   1.43864800485099   2.87888389080107 65644
1950081822256.44 680 0.488217564678259 5.23200589191556 0.101185989308883 0.171316636981432 0.302785461226989 0.376922513474729 0.421673352905934 0.784396073487909   1.2580268396589  2.76985370103099 0.911065016537182 0.359797171220229 0.536414143801027 0.738861265462616  1.25799919641194 0.779631515064559 0.771322619746027  1.19074294263052   5.19023751487963  0.381745338131651 -0.623085782157959   3.05710908633142   2.51744254280525   3.06628679438537    1.4119847977813   2.76384793053736 66008
1337688138284.17 700 0.485581567077666 5.3360097044262 0.0927349898762624  0.160216431093444  0.293958302555211  0.403194662547133  0.412817886819527  0.770473959942816   1.22250462934875   2.64044332647485 0.913851559178474 0.345149235345589 0.521998221898674 0.718847120683759  1.34452034629266 0.761922998326916 0.809425443130825  1.21124991698052  5.42069033970971  0.37277935232506 -0.60409968107945  3.06373599772443  3.26395317663387  3.18531687221875  1.72806393912901  3.14524674414662 65272
1800219659798.86 720 0.456397092499947 5.90271890631187 0.0854290268150638  0.161420781009501  0.275558432598929  0.406962328323222  0.428416571702055  0.749607023824145   1.17011347302668   2.97652588250096 0.910417562853913 0.341802537855496 0.508554920505245  0.69430539217637  1.33559768788297 0.775809529062403 0.821319381466896  1.18354581225805   5.61179477940656  0.454902242685682 -0.709492028661353   3.04446168311143   3.30921364036053   3.27734629892332    1.7168356066615   3.23195040790983 65205
1432067525697.25 740 0.449922867148074 6.09452351673875 0.0812695026592191  0.158863890218323  0.270527771201434  0.395001207454398  0.416256954954053  0.687738108091331   1.11915682487489   3.01861076430806 0.914023983343933 0.334058372070233 0.511147435100908 0.702974294569062  1.38848049009412  0.76056677664724 0.814527856438394  1.20384927564994   5.63008446554994  0.447789303979795 -0.751499294119418   2.90146240961435   3.68274556190462   3.30520839536427    1.8753248372138     3.474066189961 65250
1644401408201.95 760 0.46450510699909 6.53023108705727 0.0784550894512983  0.155170119553401  0.264262131829426  0.377681378415591  0.395051330016578  0.669721932144066   1.03555361121592   3.34563240519555 0.893277515445766 0.321262768720876  0.50591768580791 0.692379423542639  1.37655459518311 0.758879696641293 0.831237585729034  1.18797615917565   5.40398066918931  0.436904118781059 -0.674345283566663   3.10112851616546   3.68305192482207   3.50019369801797   1.95079763546396   3.37421144953009 68864
1457366735646.4 780 0.530873267259084 6.43698563461656 0.0784166357995712  0.147153341187286  0.242481470710308  0.373324576116356   0.43518935646988  0.654089135346125    1.0297097966013   3.24917637108729  0.90011581839502 0.309651422188916 0.517680032199744 0.709194614853461  1.40824262727843 0.804412266520516 0.819361432757763  1.22163196788831   5.45028092821947  0.389664888162495 -0.541408033081591   3.33531642381289   3.96934634857875    3.7510804272141   2.07452038740117   3.72658379254449 66243
1993470459470.32 800 0.546924934523766 6.96729823803629 0.0724653386224993  0.136679560537631  0.231135897019567   0.36129336090378   0.54159206168164  0.619822258021474  0.990315176992259   3.51770266775545 0.884181828042177 0.302830947962577 0.510440847405933 0.706090278433087  1.38442016595162 0.811458106352943 0.886693345610062  1.20238685204079   5.40493012664955  0.398686458817558 -0.644724870677002   3.15802259148126   3.99452316244121   3.36637305018477   2.29907254117428   3.77421587498208 64997
1553222679536.94 820 0.517673838357941 7.11954297148236 0.0679187439778467  0.131426624681011  0.221100775873076  0.406110661925358   0.53766277501575  0.665332489830423  0.967430074283725   3.44265796786407 0.880619950793927 0.293443095109209 0.499064152143503 0.698480453061101   1.4195470105131 0.809222756132735 0.900687603053337  1.25942573829021    5.5950411015481  0.388373438333338 -0.653081556772731   3.31933221014186   4.19047121540921   3.61901665649192   2.39093414776583   4.02947463996037 64686
1733671792963.33 840 0.485986634673686 7.64777890644442 0.0642700044916692  0.122162143449434   0.20753273209545  0.389735803347573  0.557909246541873  0.639674638542006  0.925544698635867   3.75905758462439 0.875979014158641 0.283120098006181 0.482382111359631 0.685208192806252  1.44634278230811 0.802951310564812  0.89199197854739  1.28021339870893   5.78626143054384  0.365036189778396 -0.707681091075522   3.34058388894804   4.55724568066532   3.78662537440197   2.22592479386373   4.29737953708309 65750
1340328400178.08 860 0.541377034445913 8.1175344333228 0.0594899486642023  0.117111811344541  0.191597034053034  0.368333439366211  0.522931735473143  0.655941955912318  0.885474946735573   3.92005240754023 0.866732093613337 0.276913864628698 0.463286528079133  0.77557452577287  1.59411502225371 0.827945226655582 0.863545625421017  1.42989684250718  5.94617719308909 0.336862517264969 -0.66818387465352  3.76424950631319  5.02415549428888  4.04832799374105  2.36437508621241  4.72765235316183 69425
1606373529520.7 880 0.533843910048651 9.31193496353925 0.0568458818968044  0.108605894106124  0.194728248710515  0.339643132403344  0.523317431160395  0.628807479333833  0.879892366762167   4.92922765818972  0.88960412774246 0.271476657004004 0.452822954506283 0.784454648290083  1.60579071181527  0.81875710456162 0.849888422329316  1.46470114772815   5.92962501965044  0.360030287224201 -0.615751515363621   3.77691154874326   5.16655847144125   4.08336907283303   2.40442380868674    4.9891465515111 64951
1394935287130.32 900 0.506368560317604 9.7528764028749  0.05327974295458 0.108420212303802 0.190389974915087 0.334727029110681  0.54356894609214 0.656630214673795 0.847189013130753  5.06789445855329 0.885319843287308  0.26587981535598 0.441732062401179 0.775221559182295  1.56970784947411  0.82646464392526 0.833412495967687  1.48125065475306  5.75101178546229 0.430355860391999 -0.53634509425914  3.57842832766244  5.10876956956565  4.07365841811386  2.26415449150492  4.87302734728946 66822
1541030474742.83 920 0.490633144211947 9.89474210227977 0.0506987969009806  0.105835940632988  0.185644357147517  0.347881826735681  0.549577250384946  0.656378437048877  0.826556386152883   4.96371241790296 0.875440452636645  0.27690222375225 0.424022557014308 0.755054313740293  1.54275049194357 0.791677846958744 0.830299450649792  1.42859186073686   5.50649120611843  0.287342387308956 -0.546437245111143   3.62132736621688   5.06395394397048   3.95618803507851   2.41611661192429   4.88121413821897 66596
1554219755730.83 940 0.517673911664968 9.46525717256585 0.0517107967696051  0.102962115431806  0.177980892908496  0.330647276563757  0.553225586015579  0.713408886526962  0.767315374823732   4.63282682021673 0.894887353681804 0.267589041663137 0.408843015531954 0.733085883164226   1.4965212317855 0.781637502514055 0.815471141275465  1.39271786269337   5.27965393174216  0.343608560196504 -0.502266587767195   3.58119325682521   4.92537506451957   3.94844647836574   2.47114867213664   5.09444001753195 64638
1638382798648.95 960 0.579579528015141 9.41750651146599 0.0491272204717104 0.0969884392095489  0.174233411138115  0.302480727858905  0.549719765985156  0.701473278182317  0.801096034674235   4.35706512676127 0.869651595341145 0.263310284675903 0.418708919752215 0.712266834432891  1.44783919593535 0.768836686609438 0.835566241344961   1.3343983401083  5.32262460053023 0.272640256508201 -0.35982145481707  3.67051116788559  4.82313846945027  4.16946525528341  2.77773832365108  5.15403949612928 65358
1472479443628.9 980 0.559700848357961 9.29973387622522 0.0457549875760954 0.0919737686016169  0.186629903488164  0.298625528863184  0.574226195866818  0.752633183609184  0.767439503943202   3.95712239598278 0.890216149047059 0.263473455187804 0.415973209803067 0.682066072521582  1.41680133072001 0.739583448351755 0.821709750546467  1.30300804680405   5.23653214392601  0.199521618072056 -0.460528958314495   3.69922603581719   4.88983770253163   4.17978944690187    2.7450756154953   5.03387158601846 63949
1306154842684.41 1000 0.561084682891468 9.3014907680298 0.0437378955982672  0.105070181917781  0.179191285839265   0.29499993376472   0.53963581491992  0.695900681702951  0.784858206067148   3.78410346434671 0.891411500952636 0.252786540446429 0.400258469268482 0.682037155043465  1.37938330105897 0.718500665292605 0.846878795963517  1.32522673119395   5.02537492588387  0.243864505436856 -0.464395322288218   3.73432083637357   4.95232245172124    4.2077051467269   2.96864392989699   5.10855606318021 67956
1401911600001.69 1020 0.507708097989707 9.35767351083201 0.0425615931161227  0.101315709223462  0.169742100087683  0.321207302846555    0.5452171929402  0.656932411434264  0.812341052528796   3.72695074135521 0.869723246610217 0.250607302599248 0.398763453572578 0.658420236263215    1.360258362487 0.696191770867311 0.828604416337179  1.26899515705997    4.9242026569914  0.201907893867546 -0.324275626812874   3.79206694627278   4.71616793001152   4.13900307608178   2.74413807514188    5.0149441865266 67968
1311173470772.25 1040 0.501204646259308 9.2076263851333 0.0412383730300072 0.0949785142256928  0.163336161822425  0.316403871381934  0.530490668764199  0.608519687276672   0.79249946417801   3.49620508651171 0.862903183598585 0.247274338023751 0.385908183200312 0.666744221236074  1.34719606090585 0.682456733524946 0.810602621406345  1.22258091937213   4.80831242970129  0.248696361885793 -0.391962983332615   3.87342604333231   4.65431200022463    4.0432297270526   2.83895896677445   4.91282426569034 65847
1581969388490.5 1060 0.481666401693244 8.79443968261326 0.0423887858137346 0.0907849979340436  0.184657696925985   0.31447933738578  0.519844342976372  0.581757788193478  0.819331019443801   3.27844065014656 0.876420526751853 0.243686293857814 0.376530490025059 0.652399752118039   1.3531408307093 0.710564633875684 0.779189985596069  1.19752704895388   4.92437543240153  0.308432017722148 -0.471963164691094   3.79378606672274    4.9564882824872   4.17008281825864   2.76609092942955   4.85891479416823 67043
1538947220223.05 1080 0.463040007039984 8.85434713014129 0.0414704497557535 0.0852721652421137  0.177755984816396   0.30855801812067  0.496445028423236  0.569476189566682  0.841758037950648   3.25126099540978 0.864083385222613 0.236747318196322  0.38262626917072 0.657463600687526  1.36551815989496  0.72752379406231 0.802041136838869  1.22033938459023   5.11668773817176  0.298269911556058 -0.519253465873304   3.93974401616515   5.25430053302705   4.37305413648506   2.96355571639759   5.13690135550157 65960
1443972428346.46 1100 0.409806018443199 9.33156584766125 0.0401102440836338 0.0901846258662246  0.164043562491874  0.304811948907197  0.490444842795399  0.547434637660228   0.77802499582611   3.49272469444236 0.834847986159553 0.233850693923347 0.378374384411254  0.64335360369819  1.32067399904612 0.705297069298348 0.780245663816907  1.16656490986843    5.1380416157863  0.289908823251764 -0.430064370152061   3.97141520333968   4.88895102171859   4.34636326438018   2.78861438040248    5.0207262833244 63398
1567176170117.76 1120 0.358108361665962 9.1542855014622 0.0381615134758209 0.0853391711366356  0.155054856433401  0.287812870967121  0.480474941496568  0.541643246498565  0.733551676569269   3.19797081719451 0.822394597926123 0.235740641392177 0.376744010514354 0.642673476426512  1.28976020584146 0.707208083527645 0.788790765311294   1.1540578005122   5.05606203680828   0.33836945016796 -0.493635755560542   3.85758333408236   4.83648089119632   4.15268558553052   2.76144880724204   4.90045011980223 65882
1662137178047.88 1140 0.33060265864553 9.23384466538372 0.0366411069525423 0.0799401676219529  0.150963278447467  0.277918600654661  0.451596702478359  0.549404771907835  0.733908869830977   3.12416321391133 0.800157925960048 0.233282908587753 0.372610544010732 0.631242136483579  1.25411577104029 0.700686440861354 0.771150012992757  1.10464962897635   4.99058244071067  0.321653547280801 -0.440208636564239   3.78502540623878   4.74044687205249   4.02138955210954   2.73380243961923   4.89018412542829 66435
1356155315640.41 1160 0.308120792563562 9.23571988396396 0.0342814266846532 0.0791918127267618  0.142758998691076  0.262543443956728  0.419215848822495  0.521527992838805  0.726995330950334   2.92415502054058 0.790896573088882 0.232565844360301 0.364992661132495 0.626025609372332  1.23420344272359 0.693203230215068 0.791347295744516  1.09431502789488   5.15723638498616  0.363524250115296 -0.449489629644852   3.78279400180875   4.71325219009799   4.11163967147391   2.61492793625879    4.8390662286249 67904
1278064527275.12 1180 0.263585788814029 9.46909593516072 0.0321928144677802 0.0762723364386533  0.134382282113481  0.273486855483224  0.389570770171969  0.492220205724346  0.747622118189783   2.88652936413819 0.775978621725343 0.231842996624453 0.367608485047739 0.626328186443073  1.19011066381975 0.686900115838086 0.807246099673932  1.06851416291624   5.20083918879407  0.343435931291941 -0.441178542437915   3.82613296952604   4.80205009944858   4.16365699703897   2.73989116541466   4.92812043310226 67897
1330612448004.73 1200 0.242276589491009 9.57968217158646 0.0299674771748463 0.0795051640881966  0.124062870387963  0.274578963404781  0.368823685268028  0.498982796365137  0.738835292753635   2.75012468549537 0.754103957012394 0.228266812015663 0.357667530441501 0.608621187882598  1.16299786149768 0.663170204226056 0.792496713962155  1.06744052406795   5.13073289326758  0.313370229814406 -0.450447008727368   3.87607910887124   4.94807896140999   4.16080730607334   2.86090487035704   5.11203578351059 64914
1533513610316.91 1220 0.252987730754037 9.68521705637558 0.0285697495449334 0.0766317107208578  0.114696118531658  0.269682539167951  0.336873260697216  0.462523561088158  0.710045962809716   2.67994048524546 0.774269077218404 0.227106381150407 0.360883952604469 0.617757199319875  1.11958612261341 0.647672682636649 0.767266080671862  1.06163727939941   5.02227396161334  0.290482811167979 -0.506841712092464   3.77729931836025   4.82614445531997   4.10445821937648   2.79577014902505   4.89849604780021 68356
1419152511152.23 1240 0.22484621323328 9.17461573429147 0.0308846472559272 0.0775405636406461   0.10746079025834  0.251241704305224  0.310283039395033  0.484060844087321  0.690512311950132   2.59967113730463 0.746516073908076 0.230649300196482 0.352860136468622 0.641997696601206  1.13340907801392 0.656889477256773 0.776279987664383  1.09902308188882  5.02731057457172 0.316880683630155 -0.46731928739523  3.76169654962214  4.77874908372122  4.07820438906741  2.74472032287655  4.78756421952761 68313
1170313670420.39 1260 0.230726343843866 9.36637887061958 0.0318116501518034 0.0751127059526138   0.10091430237537  0.231457559190971  0.292986806332902  0.506174270954735  0.644475702010658   2.79080594689278 0.743842544517121 0.227605953481338  0.36058759582113 0.638470477411577   1.1028847847874 0.634017600499627 0.785695447887681  1.13092449906962   4.98604031761536  0.307457306794038 -0.412492059186924   3.74860339522128    4.7782206916456   4.08858778477635    2.7842036004283   4.70428975686719 67975
1505591785232.8 1280 0.242570837556012 9.20790260828568 0.0328060784605304  0.079455667054552 0.0980369169160657  0.237136575040887  0.303774387306756  0.501511497424367  0.623214973674927   2.78147879568816 0.772216189880605 0.223414932694439 0.360006404090407 0.660993585076168  1.08016333710047 0.632351031508707  0.78852059073148  1.12914245628028    4.8808618371083  0.328236326446067 -0.406551379478699     3.626970610973   4.68963307035791   4.01006501998982   2.65971900617554   4.63225470050759 68104
1269883322894.99 1300 0.266831405633146 9.66196405782672 0.0298504303909115 0.0808959547713423  0.102832364018999  0.239857032058811  0.303090007100504  0.516003022433377  0.616924836493831   2.78664362974309 0.777025245247086 0.213503010245358 0.374846905603752 0.654689976237337  1.09228391118187 0.629647622646694 0.789986363682608   1.1220057701006   4.82287173508944  0.323616741149542 -0.336365968822092   3.68706372755666   4.57253833564795   4.08063749448414   2.62101302479537   4.58499216396404 66374
1507870105937.52 1320 0.264337226634964 9.91579338031107 0.0287760188379784 0.0760218298121948     0.103662211129  0.267144506185746  0.283199982074765  0.522296487000698  0.580552271993505    2.8293433020025 0.763553351480191 0.207057195227158 0.369240649718719 0.644578716310712  1.06525340523097 0.609725839090714 0.792738680712923  1.09777030900448   4.90608842724119  0.335994622603445 -0.328557691107201   3.75802785995611   4.53349481705603   4.13000385875813   2.65752055440353   4.63047136182144 68446
1450641864510.8 1340 0.302441345610843 9.68228918828381 0.0283678265666287 0.0705039817694372 0.0971159995754586  0.252032864973488   0.28023716790916  0.543369236986464  0.586753581728263   2.65939080550984 0.795413175742314 0.200581470935982 0.361775044951377 0.656898749723445  1.04872333786767 0.622132492808791 0.868841913026264  1.14494268460934   5.08319017574196  0.321284544612098 -0.315988166197162   3.87168281891514   4.61549882055266   4.23365910257042   2.91190293295525   4.88388594806977 65164
1533118080152.54 1360 0.300074959495749 10.4300270562647  0.026650021887556 0.0662481160643489 0.0942355645304477  0.258559211885628  0.275981235005877  0.566295319051977  0.600857220448565   2.89913500715909 0.793609749402205 0.194712162140982 0.360010140022672 0.660172273099595  1.02393642868297 0.629337372107392 0.849251567199221  1.11284676097407   5.10614768383923  0.323380396509057 -0.391908458576456   3.78641035409084   4.57154153309152   4.18151665926893   2.88112560150468   4.82680012860558 67624
1548449429319.33 1380 0.316973811548699 10.5428619580359 0.0248755335112383 0.0654354713706821 0.0913368042784999  0.254783906819396  0.277320251778163  0.534901542612091  0.623714191686332   2.76496376517996 0.811511728721698 0.188655355231388 0.360522468485471 0.690320717465964 0.993729752873599 0.626545488407083 0.845050795484673  1.12023056183094   5.21829306418867  0.330490032050864 -0.428756293957272   3.88294942862616   4.58690447372987   4.15173566194369   2.98009302321323   5.00585856040693 66539
1324512209621.55 1400 0.29091148581254 10.8276941950525 0.0235464692221892 0.0608909770452028 0.0913628937681012  0.239334573251038  0.288585330759928  0.494465086047895   0.69099777093848   2.76056360052196 0.817745443648709 0.183368823105756 0.348157356177621 0.687849084004798  1.00432590062238 0.612978906528375 0.836295361801265   1.1652489685581  5.29732406966676 0.344048180442033 -0.40911976824114  3.90317785689954  4.71845285952245  4.26105527891618  2.96807371043838  5.06383911989619 65192
1364528965307.75 1420 0.293523331901962 11.4326991857627  0.022415123237807 0.0564138865724283 0.0948124861108884  0.232415972360603  0.289852548452087  0.471678057692963    0.6408975276891   2.92980478621207 0.800042059391663 0.184367801405507 0.359091260634741 0.719935770256767   1.0256098037559 0.625250610838878 0.847586870372167  1.21156947170587   5.26594285827693  0.347425644572366 -0.476137568640251   3.73560431402799   4.46339376101994   4.11470925100876   2.82461562409177   4.80419750918282 67386
1512916057350.25 1440 0.283330039436264 11.8203132853295 0.0226195204032858 0.0552921608700724 0.0914308422667616  0.230643252438856  0.327056503236033  0.454680978671945  0.608312449120041   3.16039500625475 0.803169865042564 0.176468698552999 0.357354560326741 0.739095677826501  1.01642261926593 0.644285046928795 0.832683377180468  1.25390142465478   5.20758972292282  0.333100212687477 -0.444998283078958    3.7447224760358   4.49718681928181   4.22562864775175    2.8966516642756   4.70663425156383 66747
1304094356411.46 1460 0.288027030985474 12.619973578157 0.0206927855714984 0.0537673337293152 0.0889030341728919  0.249972651111181  0.337516918893892  0.424980919733351  0.592592366641346   3.29561027863154 0.789963665692256 0.173523466712407  0.35042031115746 0.727300130007531  1.01984488258176 0.623525573684456 0.832897715795129  1.30060047117407   5.06407241576249  0.323572036274366 -0.477380804027906   3.65483295767701   4.30286756883705   4.13896699905616   2.73298561331849    4.4331358731045 65862
1385668172318.02 1480 0.31091932612329 13.172220886309  0.019906007868162 0.0589264273450393 0.0885479448016519  0.243205642754662   0.30930945408216  0.394384559466076  0.551941009189102   3.45383973084934 0.776333057149158 0.166750449683305 0.346436427286779 0.727000515204246  1.06519153628512 0.606349977712273 0.831826252218476  1.36141451551015  5.00018801589837 0.342164853907313 -0.42178550207097  3.55257522382709  4.11310801489769  4.14702989592586   2.6442177923439  4.16785909141916 66339
1526957958864.86 1500 0.295703637528265 14.0175834823286 0.0187278910080327 0.0582912391726978 0.0849850733671131  0.237897005449276  0.311845436618227  0.373774635131265   0.56131022499193   3.67989287097878 0.758683652788553 0.167754895302335 0.339498833796068 0.707558857458467  1.07703124275122 0.601987553002468 0.840199714754687  1.34928815308685  4.98124282927363 0.363107887700695 -0.41096175539619  3.58721967119161  4.26946669234243  4.13716249762073  2.72856353669509  4.27903683907371 69676
1492348102171.86 1520 0.307387954182334 13.6463228963201 0.0196887702869176  0.054050014093908  0.081325384493779   0.23552138747927  0.323371004116634  0.358000573533214  0.530099131224353   3.66648471216175 0.809182126235869 0.168208206324529 0.327942886256517  0.72652779093548  1.10411158033996 0.610122672849218 0.906855397589184  1.45934895963743   5.25457727051003  0.348560065432584 -0.409688191058747   3.79768887811777   4.44946856755756   4.29619038798845   3.02564259546124   4.81317366250658 67651
1577702119216.72 1540 0.31175879133356 14.779610977679 0.0192808190176553 0.0526259953893441 0.0805390006541421  0.227958243447696  0.308519278749986  0.347908573039302  0.613382779101515    4.2116423482397 0.844229474054647 0.169683720635144 0.318049562325724 0.734661747775215  1.09340998365999 0.631564301182822 0.901655279886594  1.46164953515695   5.30740467218813   0.38588408859871 -0.404532405072771   3.71397776329411   4.52576948721744   4.30855312545538   2.92542148901724   4.62021269767528 70869
1441354107902.59 1560 0.320829138653504 15.018008385567 0.0187424204792287 0.0500533399073101 0.0740796351175639  0.239633453179622  0.308082044525439  0.403992288878751  0.604460353767335   4.22717630806342 0.830014064063121 0.168127257021242 0.314717312558185 0.710277784826683  1.09168967794999 0.627299020728986 0.879893494443057   1.4009391433781   5.34343070211591  0.344949786096555 -0.384646764408123   3.74112314247109    4.6725304306334   4.36567729743673   2.97418421498787    4.6150943588623 64156
1563185166145.94 1580 0.331956203911051 14.3038959675714 0.0194480944974718 0.0476518738136807 0.0685568102659081  0.228792676537547  0.297427302201107  0.412074098734355  0.589806106307351   3.97910813654307 0.804427521636247  0.17874608407628 0.315227598007593 0.703256269612608  1.09091568497476 0.613930992744586 0.886945529574298  1.37175974401531   5.38178971651142  0.302383271940946 -0.381610449398025   3.83401905504893   4.75835439051039   4.36779860762068   3.05123240357641   4.75411728811262 67846
1384009362997.56 1600 0.353558890794846 13.7591248761634 0.0204651058502476 0.0453252762286854 0.0690389798289416   0.21761274614341  0.286544800752241  0.407442294764056  0.587646707563738   3.87432117161126 0.799121550866451 0.174376996579512 0.301431864877583 0.680131996275617  1.07375945816116 0.608588471702682 0.924725042956813  1.38974055225962   5.43106996019526  0.326112014339166 -0.384444504163344   3.82467470381684   4.74259676593852   4.25249030635162   3.23427477199232   5.00461405223497 65220
