nan 0 0.72 1 0 0 0 0 0 0 0 0 1 1 1 1 1 1 1 1 0 0 0 0 0 0 0 0 0
12382711735462.1 20 0.717699824947157 1 1 1 1 1 1 1 1 1  1.02679769999569 0.985171362554903  1.00363634524195 0.985776327425496  1.03944712689805  1.03596742860973 0.963289472613124 0.987642646317943  0.134336267954983 0.0483209425728419 0.0232237034352483  0.374129746673677 -0.626330709688536  0.546751737608032 -0.122727146747034  0.222840391587284 68222
11920984354425.1 40 0.715519918530713 1.22882837488313 0.899651911448973 0.904456935728165 0.908064973199914 0.912383274944954  0.94634440010883 0.981035610719906  1.15053171595764  1.35849163703949  1.05224311733863 0.955504278275625 0.974431272964121 0.983895781070739  1.01824548599028  1.05806767266308 0.959374492269223 0.984943481785678  0.629931020154423  0.276520464824665 0.0588364015718699  0.460292736871606 -0.604296170905469  0.785153316041777 -0.290594857688958 0.0345106873967853 69494
7603947166490.42 60 0.769177192391788 1.28675680751175 0.831536133304816 0.855226986394999 0.866330410806307 0.901756260571899  0.93235654688448 0.981235038661985  1.23936378942291  1.37681019988459   1.0991312372991 0.958778522118285 0.938882957442642 0.975790850125282  1.05185938685238  1.07246176421322  0.93976624630234 0.950559035876568    1.12773131679941   0.494344772063858   0.182709740714968   0.584651368253203   -1.00563962148872   0.999120025691012 -0.0172666185440679   0.192622664371301 68783
10953485319756.1 80 0.838180701008048 1.46817070423814 0.759383795872817 0.794944886058494 0.833988961516181  0.86238039591474 0.923480593545651   1.0056496284536   1.1876210234492  1.63687092122034  1.14808336780592  0.93519519319865 0.964997720588842 0.976092032191553  1.05263859753964  1.06778699213483 0.934302002110515 0.940246553294194   1.29030760121253  0.520878995770404  0.646990087412988  0.994308624018407  -1.36166625233103   1.30945593453501  -0.15323539301343 0.0360431970887962 70139
4525895911366.59 100 0.83915665310964 1.62885376858999 0.711302700748576 0.784183239037483 0.805830360189567 0.868665394948344 0.903865825766824  0.96178922661947  1.15902272216642  1.88720314511916  1.15021536799963 0.913774653553519 0.947196746962305 0.962931777338785  1.06283589436188  1.06559763096873 0.933300787911775 0.908156284713666   1.6762973102692 0.661331797438675 0.468657526150663 0.900013448742675 -1.65501497992322  1.38847933011185 0.122553775282258 0.246728166649186 67833
4049361515381.08 120 0.995091450344754 1.76358823794523 0.659056085229301 0.738664659499494 0.757748579836236 0.816245357499774 0.841709827731183  0.98006148493519  1.10000456100714  2.04982488743773  1.23577771255129 0.876791276815429 0.965756690741669 0.947239234181575  1.11149842090129  1.03657679824194 0.962791631038193 0.906077967475125   2.43056654785408   0.72146021807662 -0.191673522195465   1.18555265108788  -1.99051761159657  0.989682500849246  0.652106676254786  0.697121091251644 74775
4719550924993.49 140 1.00457453049753 1.92450763290354 0.617296045399713 0.688539057976465 0.704485474866607 0.760912065115152 0.829876936686559  1.01804053355858  1.27827508980522  2.28629765327565  1.27835808993552 0.841839378475434  1.00138362116854 0.932294533365978  1.08175395395071  1.00041686231859   0.9389356820967 0.890879321957471   2.79727067541428  0.595100657019777 -0.419091125429653   1.42256089771945  -1.83710699624178   1.25173236848148  0.434042092125111  0.437279336803119 69882
2478916616643.54 160 1.06385976681107 2.05770660644621 0.573649803740541 0.657103606959413 0.672919350719737 0.710630518689314  0.78922650645075 0.986031856426548  1.24264221992979  2.42892303273326  1.32854360210717 0.806577262866374 0.984108577049132 0.928066672596144  1.13271969387522 0.986970458221087 0.939957729798687 0.927307202332299   3.35162565028835  0.696573295541358 -0.794973465168621   1.71165673588105  -2.06773362089735   1.56135170572395   0.20627150152809   1.18567220203735 70965
2421491873456.43 180 1.10195585732074 2.26437502588176 0.527950314811698 0.609608775758373   0.6188030244328    0.749363896594 0.778323457380343  1.05898988051635  1.19590743339549  2.70700941258876   1.3815576083354 0.776680543664888 0.993617494139753 0.971196613303791  1.17005617788948 0.985892159741276  0.97430726084747 0.936826856490643  3.95037671198044 0.483122631542021 -1.02188926822945   2.0027794669531 -2.34068498119894  1.76273215773276 0.957361271878036 0.328876801616235 68511
3799742696384.05 200 1.17986397654997 2.52521912115223 0.481323703455948 0.558216978587966 0.619215584506036 0.755337995259943 0.875827580887454 0.984367812385591  1.26680495657694  3.06927207438936  1.49381562708195 0.740671328077046 0.996615814039862  1.00690601558594  1.15489982857046  1.01504229099482 0.973025053377695 0.904389678034195   5.0990468755769  0.55325613189233 -1.43620377750668  2.45875413242326 -2.41202857928161  2.37007677587193  1.07070627930902 0.262591726964052 69180
3489566309407.7 220 1.27684531798646 2.84536911383414 0.444215649628939 0.527610428179836 0.588047708898365 0.698942747415267 0.828250246761801 0.961757341455965  1.27073513604667  3.59642560135586  1.49100999675279 0.737052137565926  1.00520332965357  1.02894302164272  1.17356678204669  1.03322602775182 0.953713937383049 0.868910137499555  4.89073057143094 0.993604020752871  -0.6953278552193  2.94921864051523 -1.66001799936175  2.53871744042816  1.16575933402778 0.550574116536499 68193
3111175049067.08 240 1.36561196933737 2.91801961263118 0.419276442375819  0.53463422900688 0.643095729517074 0.679951300099131 0.776445223327598  1.02416356119425  1.29726659508787  3.57007117678791  1.49104297322658 0.706686336095218 0.964513855864913  1.00652094835261  1.18781839108523  1.00090461232854 0.945787774361791 0.859171520422861   4.63940550321869  0.738258158355488  -1.12841466835471   2.81389023940524 -0.846331719358862   2.68445991929094   1.71056013075464  0.871064531729014 66903
2017593519863.1 260 1.38211061107605 3.02405716612121  0.38289040991034 0.541098253252292 0.628294361192178 0.698588317059062 0.733866116808371  0.97255686241737    1.252601756293  3.50150283514628  1.51160971415689   0.6764320548373  0.97114796873573  0.98563565835575  1.20132355850052  1.01212087396308 0.931722482118375 0.849990803753454    4.5951774731203  0.768582417252659 -0.281707722494523   2.87144823191115  -0.87106334448261   3.01517921080398   1.42467597459916   1.50323578374596 69113
3471316168525.84 280 1.37344320965485 3.14665974991205 0.365100468383023 0.497011488232884 0.583335679607789 0.660745821328998 0.725501808033598  1.03725049153578  1.23131217793112  3.61503045176403  1.45274029338294 0.652810098647048 0.935366015747729 0.955932025454719    1.177508868417  1.03143414160211 0.938421172569804  0.84982326111676   4.83840135758423  0.693630717581302 -0.529144982437921   3.16050785169494  -1.30742363769533   3.79441340106101   1.75392469804705   1.90829274554085 67390
2629592836551.71 300 1.30187720855392 3.14953874811822 0.339135587392345  0.49111529701321  0.57445943732971 0.647396391054459 0.734519300841856  1.01353977747593  1.21429516203053  3.36408744840721  1.44142115022364 0.636498574931132 0.905517025141582 0.996714025130097  1.19597703877333  1.02368294105556 0.946846520378252 0.829992880708853   4.77880747770514   1.01509112750902 -0.344582844795548   2.46085536029353 -0.418004836626108   3.36555095990307   2.13412190941367   1.66312808320766 66012
2448536089023.45 320 1.46939411140715 3.31643206060442 0.314149981943875 0.502608050544701 0.581775297842849 0.629723182629999  0.71015385668477 0.961546767932644  1.20471432159031  3.45524819600554  1.39468745368995 0.618101439790879 0.889846341419783 0.991453388519864  1.16033298823803  1.02121642161274 0.912162381078873  1.02466770140741   5.11200556044385  0.842048892221508 -0.416368771776628   2.61207960198388 -0.315406035010414   4.13480855238675   1.80990980486112   3.28406733533005 67351
2705575679745.76 340 1.51179986486938 3.2891094070811 0.296165611925854 0.475791573429375 0.579733985075646 0.672248468943457 0.746165352552218  1.16486904881888   1.2342836322468  3.20399087443313  1.36267751798708 0.589665149035212 0.859490564683858 0.984337358375071  1.16167525823092  1.02165318120191  0.94383442051523  1.04961260634746   4.85193733366591  0.799852638151935 -0.900225519643486   2.79813506015988  0.381523766828597   3.03980322012969   2.39371598053323     3.339976315659 68639
3070599636398.67 360 1.5682576114145 3.38325430200638 0.272457366969264 0.454457379251919 0.576372043096264  0.65622984649995 0.759541623450349  1.16811584265836   1.2921809944633  3.11865864049681  1.35543908159615 0.569697589767249 0.838367377034745 0.958592608041363  1.19617803006669  1.00265794758186  0.99706327335478  1.02394621480649  5.33873797915333 0.856771172962198 -1.14664304293039  2.49020109094386  1.51346430403021  2.77097916269388  3.08036039350998  3.09422812946344 68518
2455862765291.67 380 1.44447692325503 3.38141351711259 0.257912955371595  0.47484676931864 0.565162060003509 0.602022324369468 0.751854188427709   1.1726642325554  1.48886768823212  2.94896573784683  1.32977489288069 0.547795066969311 0.835131709280709 0.929487910558452  1.18282248584194 0.957286085992302 0.977739269683947  1.00144259272436  5.49147466051373 0.862053223085169 -1.17299024793334   2.8557765797365  1.64429094747729  2.68513513629862  3.08945838298806  2.64905552120747 65100
2274807642710.98 400 1.40936627103438 3.39801411225081 0.238618676905184 0.446318356806692 0.544893573845275 0.557773915677549 0.692287481284886  1.09555241970751     1.57344552337  2.75521053070745  1.33420859899388  0.55371355099407 0.824199417211852 0.901907311564923  1.14330544455186 0.966335208586802 0.934816818900559 0.993956350657045  6.45900623500441  0.35642661781122 -1.37683236744339  2.73873670833693   1.3949581770396  3.01781216423108   3.0182190751487  2.06749518870144 64970
2431062936284.93 420 1.36786875595509 3.27378252132035 0.251802475620924 0.406642372930771 0.507001441850979 0.563139029587424  0.67503231838364  1.09181594541064  1.48807065752955  2.69873130566362  1.32446676531238 0.535096995235115 0.803774555631443 0.888361230514333  1.15169921884576 0.985652034549139 0.921047413342985 0.994571328180705  6.89817536831447 0.592475370644473  -1.4873527166016  3.18871994662041  2.01837151759445  4.03049717860863  3.01311736093951  2.78642358506019 66275
2558199449810.59 440 1.34255372929963 3.35941370281657 0.232956131004296 0.383204464074038 0.496618898171153 0.532359369073078 0.664495851198417  1.19182146968702  1.48068173522015  2.62906378882574  1.31999871738161 0.512321549168258  0.77732639246484  0.89290085571118  1.13416175036383 0.994052711430061 0.898642334592775  1.01155158221163  7.76729253184489 0.495552998372695 -1.67121920614538  3.53336271874676  2.25744868231271  4.05757525352598  3.30453197934277  3.43424571665365 65961
1897544283796.68 460 1.42534867175525 3.45417155459907 0.216050482597844 0.364069352164791  0.47095735735907 0.526183108801427 0.654651615780146  1.18664128746749  1.51531998924513  2.57776336685453  1.30350213625229  0.50005245490908 0.821797416452127 0.854545479069406  1.12503849074488  1.02921153153609 0.868345091240994  1.02022140225409   7.70554454704746  0.747716935843805 -0.521272768558734   3.34352742274054   1.50497324068394   4.97060446704435    2.9796153294659   4.02784268119345 66105
2171399151059.3 480 1.46849057866061 3.47471284753857 0.204309373901513 0.352939568170271 0.492296583733164 0.510676115980883 0.618329013892441  1.34329504463964  1.48603077756051  2.46675565788582  1.26246487155169 0.485419183198698 0.797073332971646 0.840200377272368  1.12867830531605  1.06662078025472 0.840260644461118  1.04459577676567   7.78255244154052  0.679392479770073 -0.665797409683961   2.97976354056086   2.48152265179067   5.53403097127453   2.94047523502714   4.67665049101988 69993
2488781414816.65 500 1.36500531346135 3.4903960340463 0.193161098326586 0.335490519127963 0.470676412881155 0.490089697555724 0.577008928914654  1.44543497378858  1.51440768740132  2.35325548265569  1.28398165652546 0.474452521212443 0.764645923525606 0.836528720316878  1.10301103852689  1.06946632081332 0.833998218812827  1.06650728270655  7.82286737927635 0.850170710721971 -0.76812608590882  2.75567018635938  2.15112582464941  5.60794627337609  3.03211711027844   4.9837967453637 65856
2071926994759.58 520 1.46635953548899 3.75053241766574 0.180113630415158 0.332936146288788 0.449348272553956 0.458916061017475 0.560435358722265   1.3321167292282  1.50412675838766  2.53356719635977  1.36137546053586   0.4647610712244 0.743412087267985 0.818048783384713  1.10181325918078  1.16568244161034  0.84021819310649  1.12419106382486    8.7329470588096   1.02971700861929 -0.418578097181861   2.98842681253437   2.87197635694948   6.15047977531707    3.8704596636388   6.13267089719151 68604
2023439759592.03 540 1.53107963451289 4.30128792715129 0.164990907024869 0.318699470578675 0.433397402921035 0.453042116073505 0.590780672427131  1.22997043741638  1.59040089524081  3.05250961248185  1.33672900752992  0.45577927789462 0.728057953256055 0.792503792053098  1.07060885107475  1.23636175684615 0.833947387665678  1.19498230655983  7.63773308555599 0.635537643253029 -1.09067303536123  3.12907156756577   2.9659105210727  4.91245914881731  3.77625010425784  6.63080706210474 66716
2108989443187.59 560 1.42472993184427 4.43977149468337 0.155730017752287 0.320593328236925 0.428350887123417 0.456914755329193 0.650731307255211  1.28464868216662  1.58430222968492  3.06968329007618  1.29947165295444 0.441475312777982  0.70655426725325 0.781223003477194  1.04728359864793  1.20046547613297 0.849172215831385  1.20979403920587   7.86631179193859  0.675165350996512 -0.829781158832943   3.37566512877433   2.92393772065726   5.68887687931457   3.88439312258867   7.13338593675925 67636
2338222620254.71 580 1.30874830691764 4.43247163549993 0.149304670034326 0.313144370339433 0.397717861683182 0.465598515354622 0.680844070369445  1.22591910199757  1.54978240958396  2.93335970781987  1.33869958244251 0.425962930054367 0.683238944081037 0.784777690378517  1.05511222422371  1.22736496736053 0.830007349503108  1.18237730345648   7.14242255987182  0.523399748990284 -0.826536421610431   2.72716034284876    3.5767821372739    4.4063194666156   4.00206500070308   6.33773447735845 65824
1760419954169.58 600 1.32647717824154 4.74939010432165 0.139550481485901 0.305086365377435 0.382384249681996 0.435692936853017 0.641096147891431  1.15517582286029  1.55608208675872  3.14779923369669  1.40013460322427 0.411357580133467 0.660959509488483 0.773080744968594  1.04729988775331  1.27154293426835 0.838954312279775  1.27127974445038   8.80607314656853  0.376951296681634 -0.717432778667882   2.97899378929863   3.43905582353862   6.05539879062924   4.40942397743475   7.80216549436327 66062
1647850913630.29 620 1.13210492575746 5.17728884238248 0.135610462719413 0.293125607321158 0.357714086048352 0.428221405766797 0.615759717032353  1.14079584665222  1.59159496189391    3.634946205188  1.44179289608943 0.399955667893794 0.640643793932079 0.793708361940495  1.05094504965428  1.25158745354609 0.856845499935855  1.24154836953825   8.3679167431269 0.424528702754914 -0.78948996345848  3.22114300863434  2.96428078543809  6.17463736434159  3.94696377248874  7.48527004991645 66083
2067139092605.55 640 1.08864858035571 5.41144458837898 0.129570384754781 0.273437121492819 0.340912566254749 0.424985750166956 0.617696897067811  1.11502886054585  1.52977587029018  3.79430449136938  1.42403405582609 0.387374168695171 0.614574730933598 0.864474115618104  1.08659733335512  1.23568413295739 0.849584168739239  1.26922227993548   8.98755045187754  0.374093340608434 -0.791883619005995   3.91643365087593   2.81761208851069   6.37086998297397   3.78589937636375   8.09737580794963 68253
2534336329420.12 660 1.0257987968467 5.71829974325351  0.12007134527626 0.252736064224484 0.318483570353734 0.484941042832196  0.60107032800313  1.14250642335007  1.49726090791108  3.92620715020372  1.39274003446327 0.368928156313934 0.592669103541121 0.846937303648954   1.0743758563255  1.19439012621126 0.834165526164131  1.26007530181934   9.29458135724976  0.404189950427781 -0.962817866354537   3.99574417702174   3.35969501911319   5.96566536961112   3.92396426005349   7.67055008318892 65753
2355140051308.94 680 1.00201472517795 5.73894598432404 0.111191395790999 0.241890700645708  0.29531677316221 0.541272647844153 0.556753757069342  1.19302556804812  1.40727022521597  3.66214432848773  1.45974566564356 0.353757513899366 0.573434301700942 0.848713979966154  1.05652258372923    1.192833380628 0.815709944672647  1.25599458161647   10.0802391366967  0.340241910077705 -0.959679328391818   4.22867730965045   2.93169152229801   6.62655816093059   3.72940916841812   7.15371765572439 67035
1888204283144.6 700 1.04135424579143 5.95313026836826 0.105235115131543 0.232997678241196 0.276411083547327 0.505759752382146 0.554496997338288  1.18485696309444  1.49787583917637  3.72950722300945  1.43043571641954 0.341620215891646 0.574389906977198  0.84016543725087  1.01127940948722   1.2126668601596 0.820821003550046   1.2402338753055   9.86910065877659   0.25322460942726 -0.594892860627455    4.3561332264218   2.94675621495976   6.52641570236959   3.18313655072025   6.58426298843788 63749
2384683714451.04 720 0.982702597166471 5.99435250543799 0.101004540211969 0.223202376613476 0.276003643234596 0.484956631719779 0.566404206455433  1.08880756226559  1.53412602251796  3.62932159799034  1.44470373315312 0.329944063834867  0.55381046212434 0.832444757479497  1.01468030329058  1.17013733810621 0.835178432496152  1.24421142763012   10.4456389783522   0.20433366604859 -0.738006569099671   4.73991729423255   3.16289847811049   6.76515348541213    3.4306965581561   6.83310199536365 66857
1541497699277.75 740 0.980349284887611 6.14639210937606 0.0929945811186065  0.215196975502148   0.25773140808111  0.464494036633868   0.56945868115653   1.16258170038065   1.56446555060867   3.51316192924658   1.4525276568838  0.31518115356333 0.539458974265274 0.831802382761968  1.05800261437263  1.23335686598064 0.804725249616023  1.24750898779544   9.48667256629399  0.279659194379981 -0.865092116933883   4.03120177300724   4.02191202303351   5.60423155965583   3.34940545990175   6.15767561728738 67328
1943800858771.09 760 1.00931473138738 6.6317686059115 0.0857366672050431  0.204437302131315  0.243868955370505  0.457993528913114  0.560973169011368   1.16120198403662   1.55154638199206   3.77072904667856  1.42679153071595 0.303752930978491 0.520528322139665 0.837497513095543  1.10412116564212  1.27573499472327 0.780014133674837  1.23610313338604   9.24995143936634  0.299187610435855 -0.797539840015381   3.85398707043775    4.4765063264242   5.03430464647925   3.38075293145331   6.46072944421166 66285
1451014009419.7 780 1.01421854245264 7.10884139347545 0.0783960712906275  0.214785081621245  0.234333796166063  0.447686856873134  0.513524758314739   1.14201929255286   1.49076767196495   3.96179453528771  1.39262846425045 0.293738301362082 0.498581870931772 0.818060269379383  1.08945094242453  1.31133833107017 0.750869902055303  1.19385205652491   9.05970698877743  0.232049456980854 -0.781047115405612   3.90920060441012   4.52608341431017   4.49526855439924   3.26774522417282   6.40949174997732 66677
1878294860077.36 800 0.931885256887722 7.19199181500893 0.0748632498151495  0.200435699456288  0.218406047494104  0.442490755629196  0.514034353929243   1.12547250423223   1.39111742067195   3.87228260142327  1.34338698975145 0.285027055788755 0.488197959350046 0.783982593326275  1.07559974517058  1.28087334421719 0.746185743504976  1.19200334991084   8.96277951023566  0.301338700795813 -0.863200915408301   3.93541638255753   4.38699369335526    4.4599198535261   2.95703597476188   6.20024488488395 66109
1438546848849.28 820 0.811708509070933 7.14826702061966 0.0722395072842118  0.191730182385581  0.214092107644779  0.433199923636518  0.500454610929005   1.07500603484298   1.33611488279689   3.69127421714313   1.3085718682427 0.277044088460574 0.476689377806668 0.760698901735378  1.05374811950221  1.25463992644572 0.722126077646155  1.15361110457141   9.45460892019582  0.380667081499606 -0.637965566641149   4.05547005667116   4.18777076264284    5.2092000957019   2.99739575244611   6.58120186190067 67912
1629491814913.31 840 0.73461214439217 7.17702674345199 0.0684526288556942  0.182637855179167  0.194628365635721  0.441630398908873  0.487056145811653   1.00515567420677   1.22626411373803    3.5259752579796  1.27612012091118 0.265144757515831 0.473194538619834 0.738025100475638  1.03079255157527  1.25826646553805 0.710697099154411  1.12234232643114   9.62211195153541  0.344469371608456 -0.556281482423769   3.94464225480989   4.29358539479747   5.14503362444702   2.98191707812933   6.64694408055389 65927
1718569623786.76 860 0.727937170561444 7.35388333648114 0.0639775558002483  0.184958776501614  0.196162768369303  0.419857853435799   0.45807451231466  0.931654760599117   1.16332201109641   3.45988063475307  1.26701899641057 0.263187378087116 0.464634995202055 0.713031903115559 0.995375778553714  1.22767709638538 0.707920291873417  1.11633496978376   10.0569506581316  0.248793295031111 -0.505230654363597   3.94820222061152   4.26714496213992   5.53407550479709   3.00924469922846    6.9804379832201 66552
1664460634829.39 880 0.725938310161064 7.24567680455527 0.0635706776283486  0.178148742353816  0.196055746594136  0.419109228635532  0.425655303532304  0.880434797060301   1.14379939075101   3.33744991825009  1.29571074839265 0.272074319670265 0.444847137208072 0.726443518559674  1.02653294047254  1.28286630468161 0.712976550206674   1.1154176924814   9.15400272613768  0.453890542007034 -0.621404968999206   3.65775661597076   4.86116174288423   4.64270741312024   2.81232545452965   6.43122866753185 67686
1498342783771.27 900 0.636859471552198 7.50240232712693 0.067191120701132 0.165319107033639  0.18961574404308  0.39447167099697 0.418781782862997 0.829422302183748  1.08378408266041  3.78192215298967  1.26207289238528 0.263083999160967 0.433827999174893 0.744639617187782 0.990523465179335  1.26205001208814 0.706847424931385  1.09664482476249   9.16967530328275   0.41633377282142 -0.636438114450618    3.5333427950188   4.73747980651091   4.69813435923173   3.12961920365177    6.3834370950868 69390
1724115546893.48 920 0.547528220154894 7.54959547142609 0.0637912762125368  0.151694824897478  0.188555858704516  0.388565319265154  0.422082475480655  0.803204241576412   1.02713962312337   3.63587257129483  1.22901466003267 0.259403451536161 0.423638207901401 0.735689350169212 0.985457754511331  1.22883635669807 0.724462259474684  1.09371546685054   9.46467514831228  0.351678469389584 -0.747423001759516   3.79794931567772   4.62031738193608   4.73632399042856   3.13747262745013    6.4056211043928 68286
1453939184822.14 940 0.48778504102852 7.59482905445377 0.0607155144655925  0.141758976474534  0.192327456836905  0.389143238745616  0.412925432780871  0.774567608702783   1.02710437531017   3.50215759837468  1.26498964719237 0.250068387076247 0.412268409307864 0.760598125899206 0.970783734112926  1.19899756924212 0.713054632975226  1.05757242451529   9.01071798730118  0.393803519248731 -0.688620784445513   3.47212503029164   4.69555796075979   4.54484761077773   3.22678491931817   6.41485279337079 67420
1589001630823.04 960 0.457501271472963 7.76195893587167 0.0572608518481829  0.131923953349876  0.174798482729588   0.37054390094791  0.395799492877792  0.838054692601668  0.999896778354112   3.44985217561365  1.25027602194938 0.247905738411694 0.419115240674516 0.732471001517709 0.978689727585086  1.16834752242896 0.703297899094366  1.06539377181052    8.9373248409604  0.433302081048082 -0.574760910985628   3.44945294595882   4.51737126449628   4.67215890428162   3.09650848093505   6.61827312980822 66833
1379598994111.26 980 0.435156260721814 7.69676424628236 0.0553976280272249  0.123924281250576  0.164616422674708  0.355386484438109  0.436166563601429  0.833461305079434    1.0386619457791   3.28176544830809   1.2234449097807  0.24121168048188  0.42293403045742 0.740230358075444 0.955070787828696   1.1218478512334  0.70233830160765   1.0566133267372    8.8029170405491  0.418265655784232 -0.610063386312999   3.25367946647664   4.55169536720149   4.73724978296956   3.12722187369478   6.48552513466705 70864
1654879525583.97 1000 0.450510459667512 7.55091727125008 0.0534540105106001  0.121072932033934  0.157565778936101  0.365706652973601  0.455034841716217  0.865489285708773  0.996152160855621   3.04775265969432  1.25440644450809  0.23485340554976 0.410173333944988 0.729986018868988 0.932033499125878  1.11918643271313 0.702865182707327  1.12271196310099   8.52393738841007  0.420949576108254 -0.577752515438401   3.25918144656041   4.47951198554814    4.6261319784397   3.03777861780865   6.86152647066771 67143
1553034169555.05 1020 0.397098193424182 7.79607336291676 0.0502723969297205  0.116347370476023   0.15021963220995  0.351170603818756  0.484160202217974  0.820731048232869   1.17718453809192   3.05549394158254  1.32423376843127  0.22854710314747 0.397006933637164 0.749854505904014 0.904367818111608  1.11906462193048 0.722324262842287  1.08175531978167   8.43525402392198   0.43927707453427 -0.585640815821411   3.28125931719272   4.56821908060108   4.45256450404917   3.01464075669551   6.62437249341621 66724
1270067827483.22 1040 0.394718659222654 8.16450248248335 0.0474633782235104  0.110647368006529  0.142364078152436  0.335860056893798  0.521840833205611  0.807583686346349   1.15823331475441   3.16386611266765  1.29978149254686 0.227282411983001 0.398822644208417  0.74421772999997 0.901041933544779  1.14282045612991 0.699787780208604  1.06506622388061    8.5453826928556  0.475916302943562 -0.705004278280524   3.22103192269175   4.75236252656538    4.2623502029358   2.99569670483336   6.50386021699579 66284
1554991441364.66 1060 0.374738119073591 8.43207998992973 0.0442420275863934  0.114679228645116  0.148016791458191  0.346906012909604  0.490231285418573  0.794656005600143   1.11165459732497   3.14560696493655  1.25976413878998 0.221756961566521 0.394102921610281 0.710040080266479 0.910070117457649  1.10211757449854 0.716903971401277  1.04699863991941   8.71854284746362  0.440981571707865 -0.636974776593555   3.26579354248623   4.92566392877066   4.45386890763537   3.20200564298154   6.64637620235298 69392
1581172009415.89 1080 0.387601029999949 8.41895801362156 0.0413500754859715  0.114215024497389  0.143473487970487  0.341424427346142  0.454348233750526  0.854327913785609    1.0687189591554   2.93084596471148  1.24591176594832 0.219464521525024 0.384883355921587 0.748511947145211 0.930870257425534  1.06952608994138 0.719641784981324  1.04436464593735   8.65063558763244  0.490585691732948 -0.654097206779415   3.06443244230852   5.09992019946049    4.4272642085323   3.32124209033477   6.66777812108304 64459
1478095062261.54 1100 0.339170243768166 8.5034777923117 0.0388083924318207  0.106675638363289  0.141188502334432  0.341680786852231   0.44528164949008  0.928158276991921   1.11985892597905   2.80620127057817  1.23616646950786  0.21502267738289 0.383373827886355 0.747764877681206 0.926297014840979  1.06089643454445 0.698413792505043   1.0219927242642   8.67594869268279  0.479838423915223 -0.735184146417978   3.22197998621045    4.9688916490773   4.33154338599763   3.29647558254146   6.56443251878045 69284
1439844283238.3 1120 0.346904518581923 8.61565385332302 0.0367237593783925 0.0995406457959308  0.138633698714675  0.349618298132217  0.454790238263689   0.92688888884884   1.06406694770877   2.72598597802643  1.20212418375993 0.213110199832398 0.379783457218806  0.73662771495979 0.942862815448251  1.06448964885997 0.692034854804919 0.999790723400793   8.51708307953461  0.511950141410669 -0.774510775461618   3.18482653301977   5.21534437588916   4.13407242116748   3.24105205511096   6.64940884534896 70293
1350510389594.84 1140 0.33745837749465 8.73429698613046  0.034643883433743 0.0968210632081648  0.131388296910828  0.343836060640252  0.470008826488758  0.910942999950711   1.04744484293307   2.64291063385967  1.17105938483013 0.205803095038988 0.372983338775519 0.750434898868408 0.982696594980719  1.06624298485855 0.670417637201044   1.0154283016909   8.53673546235695  0.515034816698112 -0.749228261990564   3.14343166275355   5.32851347122254   3.97635962842944   3.24737759010033   6.44679073698259 66953
1246994409228.22 1160 0.315911744537799 9.08006701144087 0.0321741346626056 0.0969491675465353  0.124835423676609  0.358915452385493   0.43975476312787   0.96170733337889   1.03210824529465   2.65268072978935  1.12271941233924 0.202745829412074 0.380136014603508 0.732092257260791 0.957412296850153  1.05654890574467 0.645331311440591  1.00782687340741   8.66003261636722  0.505753187029215 -0.830332451020888   3.20062548812372   5.28699618620936   4.17130637054716   3.22147582522085    6.5739812030099 67854
1160357178597.22 1180 0.284586758066467 9.10989904489507 0.0302485475274966  0.108379303580808  0.134918776527107  0.341855803065226  0.408055045404267  0.915526886622225  0.997849412552143   2.51033484232586  1.08371851412681 0.199431729574957  0.38594505608458 0.700900759956815 0.939631532599714  1.02623178270957  0.63577175458984  1.02859983981941   8.65336407068724  0.524146295424646 -0.797835489060763   3.18909631080498   5.23591451822279   4.29230193376982   3.28643624878864   6.73011751077104 68190
1258295358214.28 1200 0.300970875045638 9.0809984336164 0.028447023649228 0.112445649943092 0.130712099727083 0.321412578442959 0.394366446241144 0.880313552238414  1.03914887960385   2.3458705077106   1.1190935503696 0.197990621275109 0.379641440327815 0.744584867039105 0.989797427695611  1.02370176955772 0.607479284607635  1.03613576136552   8.40215740949229  0.547700802191801 -0.827226281917947   3.05506069807066   5.46282183566944   4.17438906690797   3.27388609022518    6.7657418183178 65392
1387062326495.94 1220 0.270170616208743 9.81629823252145 0.0263402847063653  0.110083265030067  0.127409433158023  0.331479087550044  0.383069974486322  0.868473865632435   1.07537943384815    2.5381422216945  1.11562908970582 0.191759744334796 0.367255898167748 0.716737615864679 0.949147228090227 0.998766128053661  0.64115503727519  1.02800918772271   8.62357754017008  0.519654887836776 -0.810694303673887   3.10440627357302   5.35714095348751   4.27384775116845   3.40234975823439   6.80002140414697 64183
1525359845369.69 1240 0.230039981968885 10.0969163054156 0.0242442731250728  0.102485633406752  0.120246897314198  0.317564168288031  0.403910500398621  0.816697686952312   1.03948918062876   2.47164834097014  1.09100046978771 0.192209855947278 0.359071648109164 0.737783620153323 0.935856136929083 0.985109118618869 0.645488535890685  1.00898627476147   8.64132977853541  0.535892249414014 -0.784281714769002   3.10678158712773   5.33994378931049   4.27867314540915    3.2935549281516   6.70064725027013 68710
1265473291859.21 1260 0.228924475111321 10.1872757629999 0.0235778319789247 0.0957845088790222  0.113914492798106  0.298940634172062   0.40044462540173  0.756269052314295   1.04560681006081   2.44692125407489  1.13168316609703 0.191296211242864  0.36597291562684 0.738275892431947 0.966099613231125 0.969012991833904 0.632549239382214 0.968152346163947   8.73690399163768  0.514962113800907 -0.722862633381086   3.10730335956717   5.19847704909651   4.34505187566023   3.32787845248755   6.76795899550363 66547
1365047494379.12 1280 0.216169908302429 10.7946855080782 0.0220735451287655 0.0934231167579595   0.11650931158553   0.28412312560239   0.40776047997801  0.722633791387073  0.987412235164681   2.57212503823145  1.09820284642397 0.184085064400615 0.363292567162002 0.706887485768446 0.978298568744758 0.966506785758853 0.638068399912886 0.959058487243222   8.61805378550657  0.517605883079959 -0.727444950323333   3.11147389254367   5.31003290691351   4.19850205544898   3.22442941914859   6.69067642151747 67562
1255973167682.58 1300 0.210674701875438 10.9705957565965  0.021004938380437 0.0866131806860085  0.118908006398986  0.276870202230959  0.409537534784558  0.692440377460996  0.956334141180069   2.52802775004486  1.08329303659082 0.189641918226598 0.358866740234313 0.691230152660585 0.962076172732243 0.974902419319131 0.645392291442236 0.952864906260916   8.69785831602675  0.490857687460487 -0.723960538504771   3.13511508590991   5.29473320306878   4.23817597212956   3.32146252360516   6.81473605956027 67413
1399771247499.38 1320 0.205726381181053 10.4227629643355 0.0227658112049915 0.0828492648438639  0.117484752164467    0.2973175012832  0.405734601137082  0.675787482811334  0.941500079849276   2.47314085694428  1.05871261031467  0.18834014819651 0.375533197170213 0.664950940510448 0.933480153553472 0.986334313598237 0.649535921805203 0.986444264537393   8.71241261171411   0.48173737611536 -0.665838269397963   3.16521889638707   5.25058901398975   4.34498212929669   3.28559760473527   6.90724923570543 69358
1101264867252.75 1340 0.199426942420275 10.5515391342793 0.0218892838283143 0.0806743182354829   0.11716238612936  0.293881067810253  0.401117425862542  0.644642215375158  0.982329481198228   2.43704293569883  1.05748424733665  0.18277526391107 0.376984011469711 0.654061532918912 0.904631631790204 0.977147572186274 0.647752901715082 0.999825451496989   8.68016583151617  0.483598110016238 -0.692344352245389   3.19482819073737   5.25657564690148   4.35020721510842   3.33672312455523   7.01891654097325 71129
1503915990497.64 1360 0.220690288236918 10.7792070283265 0.0205137768360826 0.0774378731860622  0.121444754039435  0.302679746806624  0.391042787912901  0.613830847257751   1.00353141655667   2.38352248382184  1.04731280644062 0.178639931098297 0.372112188290366 0.669103098169069  0.92399789029354 0.995139264976467 0.666235024531316   1.0650799020995   8.76030673027575  0.495986929228431 -0.703146407923725   3.27229635954997    5.2103858060886   4.43139104876797    3.4092868437439   7.17044476192747 68215
1388704862814.98 1380 0.251741540332453 11.2200527707929 0.0207820820898545 0.0716797085512845  0.128204418330475  0.297540598548313  0.389003637582239  0.571788387038793   1.04203483508993   2.61624767267348  1.04670864816429 0.177547530466858 0.372127773520224 0.677959621840253 0.949867088427189  1.03642767469897 0.656554676088325  1.10925473144601   8.75490052918842  0.503109383394093 -0.703873654030846   3.25514265270403   5.41002873563791   4.47508196472604   3.43451404178441   7.18653485296251 68796
1068565584655.18 1400 0.264685445340098 11.6311721160689 0.0201865926248258 0.0763652216225986  0.124679912101094  0.294626576418442  0.430448403253756  0.592266304308214   1.09367102726801    2.7309263232786  1.00875115252304  0.17071773159392   0.3645340816602 0.676871211654926 0.912589678861227  1.01124912704337 0.653762630726938   1.1095728975736   8.69390769691656  0.505416248057296 -0.731667504785865    3.3474976613228   5.35652272999475   4.34756846888468    3.4237330807559     7.227824593263 69325
1545100095015.18 1420 0.270982527496421 11.7619847773552  0.018532206694691 0.0720921001703466  0.120378786303566  0.327287278430669  0.420830636389557  0.560336348912858   1.06848321845047   2.56382490137891 0.980451000246751 0.167882184582607  0.35367865623065 0.655633683810325 0.880415305403998 0.983230783622867 0.662654512888542  1.14417191541467   8.62562152442099  0.526820297173523 -0.736416977127656   3.32296171586536    5.3710996707693   4.40622252549114    3.4649577672113   7.35877756005862 71655
1382308243756.21 1440 0.264592049334464 11.7136714442297 0.0179299632637734 0.0715897160857724  0.121502174690501  0.312545997009844  0.408020051334056  0.516039437444693   1.12672760133473      2.46017202917 0.978858559890696 0.163273524803429 0.345712312466084 0.648803496494338 0.843914487766824 0.946915782495127 0.662087791013019  1.12779765625192   8.46679611023978  0.527573654356202 -0.732387553283889   3.21110597205741   5.38187645311918   4.30724912674327   3.51990266573885   7.34738192105498 71973
1204679762232.87 1460 0.306618490304343 11.6665208423118  0.016811800179514 0.0707248268229538  0.114615347187769  0.293957131578811  0.385791736267556  0.498151878815904   1.17614594236025   2.28821559927111  1.00796223791458 0.161882744754345 0.333413534433637 0.639870491768932 0.884027958307307 0.931037647742421 0.652343856492622  1.18129642072393   8.31939172865484  0.547030436023082 -0.715108187385543   3.21530265010165   5.57102892391079   4.36361617027549   3.43620329797594   7.60571846732901 70113
1593323887936.67 1480 0.357100795200743 11.736690081573 0.0155596238228653 0.0687806162457776  0.107823073688774  0.304508019877606  0.432940384279219  0.483444804858735   1.47574994443704   2.14333653338267  1.11906679546225 0.156846298954306 0.332126313187187 0.640314419568607  0.88336949980625 0.943093041884417 0.645120394273063  1.18457885830135   8.03445099984274  0.538158991110673 -0.760448701449359   3.12006955978457   5.42778281445578    4.1927268767811   3.42929389193271   7.54760240899257 66911
1540244609145.98 1500 0.408513103465498 12.2366066384385  0.015263163035619 0.0673223151083131  0.104637307656121  0.291604973865521   0.40917142328934  0.594606641956187   1.51836669961562   2.28542272697418  1.20127926751578 0.156865364998853 0.321596521419017 0.644191542533677 0.852850637533965 0.936802049794801   0.6250259121665  1.15863812296124   7.79386084859205   0.53739223583545 -0.751093956835082    3.0050650183247   5.43696951433917    4.0657594138616   3.35622063071987   7.60733194056695 70040
1404562098412.55 1520 0.452883114585919 12.4529447221657 0.0151766609840231 0.0689539513983005 0.0987658031947945  0.263789538940177  0.386115890449737  0.596137156356885   1.54166533441302    2.3535333329238  1.25059764386741 0.156688745129027  0.32934372981228 0.655834870202234 0.832339504889244 0.919832667179186  0.62085936036203  1.26144729649957   7.60550365798207  0.569696859498915 -0.834893288704752   2.98187372261256   5.53806570484534   3.99202011182619   3.41896441287511    7.9056363051823 69169
1612282597787.54 1540 0.464146802854843 12.7322954370928 0.0148385756057631 0.0707197256713791 0.0929551728362977  0.264047406371518  0.372564473884918  0.588592956306716   1.83350952210747   2.40550148045708  1.26222011496085 0.155115956849125 0.329470265791861    0.643526955144 0.818861268538903 0.931081062752325 0.640499225742067  1.24098361381067   7.68199830163516  0.535820168818422 -0.821788407574081   3.05941227761412   5.42442116298122   3.76652830341746   3.54632699997423   7.73066978545151 67380
1442609556965.45 1560 0.463125185949414 13.0627557620876  0.014082402996402 0.0694796687404952 0.0893377615746406  0.264917665003296  0.446213619754017  0.566352429538204   1.77432082241214   2.40295911715158   1.2909979995396 0.149106088398166 0.321858783387879 0.652854412322917 0.816428180827131   0.9123160746999 0.641598398085927  1.20273686674859   7.48123308461009  0.539645234394865 -0.863775184522093   2.86203408128155   5.31280733349253   3.72739550071507   3.49789301931335   7.76461858202409 65896
1457602947095.32 1580 0.419266069054806 13.630195815521 0.0132375836908638 0.0691931537552952 0.0828516107266688  0.247860823727533  0.445515907344236  0.592958249461744    1.6648952381104   2.45930792339651  1.27173452908777 0.144211881729656 0.318026187682251 0.632469994797968 0.797526390542821 0.885477489406144 0.640384541177665  1.18220889209044   7.72696802239463  0.522756381554791 -0.775915888320845   2.92746508952591   5.21079699414834   3.84613695935671   3.32194768186074   7.44728875594045 67159
1469129466041.71 1600 0.390686409927295 13.8558013698866 0.0122823963476195 0.0662755946704445 0.0788870996109944  0.230458687658841  0.448441664706013  0.561720761860751   1.61101333516766   2.35801414262953  1.26950211535388 0.143992298878048 0.314915264224381 0.641325587113547 0.772464823960277 0.857998608668456 0.617163944837602  1.17690258519065   7.87870113635994  0.516249669716874 -0.735357399942976   2.89476159635937   5.35993570045272   3.85292835821395   3.32529809733143   7.22565763423537 69095
