nan 0 0.72 1 0 0 0 0 0 0 0 0 1 1 1 1 1 1 1 1 0 0 0 0 0 0 0 0 0
12438346257418.9 20 0.663098813118273 1 1 1 1 1 1 1 1 1 0.998206063773857 0.982768111485006  1.00713650696695 0.977079100392832 0.973605807237091 0.974227815221697 0.970292462901585 0.967218681879527  0.503989779636794   0.25627333594173  0.108590707166735 0.0872629415842923 0.0507496524768063 -0.330023097820971  0.118377211785411  0.166107259005121 59328
11334136049238.6 40 0.649038449035223 1.09890267306375 0.897865200776216 0.899821047949981 0.907612338924565 0.930938730966652 0.951409532821585 0.975280647723027  1.05808564520398  1.08425042040857  0.95452829081009 0.980242011051243   1.0019508373815 0.951138706308463 0.991029268986176 0.941251536279546 0.956576565356594 0.933714940653233  0.471408687275805  0.478890165408736  0.513254745807831  0.312124341425402   0.46314151169776 -0.205985247750553 0.0915357251430653   0.13990084873255 58400
6863653487497.32 60 0.618874791279334 1.18236624639749 0.817114633965577 0.829733778417134 0.861006353974548 0.909734578639493 0.915213778255423 0.965217391168931 0.995186206640149  1.14231803861735 0.923075679045614 0.970550686940572 0.995392130144031 0.984592283747893 0.974348865672681  0.90461274964034 0.921718249179138 0.933126331658218  0.502009717305305   0.41845485852202  0.708335501542173  0.433628936522121   0.55298702457051 -0.206033123645017  0.192809510150522 -0.146419774765038 57954
6448294617302.45 80 0.645239039449199 1.23693116363708 0.755990363663656 0.782490121160654 0.829511734740365 0.839367836234922  0.88234389239802 0.908424100365635  1.08744169880314  1.15666427632179 0.894754515869375 0.973054945058055  1.00217884615116  1.01733173728492 0.941588427258715   0.9271133093377 0.895367405987036 0.906295611323359   0.66797840855756  0.564036741534687   1.03684336078235  0.596221795507555  0.389386397470162  0.246356761175885  0.346080522297419 0.0433528611415638 58015
4298886843435.76 100 0.689929660362279 1.30593411365482 0.700867203084868 0.746087869067634 0.790053675137367 0.807542010241515  0.83962590318659 0.920735328312218  1.15571454559861  1.19530372000837 0.870532457546955 0.964193213752683 0.992143978903412  1.08268123655744 0.904709536875173  0.96783689383136 0.894898375932205 0.914609296960719   0.76261889091204  0.714928607830758  0.914334542488098  0.772888403513897  0.313286387914717  0.649679319859912 -0.125435321612535 0.0458092872837348 57887
5986685822057.64 120 0.690907871300332 1.46308043324858 0.635086634699101 0.726083328725287 0.763089240032141 0.795175791536785 0.871139677555099 0.923956793315169  1.16260383509838  1.35946921550245 0.848561838661893 0.945157391760814 0.989214829780927  1.07582437274811 0.900462235414103 0.946887313626506 0.923279208357002 0.892633576709466  0.666030530962096  0.806567489882449   1.07586956996497  0.888523276976043   0.27692514986672   0.45898880880319 -0.477865608887124  0.197617453930439 57330
5070638135215.84 140 0.701794236045881 1.52068163228522 0.576092782782974 0.684533008724253 0.746220144381263 0.814026044067194  0.88208885817396 0.902725612787932  1.16810552907523  1.33219879066517 0.820762888065981 0.931661957952718 0.974526402642508  1.15111574561574 0.876430713404698 0.972666126548509 0.922877635295059  0.88020609401677  0.601661556298544  0.663322923015154    1.2311057597795   1.14173498728041   0.33386199034302  0.847217789943143 -0.558496238079634  0.496507133479945 58010
4069887164166.31 160 0.654602364976727 1.75319836249117 0.539853448421875 0.652607297600969 0.704197923153251  0.76449835656635 0.826188913619152 0.866281017341635  1.14411404887168  1.65934997280562 0.796296068662203 0.909280891597031 0.949564384657223  1.12723776986793 0.859355326308512 0.945851607128279 0.919126426654254  0.85060686608336  0.819030184392711   0.28848142291074  0.925496315265197   1.33726674273852 0.0500478177734528    0.7880784268767 -0.161794064414423  0.414168382016813 57828
4979905954051.57 180 0.603090353030648 1.82238252310139 0.494909056675628 0.598409711426358 0.647139355796404 0.720920353881556 0.782965114365525 0.829115516380104  1.11757822898456  1.64363161007085 0.797406643639384 0.927604505928373 0.927274874799467  1.08882251318307 0.872539389563263 0.924673244561187 0.907121629253019 0.844422328283207 0.610640413600799 0.729424076276514  1.06066036065736  1.14956743939448 0.357893284005437 0.472490574616345 0.182503334479799 0.209649299118774 57122
4445401906005.22 200 0.586328941829181 1.8734130613556 0.476631819315595 0.575812866777598 0.608179064206488 0.707162911275168 0.764275792966214 0.825815495084802  1.06324350340117  1.67282349466911 0.764011095649378 0.915714179994704 0.884108651855156  1.08816944598799 0.857011670923878 0.908708412997203 0.880070953193621 0.876683664840705 0.570238405342754  0.36105700997531  1.01046184197784   1.4794508228042 0.554633678056538 0.535376786151768 0.110013703450256 0.606709421351346 56522
4328386465994.78 220 0.598273711447647 1.9537182490415 0.436651246639509 0.540731865056063  0.61013756326573 0.708860895944611 0.752125417868261 0.804754136975304 0.971359897517917  1.66670435672359 0.744537565376626 0.981817044241101 0.890505989699378  1.09817609305995 0.827706432296877 0.888649570624446 0.856494901070411 0.857372792286967  0.718092216573822 -0.208253245698554  0.859398601435461   1.70039817002742  0.396499334076025  0.567970919769237  0.169785942434516   0.37427626146706 56883
3479885048267.85 240 0.571392382658131 2.04280231141924 0.428714223083229 0.504365165268385 0.577908978112674 0.675162465668791  0.70045234418772 0.808969389208385 0.976145444332178    1.789042151767 0.731451353521116 0.964888162520872 0.860956042609241  1.08646120949622 0.810102131232316 0.870733900377029 0.893719917479477 0.867960648550195 0.820443517383781 0.147243124680942 0.797014837612449   1.4670229676456  0.43871095594842 0.417687952649132 0.594120368833111 0.431516645123853 55799
4221791888307.26 260 0.590288505345764 2.09065569281919 0.399762633385898 0.480272126319951 0.569344593533664 0.680254957323945 0.739167300376758 0.791712214949223  0.94639465793647  1.74729899858435 0.704983824742373  1.02665025432522 0.845139030090916  1.10846091376416 0.780907922488942 0.875163887989654 0.924040514953485 0.839153030264869 0.813204678455129 0.598128492757825  0.94648516371365  1.21900907996859 0.330992099135189 0.180695165533694 0.889304504413204 0.322262126520272 56189
4192927834628.69 280 0.543985943587389 2.31228876439045 0.367457953651389 0.449738626142693   0.5457330599358  0.65819960548114 0.694655734197383 0.780169905210175 0.967081481082212   1.9646798454049 0.687206265430631  1.00248177431504 0.852621375258838  1.08060125171374 0.765814635016217 0.858671079399304 0.939203645229593 0.825266998766223 0.774429894437473  0.43380477946991 0.985824052573767   1.1513550542239 0.485361375057259 0.326624796906787 0.966150468506536 0.453685065995322 56937
3659442714968.66 300 0.509509754468337 2.34192418952376 0.349890773261671 0.447394368038829 0.536559503205008 0.599168960279053 0.668007742254877 0.764435094523196  0.97437112416426  1.91901405237459 0.662271872077779  1.01810131637119 0.832518424031793  1.10506853423242 0.751994306803582  0.86229885646934 0.928973499429665 0.829765122922447 0.895438139324287 0.460600270748915 0.707998510285526  1.27965803472895 0.465962802099693 0.422181488078063  1.07419817791027 0.594412693096334 57059
5044650555384.77 320 0.475110989465297 2.53185628208534 0.323607754947766 0.408471309004376 0.527224421241669 0.577938605205481 0.649270644084643 0.725131126603875 0.963888958196805  2.07442157255495 0.654133000764065 0.998922847246798 0.818502793357725  1.09527961062835 0.735376252201685 0.877284054327019 0.910304607346694 0.817464870814756 0.653923816804557 0.481435473850602 0.927500045462432  1.15437783058947 0.390270205358581 0.491247084775591  1.09984726358943 0.285855556284631 56142
4299338826354.16 340 0.486252934302513 2.6144036430648 0.298388522489715 0.402095435432484 0.495364895202336 0.583017572968444 0.667724524681815 0.702874078910847 0.913647590995817  2.03951730240284 0.635290151326826  1.00316768950733 0.802269698292025  1.25606327088012 0.719447746505603  0.88943402909556 0.952547900060426  0.83020072892628 0.817531262626544 0.350021501236714 0.786564979044873  1.76405947744042 0.500471950345988 0.672814878357378 0.664278939261419 0.584184421565617 56948
3775747435670.76 360 0.478317862863929 3.04326227581777 0.278327651373252 0.382538966284252 0.501864908538198 0.545976416066842 0.626427246711153 0.708851302616694 0.914846498648375  2.57771631294161 0.616581084258952 0.971695456971539  0.78882575801154  1.26258527497762 0.709155438829856 0.867102955636624 0.949458782717621 0.825199988108758 0.899276044289519 0.199805389199299 0.796095764139534  2.00439930221263 0.456798192003247 0.691563325839933 0.485575670742148  0.52193942340591 56324
4282723753867.92 380 0.459678145675904 3.18279208602041   0.2564325929304 0.373818241167946 0.457183110748825 0.520806451994856 0.583191052201731 0.703109153453297 0.885682721262302  2.59770459644856  0.59203886251548 0.939259882477816 0.759017665924765  1.29158169487006 0.720313530495155 0.846986391978974  0.99055447490795  0.81680623740412 0.883474599044881 0.088707214591163 0.775429153084279  2.19578606776029 0.357979476500435 0.802609420762023   0.3227593082194 0.647047571678278 56317
3885535905610.61 400 0.482328049183938 3.35597451172661 0.237629578202443 0.348527499216062 0.426215684970565 0.520711713083617 0.575384834087597 0.668369316797901 0.908461182331036  2.67631855221535 0.592517684150688 0.907161180041066 0.803063864839811  1.29570927688958  0.68952915144667  0.86888718616921 0.968230114754258 0.835135423806802  0.734997045176108 0.0222270284040095   1.12225978383451    2.3099952786611  0.410905495641419   1.02333363290056  0.461247637089902  0.737411685912266 56241
2807468560203.34 420 0.488223438213307 3.4651584686674 0.218978358057844 0.337683217150295 0.406157486492357 0.497214688419041 0.620201062298069 0.794635055638231 0.858915048128323  2.62934392184763 0.573528331924122 0.882796847174124 0.790462066557596  1.28692909451302 0.664575949123097 0.863958238473316 0.947675714693263 0.851894492188374 0.838344917015172 0.234432982175526  1.03220965781684  2.37401673239872 0.457881889584245  1.01856026813695 0.650750543154306 0.970658975614005 55564
4015208246941.42 440 0.478601468312685 3.57578457049203 0.200138894544558 0.309699392151965 0.408226576480642 0.456856116360154 0.691158732540656 0.755605882082762 0.820471718487541  2.55902299724162 0.569140796669558 0.854505037876092 0.793511095763797  1.30875587887971 0.669385673924277 0.867008323090868   0.9346140960186 0.836151542627368 0.820743075785371 0.111540619058349  1.14083048001859  2.68551050005941 0.550453540195346  1.17369298218115 0.571179124419946 0.999546145381462 56586
2758762667981.58 460 0.469754654921776 3.76692509088447   0.1837195868304 0.287253359583588 0.396698222796416 0.461068566001762 0.702425217588956 0.704171738865323  0.82676839944449  2.60693034815949 0.543287331201985 0.819599039996344 0.772637712594742  1.32284200353382 0.659844919526285  0.85059676052045 0.950753004256459 0.825674985328573 0.822694403904582 0.082678913553506  1.00284616311024  2.93095674088316 0.557927443145698  1.22255439437976 0.717742105768544 0.891557511141614 56041
3621565185521.94 480 0.456942316165873 3.85757640798229 0.172056075855755 0.267083368898468 0.384659139769143 0.458747662283475 0.673672061163607 0.695080577030058 0.846716923344819  2.56034852683172 0.550757053269199  0.80142868658138 0.784751679639893  1.30855178893577  0.63583524072375 0.834756507955826 0.955557457849591 0.797717503564577   0.9989331036526 0.146685497781869  0.75368402635442  2.82350551636481 0.556145774481941  1.11767684451397  0.92791460849265 0.969748949965349 56068
2722148753597.75 500 0.444270362292562 3.92046070738628  0.16241049711738 0.249674882440351 0.372316256212756 0.435907648878127 0.627494019891304 0.680460612797889  0.89979717344737   2.4962513153069 0.543901777419068 0.772336449562582 0.769393931859116  1.25670487951392  0.62285656588407 0.823562660810103 0.958377519996453 0.787615113278884  1.06553379021427 0.279111590766758 0.858952200099059  2.70679606683606 0.619836159568636  1.26419341207095 0.749448990566871 0.832298544866236 56372
3016603137653.31 520 0.447336762774917 3.86382121443574 0.153789599308064 0.244810549886993 0.401734202730221 0.427455534428147 0.595321111949122 0.653512850358872 0.896071340080153   2.2959425180821 0.529645313821043 0.743088789255414 0.751050965106939  1.23116519911838 0.627094296446522 0.805297496097023  1.00602116661644 0.764742174883282  1.07513744863238 0.319972798150045 0.779999372415549  2.72872069911982 0.633758840646628  1.11173233908087 0.333290224706818 0.923514652624642 55678
2664143740050.99 540 0.428003350485717 3.92111346620445 0.143970614390948 0.236130497155858 0.393412619513576 0.412614754614189 0.554855786681259 0.683373789390819 0.913285810957573  2.21356702975514  0.52480310858586 0.713398475159875 0.735503992080601  1.18830836022107 0.602749476333969 0.769850032253022  1.02327367479226 0.752071525084245  1.15572067179264 0.341033553532587 0.860531405340334  2.76757212494872 0.608492351272215   1.0774438478873 0.326299935838432 0.842455891263364 55984
2658198082337.25 560 0.461498423205779 3.820161508921 0.142498377188944  0.23156963838291 0.367667609551851 0.377124913594185 0.531607623546214 0.658185698564205  0.91785214762866  2.07956915576889 0.521499245478576  0.68354517249598 0.728820906367112  1.26904392433178 0.611820070197484 0.762254604530554  1.00851090325998 0.745663560199343  1.21338978175549 0.311039268201102 0.642151050087134  3.30177659712415 0.486684017516364  1.31434843275491 0.241309838688893  1.00550102387177 56213
2995967542768.26 580 0.445897759657037 4.05994884847012 0.139996203960513 0.223786165803673 0.349628613833416 0.392278119984224 0.501967976720047 0.626131841286949   0.8679399266702  2.30758328048733 0.513915765999366 0.656973925988104 0.705138755742605  1.27919729352508 0.612124245941806 0.774068121985912 0.999870148267259 0.722554097452909  1.25325476263356 0.238647671770549 0.675757619857392  3.47327843683352 0.463233318249168  1.44089829704944 0.301779381332684 0.918494051440503 56022
2612757444427.82 600 0.432344345574306 4.16346450866947 0.135124579324088 0.214331586207866 0.338979668407623 0.366913241132668 0.472036240002211 0.591476249023162 0.863822788644355  2.34230846892769  0.52331653657529 0.636769222492666 0.691854124122346  1.26833672805061 0.600945561585171 0.765576419558292 0.982324775415879 0.717939387049595  1.34201592473809 0.174914634668904 0.712915303338864  3.53051242092449 0.465442988264468  1.53972793169586 0.506933939353796   1.0457044681472 55938
2683350216999.63 620 0.391873878010915 4.1088028926622 0.133530119897882 0.198637554159268 0.316581151935617 0.342252936847209 0.464199729302233 0.579900308163338 0.904925011075646  2.25429036361872 0.522600501974557 0.614137496363072  0.70776911310932  1.22911792294624 0.598248226527205 0.775588175148783 0.949557240737871 0.693365059868752   1.3372898761801  0.23566897783272 0.598105000937587  3.52858161693007  0.54278229196414  1.35159884019087 0.496840952655831  1.03011379234854 56660
2807340522296.96 640 0.393903170694916 4.14785221656097 0.123086041385987 0.195899139250421 0.310064888591844 0.345573748481357 0.447725010541917 0.590819889726173 0.872971725138429  2.11765570962434 0.523739380865108 0.595182125791643 0.711184883032844  1.22399666531376 0.603168571328141 0.755834962859884  0.92759066587331  0.70007779779951  1.33743581262491 0.258795540155767 0.717833832622688  3.52805525901855 0.602920890033151  1.22558723880729 0.484787175528929  1.20510694555637 56112
2661891508376.07 660 0.360145664698736 4.25397421333691  0.11345997906087  0.20122164091273 0.293004906278169 0.346256437553397 0.462990321287531 0.596954618096416 0.851035322008942  2.05320543419295 0.504905912470406 0.581166370063726 0.685482303848165  1.19267177507072 0.604864945027179 0.731742286516129 0.926726440439754 0.678614645371538  1.24716680769259  0.24316952764616  0.61076256949771  3.41394481439845 0.670109160313807  1.25974129730729  0.61297758412805  1.11618572616898 55757
2733452951611.04 680 0.395500403964803 4.25931307759329 0.108180982286502 0.201383042709092 0.285765124862509  0.34584691011435 0.437089822259945 0.549510179317432 0.815316220997409  1.96259210745418 0.497555733599671  0.56607947904835 0.664912412490586  1.26896064652855 0.595490292652679 0.727510466953798 0.941100309318378 0.668869403428626   1.3379430853037 0.228652917617405 0.604762138461695  3.83133492442793 0.656925143120498  1.27431590316301 0.802400686602616  1.20592126089164 55901
1985741033961.54 700 0.40810335712472 4.49995652577726 0.101158876265482 0.219747457098905 0.264857970510363 0.358123796622669 0.412624367060267 0.551460662629661 0.880912768049916  2.04842766433552 0.520247660068459  0.55371064934733 0.667476625283902  1.32726539212269 0.601892590821943 0.720229983939567 0.920799072537191  0.64685602399293  1.41067840992236 0.215501819889637 0.561508457764363   3.9649359489286 0.801899326553461  1.32475078821787 0.768882138581688  1.17578480210873 55737
1922954174891.99 720 0.403708311078095 4.62904830613536 0.103201643774376 0.207460441058684 0.257093085087696 0.378433108274168 0.388186089105526 0.534762118912563 0.851160732333032  2.21141392730151 0.503484417384057 0.543451945892398 0.646050389095187  1.36112155526072 0.582427312167674 0.720236143584011  0.90051075841972 0.632579580711668  1.33319494449229 0.115180519780795 0.638297438979656  4.25162535632651  0.78143765606232  1.51011076988684 0.783043228904209  1.25480422162007 56163
2066886296037.7 740 0.365135993559073 4.89681890934027 0.0958199901170073  0.191597942492477  0.243386402606083  0.350140569070057  0.364635900342689  0.518808836764393  0.825866382538579   2.29765177400355 0.506772725705077 0.524931011495489 0.636105143112819  1.37079154175838 0.573658545862622 0.710807258847905 0.877662252191604 0.638955885768627  1.37470339592316 0.177825217250046 0.540587451252783  4.00334086462185 0.739370377934284  1.53853909203584 0.747196501427864   1.0776954790359 56281
2166268389252.51 760 0.337620389245679 5.09870285085633 0.0890278818889949  0.186282652383721  0.229346661732003  0.339152277403996  0.374724667050227  0.512438477417576  0.783547051040116     2.314437436835 0.507938855737895 0.509721728077831   0.6278423252759  1.34082060691857 0.574132088993913 0.697857359976412 0.845366726087757 0.630200254011261  1.23912745694568 0.217989447227451 0.648820044091409  3.71066918208494 0.799889672203924  1.43102545539656 0.826127298402777  0.99107644086284 55967
2567172514064.27 780 0.317168204109233 5.02838412170928 0.088124735328456 0.184569284133484 0.224046555669027 0.328149659788641  0.36198616859405 0.508878001034379 0.714276600485004  2.22820281377321 0.505363220660133 0.503727916867903 0.612222275777698  1.31007180223408 0.569767647281894 0.676113249524179 0.857209094034339 0.640528935834989  1.35018207519329  0.18163459441007 0.648075228471758  3.79556751616171 0.796974930196172  1.40423045098344 0.958711976166864  1.14251249036885 55793
2495485409190.62 800 0.310362793977189 4.88573042761166 0.090349556493417 0.174215739248341 0.211630225492435 0.319604938510567 0.351382025897537 0.477474103501031  0.74575389547288  2.15667660298749 0.500952886859681 0.485886404832008 0.599287450178593  1.30788692270857  0.57011303023061 0.686630167725075  0.84146922616318 0.645800580173928  1.40115598687364 0.155410463495056 0.610095062710502  4.01298977049759 0.697679020102031   1.3997429890246  1.04490775319115  1.24837482088693 56227
2447701452640.9 820 0.340606096360686 5.02444559705068 0.0857608057239897  0.169199711262661  0.198187525035396  0.310348270265809  0.350863803560232   0.45518413177241  0.743791364912806   2.16503613365551 0.488305168676249 0.464669472411676 0.579179033382052  1.30067519267352 0.564846774225745 0.672423315933306 0.873102347121989 0.711734366807001  1.37677242051133 0.186176937854236 0.646899665288627  4.20362921273549 0.663029034046388  1.45548885018125   1.1643456766235  1.42738320721323 55954
2517928259439.36 840 0.32581922081056 5.20416979933662 0.0802902403404096  0.158793777782978   0.19375868725732  0.305061401638925  0.352531599982774  0.434609249030998  0.822066167052875   2.17453135441472 0.467530159779294 0.453039965594323 0.563827842424525  1.26530326024053 0.559351325718279 0.654886575356245 0.865057051176525 0.729205925877973  1.34849463243365  0.22085982433448 0.605549642408443  4.10499304824997 0.619590277369471  1.40199369564983  1.05523510997677  1.39197032726173 55973
2518891307654.72 860 0.312536757796955 5.08335604094576 0.0800218104110574  0.147518225870282  0.192093605163392  0.291573900516132  0.353414434718906  0.432148522778383  0.799964370592705   2.06780428323693  0.44948207679925 0.455136247413923 0.545602324219264  1.25387996244948 0.564515404284092 0.699068540839312 0.844647695476453 0.719559897780952  1.36408061457797 0.308167991833833 0.666276494384914  3.98817231212262 0.744695063566001  1.27284490764277  1.00947693078009  1.37599321046603 56185
2070284889879.95 880 0.296363464098118 5.24027216326357 0.0751172469628525  0.139582946599151  0.187225240472933   0.31071164668337  0.334960212819867  0.431064205716635  0.776235560161577   2.06275358051664 0.460129832339149 0.459477339426259 0.559797096018448  1.25521938555313  0.54876977291431 0.716450646846324 0.816167435127024 0.700406886156105   1.4605293192252 0.176555831207713 0.507646185054923  4.26091122015825  0.70249692965342  1.48127020778805 0.983183908012843  1.44393938373045 56075
2333515653557.15 900 0.270091689845398 5.43256502402247 0.0721413963679077  0.142237878321026  0.173122868527026  0.290081334434381  0.320385376920042  0.435422153643731   0.72045334103219   2.12909191475512 0.447575009451202 0.441770245780391 0.544219203325563  1.20556447988672 0.540675833607814 0.690774434677534 0.833421088984051 0.682774708930386  1.41728779983968 0.164406344333421 0.524614340197528  4.17351286191475 0.708342214888262  1.40015127650717 0.834578623108018  1.38138731630719 56023
2712637701961.15 920 0.269316238434075 5.36681742892265 0.0674042569468633  0.145006621945679  0.188040833576463  0.264476901998237  0.309860689243791  0.417436265324988    0.7416641503635   1.94142656754536 0.472565683477036  0.45995119210851 0.542414181042207  1.22786618870064 0.522770698563571 0.742206012833544 0.823830914085271  0.66919741274366   1.40822311548615 0.0868070866797851  0.541291675468768   4.30743680077879  0.741826772912878   1.55251062274069  0.775503074191841   1.31457123908393 55991
2449671613958.42 940 0.239776692702361 5.43995581581616 0.0698628393373996  0.140554308029233  0.177570330851434   0.24319041957461  0.339741393649577  0.394816378297313  0.754228459107157   2.06745933761366 0.484709800099406 0.450995397370991 0.562489414703934  1.18416606066181 0.516201253650016 0.725161180561702 0.800432197060354 0.665400392398316  1.43594020974065 0.161454930200591 0.528297058866156  4.27638634878904 0.779969916618387  1.46882099541196 0.874773453691671  1.29281114913002 56108
2265528835270.38 960 0.2516540030858 5.51745805000056 0.064045181186877 0.134516233982517 0.172656975639372 0.244547776086542 0.338726413414703  0.40602600808541 0.722551913054136  1.94968539454815 0.475471755302213 0.467333109810638 0.545893838161265  1.20529199559143 0.522592813152036 0.715309294490962 0.773050927601746 0.681495013695021  1.42194278586326 0.075607056276734 0.590699249161616  4.36116047350536 0.848986126980966  1.47384615235338 0.930412134322431  1.27988250439863 56198
2427519375253.61 980 0.236096047589479 5.70295498672345 0.0612114939390147  0.139199812624731  0.165735377781737  0.244525351862976  0.336085288843667  0.423606669642448  0.680828338694621   1.99082399490588 0.460291066049953 0.461083822845017 0.534897990289368  1.17960404080111 0.520251168022611 0.717633651809268 0.745095304495193 0.690737555618934    1.3903863424467 0.0937261472996713  0.630095892629407   4.30007010281702  0.875121914191292   1.40683238578145  0.942953454206943    1.3196668478262 55945
2071087603735.11 1000 0.236972846979858 5.78792295511533 0.0569460968833577  0.135366805585835  0.171406972095148  0.245717523687922  0.327552627622447  0.424907964419969  0.650397225090927   1.90769721444028 0.447730889721211 0.454514801532354 0.513809846671623  1.22061859424885 0.512516323034103 0.741162805424594  0.74017243887952 0.665390365167176  1.38913903713866 0.171160908711906 0.631924405375884  4.03641031151119 0.850034791788256  1.31749244122085 0.966734856680718  1.36398059619568 55895
2429720806337.62 1020 0.223109654892575 6.05594987689483 0.0540470462249241  0.125993774365567  0.173860323495513  0.252233624063085   0.31858496071687  0.404059421692069  0.652622718527551   1.98214995935513 0.447276058170067 0.443255177900651 0.511845383714161  1.24854336673052 0.519174796173695 0.750620470841447 0.711588872017015 0.683327411413657  1.37461892967844 0.170650906151075 0.644624592831555  3.96076056892026 0.893454624261643  1.25418018344312 0.976689261538337   1.3152553936571 56039
2390473489898.69 1040 0.213069180884439 6.3244574309085 0.0528419027663378  0.119114286481248  0.164094499438463  0.241523027386519  0.311066387109479  0.387565457453688  0.633829652379369   2.11361068156505  0.44969761644966 0.434002913357611 0.515994275244826  1.22688172414782 0.525873252338618 0.782282231554913 0.701138580672573 0.699154007250185  1.42258386563505 0.135426363153948 0.610308390963219   4.0186143418888 0.882262505533002  1.27584713192465  1.00745353506225  1.39779205864131 56019
2220391441838.23 1060 0.207458804396393 6.34143338885705 0.0523813119497315  0.120418627849652  0.161783382454012  0.235476631299056  0.302865763345767  0.404142065013306  0.647476932766239   2.10645041999228 0.459032597546543 0.427231836918541 0.496602786961511  1.22935467130498 0.518214545302936 0.771336925270685 0.746101045870332 0.727744138224615  1.47855984691208 0.117660069743483 0.579633211676669  4.17346332023314 0.893072612855826   1.3305954127099 0.866779490522275  1.39032206087413 55992
2059387901752.86 1080 0.174680930959392 6.52211865805783 0.0500362827425043  0.113649753242906  0.159586458242717   0.23306379326004   0.34369627930237  0.381075449834511  0.691397470014665   2.12844498594337 0.442845884703717 0.416690976051816 0.479670974583432  1.19018246403464 0.505109875149182 0.766769657159004 0.725301809512816 0.716553016913148  1.47568976218252 0.140569892525076 0.579990439251355  4.14872316212365 0.881799275497387  1.36369220141807  0.95282958939987  1.39598940933471 55989
2533099954139.31 1100 0.141089388919004 6.53955873502424  0.04726327038956  0.10592617298634 0.165908883527651 0.216365152483703 0.324881113886409  0.35471781373178 0.662629702302155  2.02125291341068 0.440127120875035 0.406201141406991 0.481383974649701  1.14540819909418 0.487783818348165 0.745064559649155 0.714176449618297 0.714227611738101  1.47510395462414  0.13042172506919 0.571295836793098  4.14476638884731 0.880992891012617  1.35565246169214 0.964635242494037  1.37504138601059 56785
1908252414707.16 1120 0.134389085403122 6.59802470497578 0.0434148941450826  0.101858334681325  0.159519776510019  0.213192068103374   0.32384331155155   0.37407216381552  0.609703545657182   1.89002096299378 0.436461201312822 0.399772534578693 0.486334019953598  1.16631190822281 0.468372716903989 0.752056474365036 0.691067030503655 0.741863300666416  1.50521802098808 0.115697267489417 0.528781063578721  4.19290464505349 0.862846546092889  1.42141809613534 0.957150303107027  1.43866292187256 56360
2441925982909.14 1140 0.131982968744884 6.60463914610847 0.0460895130121243  0.103420175002127  0.148886180763816  0.196289221606967  0.313307592479393  0.371940891745574  0.569601321637855   2.01048254973282 0.429054280751357 0.382698603763389 0.487149719074049  1.13838521647376  0.47420463538227 0.747277991699576 0.662295839412023 0.767451396472742  1.51674551864951 0.124999477548827 0.535079690356512   4.2274829879984 0.827732852592547  1.44499686010729 0.954627569354364  1.50621551827585 56156
2125376076444.71 1160 0.132109985097939 6.61650940780017 0.0454165398844616 0.0970526952298287  0.143200105460336  0.183258192340217  0.306228480659277   0.35074238858887   0.56054078434614   1.98825421847134 0.420751954348791 0.384213464018733 0.471580606926577  1.11772215828695  0.48335751367406 0.722904750883096 0.671871930548555    0.778851262888  1.51704274038755  0.16063105041249 0.533884833129583  4.19366748268863 0.797671287447604   1.4424160967613  1.00127363505429   1.5090690369144 56065
2149206015116.22 1180 0.141376292582796 6.73253438820242 0.0421208943888071 0.0975176584631539  0.132328349556892  0.170413131709041  0.292800250506711  0.347893353011574  0.618302000573004   1.90921459240309 0.406981265455961 0.419433429438437 0.455957240399726  1.13033002981367 0.502595767673759 0.749489399195842 0.693954194771226 0.771549960287439  1.49981084144322 0.209641600982183 0.533630035987544  4.08918641532465 0.853097101041423  1.36793303610777  1.03860336165332  1.47409803863524 56793
2404256065119.42 1200 0.13428585422219 6.71661853672564 0.0434987358533555 0.0922368503530784  0.139424519290803  0.194178854538007  0.295363915625108  0.350737851973982  0.640502107450161   1.96235692930028 0.397413885271107 0.427963936359282 0.448515380920495  1.11743634493935 0.486275135514593 0.727678763990657 0.698035338787709 0.795069055840903   1.4799564865825 0.207490507341683 0.535042467786253  4.06600088127021 0.849481891869672  1.40102616295136  1.01472909780065  1.43167760581872 56710
2290083513812.92 1220 0.126333458974054 6.73879134286757  0.042321983282962 0.0924191983993407  0.138356467874125  0.187748502717617  0.292153823085202  0.357399479853325  0.643992882153711   1.92189665031271 0.393012228168766 0.424056451754734 0.434050970017572  1.07405788085818  0.47719753844633 0.710556708947296 0.686823038279192 0.779771266547725  1.51800915689755 0.180204621183789 0.525641835731895   4.0715496309224  0.82983943070281  1.37535479849906  1.02419281859502  1.50205546296945 56443
1923721287349.63 1240 0.136078328137556 6.47479835479363 0.0419945499969182 0.0917307284500236  0.138055042824401  0.174384057783482  0.291707750982096  0.350480267079841   0.63977000970279   1.76053809632596 0.408563029893328 0.438162024127386 0.423395834844249  1.12188494534307 0.473201245985552  0.74632212246076 0.703947702659413 0.788823340872257  1.55865633620106 0.140614062688862 0.515009594817887   4.2087427064403 0.802254262585243  1.47492903814883 0.943474427008075  1.52024628702587 56015
2371940780740.44 1260 0.129276668356743 6.61951619943416 0.0453601808764962 0.0862190633261681  0.132224205644341  0.164315143597091  0.296584586025111  0.337331207802737  0.645873780024598   1.98759216589831 0.401192254025382 0.428756177268054 0.408962395252022  1.09796198575971 0.464172736381727 0.751579193531422  0.74064528755702 0.800668054761394  1.52961214862448 0.156328733911228 0.520914969037734  4.16661056042741 0.811309700194076  1.47627969611277 0.907520132316144  1.46115458252599 56079
1996096637423.62 1280 0.115402287094271 6.67099031656019 0.0440746809777821  0.080980695383498  0.126365719974849  0.155724485898869  0.282162242371701  0.374740490350948  0.662045540843761   1.96141638058302 0.391591404489215 0.425319029036171  0.40334511975384  1.08838105779752 0.473820721634021 0.748854822421965 0.738708838758758 0.789975053974434  1.51123013842317 0.167733430693184 0.542116673736965  4.10558444394254 0.847432582401427  1.44225908498814 0.967439058026132  1.46893203750763 55976
2369956091678.21 1300 0.12721158151044 6.80221790665902 0.0421980064291597 0.0797880198113665  0.118862473673232   0.15127416200586  0.274090489350376  0.352136526216796  0.665683129604067   1.95250886571759 0.383834254682654 0.416613716831255 0.410108694642086  1.04453931821268  0.47189067934339 0.764963084929232 0.717885744027061 0.771144147767038  1.52473063202873 0.172371160940142 0.509315812025596  4.10887506065377 0.859659584988293   1.5068138538802 0.974094586888136  1.45648782823467 56020
2317584420378.99 1320 0.122983756564827 6.73209371694307 0.0398676443929603 0.0825215705171645  0.137491402148813   0.15740427013816  0.262517656728698  0.384361363282186  0.627010985569648    1.8068449327236  0.36908552783671 0.405833338550599 0.416344539371968  1.00864810498861 0.479444018180591 0.765595809259863 0.700190037465628 0.766647236981931  1.50632508871465 0.154486175466047 0.556677593509672  4.08117917735955 0.885148578275694  1.43673277987681 0.976276888349737   1.4204428801583 56024
2193999940354.59 1340 0.130083334850926 6.65900382299735 0.0389709917334212 0.0808183118496654  0.140339370953086  0.165706280183877  0.259983425702728  0.368294515222481  0.603478638829768   1.72806465048813 0.354363266821537 0.396492490252806 0.425791984577764 0.999005356147771 0.514732062038759 0.792945211757616 0.679034406554735 0.737363493155929  1.50468068352539 0.148950395609699 0.586370663389928  4.13410708138581 0.927616330471849   1.4001308466791 0.952432430298639  1.45908067935203 55948
2113497784734.99 1360 0.136164759860638 6.52822224114074 0.0390704827420913 0.0771744796987643   0.13141775687955  0.187108525265788  0.261411089940366  0.429410845513038  0.569907255362541   1.66509355090403 0.346148809708672 0.376770375287726 0.429481492707474 0.964551617556759 0.509399232768489 0.804485776017393 0.679891403198231  0.72528156441633  1.49231006725306 0.155249278583882 0.606793230557731  4.11367415654281 0.939395384610544  1.34723245544815  1.02502736835128  1.45887386923012 55957
2128737774012.97 1380 0.136659829291183 6.72633224648888 0.0355887692526122  0.070828032125003  0.121917347020599  0.187390274826034  0.268918346517819  0.438191567874533   0.53856326141545   1.61016210061923 0.345110324685966  0.36807872373705 0.429877805145164 0.946579361538968 0.514538600555799 0.811806777169335 0.677485710157844 0.711368514723574  1.49031972919114 0.136877061303428 0.612303538514147  4.16058870681941 0.967373115876951  1.34134656135012  1.00213669384412  1.47517645977708 55967
2060682735030.77 1400 0.137769147344153 6.64589251693687 0.0348720602920749 0.0653065937952716  0.121282923829054  0.179510520106522  0.306911502206083  0.473878823412554  0.502215110080312   1.54022523052691 0.335717988980427 0.371383786972335 0.423465485729968 0.940333804796069 0.509311279569855 0.824976388394328  0.65681010494352 0.703787249475913  1.50170008448591 0.108327940990331 0.600532948050665  4.22162830251631 0.969066244435924  1.43165015475171  1.01321572458714  1.50227887995337 56517
2052605798512.41 1420 0.117805499754278 6.7380474105933 0.0335929421534809 0.0694575755594525  0.113548916221392  0.183683991827637  0.317261729250069  0.449008754911417  0.489166614458107   1.52516267040221 0.330948639088923 0.364292406747717 0.427617128413038 0.912694592468288 0.508786815967694 0.802388550480069  0.68817333690776 0.681916908171609  1.50825404768739 0.110620506766525 0.583911707955249  4.18121612957625 0.935380777403072  1.42747037192228 0.962719420684773  1.48604781274947 55965
2014150103517.68 1440 0.0999775412496316 6.38701397449996 0.0349881413725472 0.0647624015095037  0.103849065461592  0.178807547898443  0.316279177422454  0.468057384561193  0.505340287421161   1.42730440264017  0.32253731083951 0.352693259969265 0.431519427215886 0.906195093110529 0.510723966945247 0.801211217999258  0.66830308711374 0.676935689798744  1.50781794595527 0.112239520490167 0.597871625859892  4.21358076513305 0.945896910851209  1.43877922644219 0.985271073799284  1.47769757961526 56070
2178090637838.26 1460 0.0939470956762099 6.55839695919858 0.0321801344339766  0.065187089703807  0.108158545539819  0.171259113389784  0.330371686607786  0.466048549127161  0.486115320526603   1.38415030665392 0.318374761576003 0.345364355097398 0.424694393199022 0.885756814593019  0.49106381722411 0.777514827657927 0.670315005575748 0.666763804492211  1.50834574676866 0.120505238321578   0.5750360814273  4.18350908633816 0.943803918643668  1.41111432100712  1.01837024237218  1.44965187704433 56009
2215126626208.1 1480 0.0880420174720304 6.57366660651967 0.0306621555371718 0.0637404892142502  0.107415727743095   0.17009082149676  0.332595363087869  0.430441372367714  0.465186148652706    1.3250065681891 0.308525434872006 0.343862407136556 0.407362316429215 0.894513490987435 0.478202794290029  0.76509520686344 0.666610454812204 0.670440975080456  1.50939974285498 0.132366805242681 0.574873677854005  4.22167893414674 0.932566107782709  1.43512334744788  1.02635158931879  1.48902846895537 55961
2197672910392.38 1500 0.0846696074785617 6.57472071020343 0.0305468663209181 0.0655495325932204 0.0987357355623378  0.157222682315771  0.308983722369903  0.412786530667968  0.493163922195443   1.32044793694822 0.327346288951562 0.340646447107179 0.402726626052262 0.924215730991379 0.478258149597411 0.755478367676417 0.681473868245996 0.676651132162998  1.53114586708931 0.118597294748988 0.566927090028472  4.26868742105724 0.911212816434403  1.46418382003212  1.02068147864093  1.51663609675592 55983
2169259542475.04 1520 0.0887992323550429 6.96652649434277 0.0293192120571486 0.0601332779664451 0.0928976700134199  0.168829030799529  0.292514244937551  0.396155527782816  0.498517486534357    1.4229344069122 0.343925657623658   0.3443937077833 0.403286201829777 0.936847492118004 0.461996671199942 0.747810838642198 0.677405172123891 0.664097875682024  1.54884069615661  0.10358480566237 0.558942997997457  4.27182814349023 0.914645548035882   1.4819222379779   1.0297478244076  1.51554884230377 55989
2137728023625.17 1540 0.0968947466112004 6.88067700159808 0.0300441926851898 0.0627973044460849 0.0934291321269534  0.171075823521747  0.268905832159066  0.416380327805543  0.484744259611709   1.42240372594654 0.356393174029028  0.33925332953682 0.401143895337027  1.00690859462578 0.460429264455699 0.824028865169144 0.655882415190183 0.702201886615424   1.56465232769042 0.0969800816999016  0.546478871936588   4.35277666138157   0.90620538473393   1.55091627599827    1.0297331212523   1.56952079501958 56038
1998053049617.57 1560 0.0979046360682331 8.04285430555819 0.0277835845830771 0.0580255143705389 0.0961663687247111  0.161961297767427  0.245746542721144  0.388546203396324  0.455697880346053    1.7972507772056 0.357741054470184  0.35143641043983 0.391694358837256  1.00540051467476 0.445792515349606 0.819193732028194  0.64169050390202 0.718612846208505    1.5717398017989 0.0981780058910856  0.556449664847287   4.35691633082623  0.911396545547003   1.55909681836767   1.01970832228229   1.58287571180472 56059
2090556557311.04 1580 0.0915192471123906 7.99237853874181 0.0287768791012396 0.0597035733748793 0.0904555353542206  0.160269464265251  0.230856091725577  0.367783704967671  0.437663308245326   1.83821278412523 0.365706161691544 0.348725819674955 0.386616762012564  1.05117896711722 0.439164413982262 0.809916374177094 0.655103503526187 0.745914904163217  1.57113264541639 0.099437865013112  0.54109849307947  4.34187474989864  0.92113766641148  1.53498008111488  1.05894949058623  1.57661096487496 56031
2249623393042.01 1600 0.0912469178842701 8.38021151871575 0.0278268975919324 0.0554624888647683 0.0875824414299026  0.165727823333396   0.22545688736546  0.369043356515018   0.45885426439354   1.95422583634547 0.362218816723092 0.338942356401006 0.392153889295335  1.04737388323574 0.428888360752123 0.799046011946721 0.679760315168374 0.748218308050417  1.56904621909573 0.102078422750912 0.554191845846039  4.33203966756779 0.918426970687104  1.49756260381134  1.09816966555123  1.57137203620673 56494
