nan 0 0.72 1 0 0 0 0 0 0 0 0 1 1 1 1 1 1 1 1 0 0 0 0 0 0 0 0 0
9713662341060.8 20 0.759322823472952 1 1 1 1 1 1 1 1 1  1.02590519318036  1.01455586797899  0.97119706185482  1.00566865778314 0.961039475856994  0.98279664767725   1.0830263389884 0.980095587631616   0.446288080563681   0.529199079493391 0.00259274627149995   0.450114463932375   0.168924966968866  0.0699328100021618   0.749309671331624  -0.150342150285969 66218
15304694366283 40 0.732948178096239 1.27853602551687 0.896860092476795 0.903859395964569 0.907732369848596 0.931020615719565 0.963240349688661 0.990952186630655 0.999696515057273   1.4660562681404  1.01244912154337  0.99604932043526 0.963251716913496 0.989517755149051 0.945495636597963  1.02335052844068  1.05607945280066 0.974496231040839   0.575112530595846   0.273355765056838 -0.0502007428317095 -0.0189400698426248  -0.182346872330668   0.672302329287876    0.26886497922693   0.162510868305373 70209
7362977257043.03 60 0.813771178460676 1.33231819597822 0.824148000527964 0.838296763110203  0.86086584010885 0.899685040122976 0.955228485201776  1.01000852764121  1.07916723702298  1.46292185443568  1.00274486025195 0.969617678717458 0.935412282606089  1.00532735602941 0.975962747515204  1.11725005064412  1.12089376152679 0.985622627269662  0.828042857287731  0.395313676312997  0.139114694727496  0.475060244887648 -0.474092297628965   1.15795440382604  0.850896450282937  -0.31945143788275 68264
11409708947650.6 80 0.792885798257372 1.54478895482295 0.750306828852491  0.80973200254316   0.8372933675415 0.862840210097149  0.90746956752311  1.00768898616268  1.29409782010146  1.79051189427036 0.969880175120128  1.00876004080875 0.937186965452678 0.977738098738525 0.978960002783878  1.08232990344005  1.15911781472263  1.02159626865745   0.48972247234583  0.979504506813708  0.428290932547191  0.124973010090519  0.192984146977693   1.00312332246066  0.658661602141051 -0.110465861480925 67945
7071629294096.94 100 0.761818418842613 1.62526770502318  0.70641301159755 0.756140182986457 0.801921705614223 0.826957115445996 0.951201021042145  1.11776674590882  1.28318302295248   1.8659865178884 0.977069268925241  1.02289936911355 0.931448540594144 0.972309415108929 0.969459663319552  1.08030005051759  1.11055928024921  1.01843730668219   0.907976203960499    1.17928933358193   0.585212760465021   0.230792031653855   0.353964886895968   0.952027329580338   0.680680109751421 -0.0656830531103362 68491
5540177050203.69 120 0.724149462256266 1.67197220598398 0.648347823979972 0.749560045942306  0.79388092201016 0.859813749843427  0.92109208745206  1.11782583505411  1.28845515021569  1.81245054413938 0.947922024963445  1.03520790280765 0.926623575930722 0.974226386328723 0.964135097146708  1.04891574703135  1.07026412049398 0.988545740176882  0.683435743052644   1.37880732466889  0.817426019874769 -0.083876468787051  0.582531356293675  0.930661128784137   0.82519896050155 -0.161911624918949 65405
2575583888289.29 140 0.786339910158044 1.70312437693742 0.600726927927267 0.688500176109709 0.751087456111465 0.814194838618542 0.866621147463501  1.04734197610069  1.41946790949759  1.74248813686625 0.913828190191603  1.07135078780361 0.905909156113587 0.988571411150874 0.968784649240337  1.08626077185976  1.08497176598332 0.961598505978176   0.840434838546197    1.89341070993016    0.94424295430126  -0.541191611549162   0.783697047050155   0.267440587973618   0.680655114121633 -0.0136705448422756 66870
3769169590049.53 160 0.823554593691682 1.81445451536001 0.559397418652756 0.659412339045737 0.740270791549506   0.7863567768181 0.850703984602612  1.10309673819387  1.46024937778173  1.84167345991275 0.882157006053709  1.12459341673673 0.911943580461711 0.970155036583979 0.968209060853136  1.08932937411136  1.05252407259149 0.956110464444825  0.833007616518849   2.38024772543224   1.24068380225305 -0.404123678706267  0.975837930908466 0.0672386279801036  0.745133637558124  0.130704344321152 65414
4061117475793.6 180 0.842570886726476 1.92448432321722  0.52427411903476 0.639612398554602 0.689234435946934   0.7696796154048 0.828435916853149  1.12829631243762  1.44051929024625  1.94172255119914 0.854265696031454  1.13232615735615 0.919506739087442 0.938669389397394 0.997641494177113  1.05111751294436  1.02149951499267  1.02504445097832   0.95456068054743   2.46626952669072   1.46659790016616 -0.538599569113484    1.1539238460445  0.461087077131923  0.757493324250357 -0.623735110534257 65444
4522574798251.31 200 0.86937378300203 2.0074705986916 0.480091296839678 0.592343184823275 0.675112441655448 0.774263457164766 0.926574387360684  1.05854467182624  1.49117153589628  1.93473825883556 0.836506696582142  1.15365094034852 0.942004445150378 0.915054578798426 0.995295266349693  1.01854685394673 0.989094721251173  1.02510977495913  0.565944133642126   2.49958460357062    1.8820168344155 -0.516373294159992   1.31560058778061  0.730819105000024  0.580590976221147 -0.845648547472737 69491
3098668233185.88 220 0.940462749787184 2.1655944202043 0.437464007368431 0.590423058834239 0.630317302884347 0.720994924503937 0.960941219698017   1.0415379453486  1.37926317440157  2.05161834864427 0.798639126464955  1.20285944295823  1.03448405339366  0.88601512172371  1.01600077637084 0.986870034351586 0.994417632938628  1.01736772463593  0.609424148553205   3.23270440184983   2.41852939132794 -0.601055400170209   1.81915524042726  0.399679467876799  0.884914665431442  -1.16622006789591 66115
4096719554288.86 240 1.03187576867214 2.40538953681888 0.422888620181502 0.573239290000227 0.607085217555495 0.686189783466069 0.937268330890962 0.984912940326396  1.31157395205758  2.44679077012251 0.778032650409304  1.21272133264641  1.06318918937683 0.856008313212301 0.998615873777713 0.982393823770172 0.991244343713158  1.08478221607565   1.00149392186392   3.72132061071529   2.81612379688642 -0.685076229067091   1.97219560457936  0.106612204761611  0.411861047514063  -1.71599357338375 73247
4445729505859.36 260 1.06794828645101 2.5802302545897 0.404537922912879 0.535085449055576 0.559139191315622 0.697823160672457 0.945804986530771  0.99327826724836  1.23188254775304  2.69324688856619 0.756177698499539   1.2225665938919  1.14226935777991 0.841207151778324  1.00357018274802 0.973218379151459 0.969794818515093  1.10092636478348  0.886645886294793   3.80203615546773   3.57040279438584 -0.845245013766086   1.91594080905689  0.537679426072074   0.24603917635668  -1.59206420573269 67968
4072773080705.38 280 1.10377849333021 2.80579626004165 0.381476017153941 0.497945195710948 0.527306530298904 0.656355244437345 0.895074184548068  1.05661943757928  1.16778677003103  3.00316714228811 0.736459301601955  1.18731920657515  1.23544154469308 0.813259847837374  1.00537907883535 0.995096680578092 0.944709716679369  1.11256852435575   1.04340342685973   3.75935161793209   3.93087161753027 -0.573588794404888   2.04309681631609   1.30078789003713  0.286449302800471  -1.41108181772468 71086
3635400865843.59 300 1.13202572104084 2.89871463051551 0.367884512381322 0.476945224121549 0.522011413025607 0.668172315231941 0.878193021684622  1.05361200361803  1.21311104236078  3.09116672528542  0.71251876456096  1.13947212272634  1.25327014221766  0.78919949459975   1.0837191335464 0.985417173921221 0.941481421659087  1.09180844327824  0.901668867199297   3.74029549992855   3.88709743296778 -0.288113626402435   2.90043052502377  0.781918430556848 -0.195095919394665  -1.84216071383961 67932
3410296283648.35 320 1.23275847070535 3.01236386788336 0.346087841643808 0.443671955106364 0.528191180261993  0.69887952132183 0.892770663301673   1.0018561642279  1.17155399963331  3.14051738569217 0.688696970652718  1.18467059806822  1.30497257891264 0.781875132251744  1.13113223562244  1.01704912139468 0.977164320422826  1.05360008959122   1.12146764409924   4.78420478439903   4.90289216602438 -0.652173745807842   3.68753596746251   1.54980036367244  0.620372225686678  -1.84493996366298 68746
2836741843253.17 340 1.27365654720879 3.31898557522432 0.317208273731436  0.41212341267084 0.498266022675195 0.660130587904472 0.944438412745059  1.01702097190615  1.22735456602094  3.49426015749499 0.666793461477582  1.16116414223535  1.30761688730424 0.753455925196639  1.14645896642616 0.989736346955305  1.01347181407761  1.06308699779069  0.942504228306079    4.9376837181594   5.38377779437805 -0.589340907625759   3.95653700937656   1.44977767292885   1.14975038804671  -2.68545202771033 70017
3136115002496.72 360 1.32592754192312 3.50416326619507 0.291325390052894 0.411229328824666 0.476977134569264   0.6229486377302 0.908468411090142  1.02499585268891  1.20852283302262  3.57723113366564 0.660184042372954  1.13493754046562  1.34965965975615  0.73404368210229  1.17713129471736 0.976552933009465 0.992528041972051   1.0359079082036  0.400290419024717   4.39906302953962   5.85677039183723 -0.826648235839125   4.43507057793249   1.90862376693576   1.04696887323182  -2.33033699627435 67862
2923044092901.11 380 1.26576438455115 3.68773272921941 0.271127574214846 0.394735914631596 0.463932762953126  0.62323389910707 0.852635353602182  1.03766100320395  1.15134690545205   3.6871649261566 0.638668434806542  1.11356705469825  1.34940786154333  0.71111616377361  1.22574639701231 0.981626576366217 0.953182652171634 0.991863600766178 0.660114754244355  4.84287033658014   5.8408145272098 -0.87405412060418  5.10377610099339  1.98919016377707  0.91135176482678 -2.17933687145409 70479
3356795372799.98 400 1.21244451478594 3.88810114609431 0.249574343083494 0.386762232199252 0.449760567214353 0.599879278282246 0.808272481355831 0.944305185162103  1.12146034467918  3.77289783426908 0.612920335859622  1.13255869163097  1.36908916937018 0.686445536973725  1.29701143689247 0.952422688098837 0.946438491241576 0.966386281414451  0.407238709919406    5.2085639881426     6.470851645253 -0.914401462963171   5.83934942517259   2.01355685832835   1.18686939193765  -2.51697997495888 69201
2545401270327.18 420 1.13972428502307 4.25125111312629  0.22778637862764 0.358699381145642  0.41056583675329  0.59304104941556 0.746133546811269 0.905444872421517  1.06448379268448  4.11681420600259  0.59800474423555  1.10587066153776  1.35975511839841 0.661427335176959  1.26825485118782 0.926955363127396 0.934070566748538 0.937972326156175  0.697111718432546   4.69435325191883   6.56678464171186 -0.546221979320142   5.43679873145255   1.90956329457456  0.564780059128997  -2.11621432537762 66184
2654563486270.98 440 1.12205783262502 4.25338450407707 0.214421767392714 0.333397029298442 0.447336786170309 0.580195171183894 0.696606327494804 0.939017617166664 0.996837342149704   3.8791641761445 0.589822125050955  1.05576109689451  1.34331685267693 0.681535248099078  1.24567560467936 0.924997296665318  0.91279751148579 0.965147230485479    0.91479826349898    4.54674636308157    6.61424906476662 -0.0211462353771681    5.45943300894934    1.86488386966816   0.834393127232362    -1.9115289228509 66524
3135579160642.41 460 0.931495490332059 4.34952069672637 0.197585591758666 0.317525243561333 0.493467580044006 0.558417261534876 0.726117181302255 0.865732364762778  1.00671356977608  3.73798948568274 0.573209958576238  1.01931608769162  1.30685786781725 0.670973577381867  1.19425602554101 0.913392550624391 0.885952805839778  0.96881595177108  0.846444431386399   4.54560693457561   6.10428363815188 -0.573179958545056   5.04054624207965   1.50126958375336  0.735785483179311   -1.9306451732633 64392
2713136746992.1 480 1.04802766799725 4.375043068484 0.182778622439188 0.292218439532031 0.469323882855267  0.51962555852914 0.713454196083493 0.825964404913745  1.00777704531601  3.49856595044815 0.577515094433269  1.00748193175915  1.38535875216984 0.691246869379395  1.17801028662111 0.931212667666627 0.930088451389207 0.990388240109472  1.02975602459593  4.66786594283493  7.09458554080534 0.011343974944773  4.91945890306936  1.84591415610492  1.60695203172343 -2.06721231417703 66080
2219483576355.08 500 0.954218415453707 4.63476948572748 0.169783027997065 0.303742189196659 0.466214056644025 0.522846404332111 0.711530373473073 0.819882181728263  1.20526086488899  3.64712419686229 0.571697368148104 0.974917414677242  1.33127535794125 0.669748755316398  1.14400440048877 0.905657422452781 0.908615181826494 0.965531004053731   1.15534276851341   4.94648116687008   7.13037728580031 -0.235093420366774   5.21973086908512   1.79499763278341   1.16931998336064  -1.69888328587942 66306
2827739096241.88 520 1.02490761393696 4.59746758782766 0.158292715118154 0.293795557896639 0.449257178194957 0.506605539758807 0.691651670441499 0.789758143111005  1.14980468621071  3.34578693298221 0.554411934617321 0.949182200559829  1.37416362068603 0.652937160804201  1.12867926834284 0.901905622084745  0.91948442353249 0.934755001435688    1.30818721549623    5.17327457602168    7.88942673735001 -0.0867767004317609     4.9917792970086    1.54285786308492    1.50696879734827   -1.71955420144043 66277
3026698982184.66 540 1.04613756200849 4.62646770760187 0.150760897618775 0.299738782347232 0.416607933752299  0.51363930116422 0.642086987090006  0.80382279862634  1.27596756978681  3.22691692485892 0.540326245086297 0.958960407125166  1.37178883500528 0.647309880797278   1.1470108846004  0.87886628756565 0.950673525760692 0.904168758100959   1.06093691086541   5.46060094177616   7.77194508063136 -0.290497467385399   4.86517241000643   1.64097940078816   2.06642722873663  -1.52558621341798 65330
2652795610030.4 560 1.00726536114715 4.76422943308871 0.141701863859194 0.283504467229285 0.397796138357926 0.521095155382163 0.638060492581679 0.787013822102809   1.3362092822256  3.21633219796632 0.535523308656628 0.934830809534022  1.35103562349004 0.630751392927627  1.11481429825627  0.88512201116118 0.975349269396089 0.927349339694979    1.28846688197455    5.10101527003577    8.24839338840598 -0.0178348446251877    4.91712695907629    2.04550161582789    2.41277695841432   -1.61825174568926 64944
1977458037062.92 580 1.01849336761457 4.70459484782789 0.138238517098639  0.26634394459467 0.373754166061162 0.492962826966299  0.68320539906621 0.774529308999556  1.43267665896683  3.05966249981731 0.511358813835351 0.912630616573387  1.41036182321373 0.645337241265655  1.09006607250841 0.871521609749997 0.965538058483804 0.916236156386263  1.34560328992958  5.38317367500193  9.01809949519435 0.423506146370625  4.92694730674329  2.17213542395998  2.50131321420209 -1.49510171728975 68634
1996153078027.43 600 0.944064330540119 4.79117144021592 0.132078441801745 0.253221316715927 0.355036060941462 0.488165782850117  0.64555253628643 0.812083753875368   1.5014682144761  3.03190339453549 0.492912090737478 0.909075396656563  1.37001378882631 0.642112553851517  1.04388696219675 0.849307398990929 0.981379216274403 0.888350966123061  1.32154587745524  5.10186263071615  8.67521281512949 0.527406298384404  4.93959932974615  2.36237270707675  2.92939864724855 -1.66839314285258 66525
1604795888291.69 620 0.938655143039656 4.75955395998551  0.12329937286409 0.242495260698017 0.360290486561681 0.465780191358082  0.64883601547774 0.807692544435839   1.4803841720728  2.79314432889339 0.471343044637579 0.885304880087466   1.3342212584829 0.676287782681273  1.01915454644144 0.847627388604194 0.956545123968189 0.870081134877844   1.4304591761284  5.00552405243765  9.08587070493203 0.982905599067278  4.54628454921202  2.35587507983187  2.95443914859939 -1.44178951315698 65736
1458823786819.45 640 0.941330347743997 4.61079912816528 0.121433047746644 0.249131265017907 0.336041649864919 0.450571103798218 0.650634673154745 0.799482234324945  1.48371242341378  2.58160206560726 0.455071627919539 0.880855405217553   1.2989739193763 0.715269395336204  1.05203050854675 0.839980250937861 0.941955301474158 0.876741159398985  1.55215683060641  4.59797659085752  8.77312903500698  1.30186140470059  3.95406191297328  2.32385389925033  3.24345059122315 -1.25208207977168 66128
1866502139244.83 660 0.930313006617032 4.60121693689142 0.116093161990914 0.237933840354846 0.321699782017888  0.42510724892358 0.622966501159424 0.793429784117028  1.67516828970784  2.45783123772955 0.441847960496564 0.843567848516774  1.25231219526688 0.703909680291432  1.05438768531956 0.806273927781848 0.922264429564137 0.914687414934728   1.65127791203974   4.62912326810656   8.59662059638629   1.38201380798758   3.59141323446142   2.24879713263023   3.40873171599496 -0.641945298588448 67017
1869212779808.3 680 0.965680235255029 4.68554409618437 0.107144532044897  0.22161062132424 0.298730486267677 0.411361484762155 0.568238759779519  0.78857834884223  1.67169684196482  2.35228571533635 0.423002270525812 0.813150369974969   1.2156151607351  0.70249406178156  1.05341757594799 0.782332914859391 0.933713452707819  0.95295370667281   1.57281061811035   4.66206392439813   8.98553066829762   1.04678783460652   3.87705021668486   2.25648752517973   3.70081124646902 -0.186613357133938 69047
1889139949762.19 700 1.00847891180338 4.64191358206891 0.100179869925121 0.239975359180311 0.321637334385464 0.436183757717204 0.528739224173571   0.7881446565618  1.73956543410614  2.15861189267573 0.403299910937998 0.801582778852032  1.21781028709361 0.678195247131163  1.03495571321539 0.807487584673185 0.913876271075386  1.01906251094312    1.514408855424   4.6243214020212  8.30130399162898 0.878882964765691  3.68433275525872  1.97649385665246  3.28053926666812 0.466122930863335 66013
2672527544675.06 720 0.978823330163546 4.90881244000573 0.0917585716648266  0.234086065749749   0.30255638679161  0.439164490381818   0.50411209409598  0.894432121504563   1.66785961841439   2.21105487725699 0.386710106927041 0.794006030089336  1.21600766363127 0.654518563716145   1.0321211784976 0.832363698257709 0.878706798610393  1.00560468840918  1.62572178046641    4.997171696956  8.70166882346154 0.972358345129152  3.98202012858078  1.34168078085028   3.3148895367978 0.207129028005861 67592
1701687583976.31 740 0.90442241918528 5.09995933512507 0.0866219701887923  0.230703146768353  0.288830432256694    0.4219362763494  0.509511958448701  0.919180232365163    1.5187438195113   2.25300151554357 0.373740445214906  0.79429113611925  1.28278336743589 0.642384289787178  1.02480632614165 0.852118085412576  0.86391646962997 0.974259981369583  1.47209728506464   5.3155597269663  9.38694716495063 0.987032486671455  4.49761434616785  1.75248109150017  3.38900638783904 0.086273790653964 66169
1799110764766.26 760 0.815124242873119 5.43792635781418 0.082990971691042 0.212969879680304 0.267072424435249 0.387324594244564 0.486291450033639 0.889954918505938  1.51990465108839  2.45412959854678 0.356229680360099 0.764097809538675  1.27598999135243 0.615815745915545  1.00251044308032 0.845294039215045 0.909430288088993 0.958941947830479   1.45203954090075   5.21597081423218   8.95713565643303  0.969068041785242   4.43615666424894   1.72345055414273   3.71986710633372 0.0927630846031958 64048
1863773790868.02 780 0.732969260824457 5.62555404357595 0.0775422403117647  0.199809135643651   0.26001563016494  0.407613923826244  0.471653545124408  0.870676963745684   1.44302711807043   2.45396829119335 0.339299964192728 0.755522596059238  1.21595295723866 0.594238718960198 0.978647670318787  0.82665803057779 0.937295015023913 0.948040895437342   1.52988594147664   5.13569160516286    8.9256265101139   1.12122289589256   4.64107969870017   1.96162568430024   3.34194504707684 -0.222733225514446 66651
1683764814212.83 800 0.661192854752208 5.63704941686514 0.0702627152113295  0.201682879183105  0.255300118059202  0.386853675854698  0.458741064620255  0.845187232208313   1.48529971659211   2.23269095320661 0.324260745278434 0.748706460312536  1.17144171164584 0.578254844107642 0.944139688165554  0.81979711072097 0.920073686542443 0.929295039171264   1.50098073801952   4.88023725113511    8.9538118447713   1.16344533231867   4.55666566567753   2.16526909836664   3.35927095028465 -0.439287963658307 66081
1571035930803.17 820 0.627026861228677 5.63460454118669 0.065135677432963 0.193938370756742 0.253921791346541 0.353860160395135 0.442216775422672 0.883753550199316  1.38514879641948  2.06797753319902 0.309893423053979 0.756877175883898  1.21549803865164 0.561781382415292 0.938014171554015 0.796115854024999 0.922660668644074 0.911665845121683   1.4871857674417  4.73393159355512  8.43079073173103  1.00144194002982  4.52873898004689  2.13885876736613  3.05019152287159 -0.34282400230653 68325
1840742060677.16 840 0.605288250309246 6.06031131314001 0.060331453644582 0.193661898010458 0.243138717828417 0.341447956689183 0.427768492720048 0.834345832385043   1.3415289925956  2.21581581443747 0.296159973926253 0.735713170737236  1.18680007994226 0.545497387481673 0.908604562884329 0.780605558048422 0.892496390412737 0.890993862655975   1.48856296530231   4.69899925771411   8.38602407599302   0.92658432060201   4.72207855108372   2.14098999110987   3.17285434865511 -0.212724413227121 68049
1815087667307.5 860 0.566968576608889 6.04957437597443 0.0566522525625625  0.209803261867375  0.229266626186257  0.351197022248896   0.40089849082908  0.786259913265368   1.25297369872309   2.07332232271058 0.285901552636649 0.733622906001957   1.1753948880213    0.537360236032 0.909980463319739 0.761772717756576 0.865578153987352  0.88316582814303   1.54070094603747   4.86782261762745   8.17110404143845   0.89930898942022   4.52645778360946   2.05187125755559   3.32211300712275 -0.245843018432846 63259
1482024145849.21 880 0.557880519762685 6.14248014522356 0.0519417556136153  0.194003135296143  0.231032656370472  0.328697084888317  0.405917415689645   0.76946513137937   1.28699811356648   1.95976567706329 0.276656676583242 0.752505350590259  1.18998327859503 0.527110788870806 0.889397016326634 0.758216204755199 0.869425886638977 0.887278239972698   1.48400444757518    5.1110202293492    8.4627346443076  0.819320042950604    4.7054685774236   2.20841859266439   3.58628057188997 -0.380047202634509 66446
1674110595980.33 900 0.517735540373348 6.54488970216668 0.0476258894599121  0.187538187400625   0.22683149115027  0.320963513750327   0.45837565072712  0.723699526368446   1.24067520505271   2.04008265582655  0.26513393740813 0.790653275808313  1.23364832621684 0.516243040655185 0.898627458675412 0.745269897312092 0.915260344024843 0.880399446427868   1.49839940267051   4.82293148595843   8.49176675646981   0.96181683045501   4.89371921543106   2.33751830170082   3.28089787550865 -0.579461969969873 69960
1541843412893.47 920 0.560038673483527 7.25135219074506 0.0438704082937829  0.178602004590699  0.239617830100166  0.308036619407296  0.459844790827887  0.713878306910615    1.2089383559474    2.3067985729766 0.255089066665292  0.76881824553031  1.22770178706438  0.50614687975264 0.883065484729113 0.767229306968927 0.939346437253528  0.85667427368884   1.45290464387522   4.79856909973256   8.08148161524882  0.893328721459196   4.81023703511085   2.54693785822165    3.0280230198525 -0.298355199129524 69195
1580650697811.7 940 0.598385532270256 7.40065419073793 0.0404930685166866   0.16689262400932  0.227232580250958  0.384963126206967  0.452927439450998  0.698312331511341   1.21568259454275   2.21779250412093 0.244636442802464 0.757202111570453    1.173109779154 0.488209830174556 0.907048708007896 0.783413723777996 0.918134849012787 0.844290074913397   1.47488647328363   4.96445912301643   8.25277162743508  0.955598368125675   5.08194769203192   2.74028877693272   3.25071958680688 -0.280588286135593 68562
1604079298194.94 960 0.606704870998391 7.33894211520858 0.0382737935480284  0.172165439966394  0.218014819320304  0.417300532076071   0.44266972716576  0.679428624170208   1.21072698365227   2.06142925211208 0.236227389213985 0.767350107156978  1.11975763568914 0.478647864269359 0.942225182504496 0.777854434887918 0.897301777307896 0.831212109639016   1.51105037909585   4.99158482081853   8.25812649362656   1.08141988223013   5.16465995662581   2.86188398964932   3.16830596545422 -0.335608601435173 69666
1658006425446.86 980 0.626376016971968 7.30794874547825 0.0360708772846089  0.181981627354715  0.214467451651018  0.390220836712638  0.424678493601701  0.669221411919662   1.27345426009038   1.92640541559859 0.227577358755793 0.761562660602044  1.08821842453839  0.46669360375392 0.904187128085654  0.80342209764728 0.903743352379172 0.803006460818159   1.47187178576114   5.10334432571132   8.22765759686926   1.15291847436586   5.07486297327682   3.05999557923453   3.21082693804149 -0.248855514740961 69346
1546103881726.42 1000 0.638749576409744 7.33592899382042 0.0343769686957879  0.170994459454084   0.20709806323205  0.387206179031563  0.450668995737008  0.666375471969291   1.19165817882824   1.85002593525213  0.21761451833153 0.752450511024202  1.09219828029387 0.455138348686408 0.907273665588606 0.812407861765662 0.885034899741728 0.788966545112071    1.50266649944434    5.26513951224205    8.03379332643132    1.16604131758992    4.91056526794277    3.04786587471253    3.29123475343018 -0.0701795801101677 70878
1654118555055.32 1020 0.597568015248268 7.49599344546409 0.0321228817207967  0.162941931432752  0.209489885630678   0.37413250900656  0.466858197593362  0.658843874078293   1.19312151050011   1.80498208128473 0.212176579215223 0.731856438233012  1.12181231536217 0.443991472005493 0.904848621436027 0.787651505204228 0.872457452081749 0.771784634583063   1.56400941473572   5.34455203477872   8.21565333381458   1.23440365511229   5.14876205889735   2.97159348507525   3.14641355213934 -0.144274877801183 66309
1641405751801.25 1040 0.548325980979614 7.99536113381648 0.0295778654835658  0.160826814331374   0.20619639082098  0.352496459139756  0.456470618946149  0.609466879355961   1.12637976294419   1.89078870327709   0.2021635939324 0.747957133525974  1.12102538359043 0.432869133456864 0.890673130994177 0.778334515945034 0.856798960348493 0.772053685407932   1.54484558282534   5.42904238545584   8.10410460611906     1.151582112412   5.14994871389802   2.83739540835659   3.04762935729582 -0.436125575179081 66498
1490961119578.29 1060 0.550150684089374 8.39535718160091 0.0270398517075617   0.14769992069859  0.204395897043002  0.349515454272172  0.431243213431371  0.626167423830276   1.08177299675033    1.9058234285171 0.194616936965735 0.729837779820512  1.07497550592108 0.414861227118158 0.880333054518754 0.774242790951479 0.939962114426474 0.773860259471239   1.51807064168565    5.3901077796976   8.14504556357253   1.16004629230626   5.38677692123869   3.00088411709884   2.62421343666861 -0.447750721804681 66620
1682686885351.41 1080 0.517639126697298 8.25451150059491 0.0253288561349959  0.134769672992963  0.206889072761333  0.360015202440902  0.432408799147272   0.64020775376595   1.22959715963512   1.72583126018962 0.187428283921315 0.711014808147847  1.04592354823791 0.406696262660569 0.870399506451919  0.76172754189548 0.921865061747957 0.766142569922799   1.53739637854751   5.46157983353083    8.0688664630593   1.19894673784439   5.41397391811084    2.8993309647518    2.5541414011049 -0.589046919220034 66922
1580461928293.44 1100 0.522821926901274 8.34876058784244 0.0236891679092976  0.131641133683715  0.199313588008976  0.341869418001781  0.407972985755201   0.60047549863118   1.21852360107036    1.6511777232127 0.193160387170769 0.680038275865332  1.03274630784111 0.403650807982751 0.843975491066046 0.732030805026544 0.933384653654884 0.746916387441792   1.46332152821038   5.42420482547659   7.82688040949651   1.15088013791952     5.206732976027   2.82917355865174   2.36103407394183 -0.485325130690988 65120
1703981018463.28 1120 0.52896070809571 8.1787882812864 0.024086441731758 0.127186938028347 0.196866871483171 0.318489604961968 0.385282444174193 0.554269792565725  1.18913036428372  1.61120417626506 0.185932002278617  0.66145447299346  1.02614163309323 0.403969304578437 0.855236443726475 0.781848852347416 0.931973186096775 0.767700211582962   1.48497564659451   5.35534597865432   7.74419082982318   1.11005260042209   5.06513619437749   2.43788937827938   2.59579163734259 -0.206391652103429 64288
1589322624046.89 1140 0.498688459632459 8.37138042396023 0.0222701559789329  0.122953232838131  0.209945401469691  0.347421876362578  0.366435492891301  0.611207619894485   1.24797867893233   1.56069275821855 0.183676668881596 0.665004120269505  1.01676906316268 0.401138333148769 0.895112984496767 0.782614354473103 0.942588774063121 0.763810469085527   1.49464990732635   5.38709018376459   8.01224263302763   1.10024767971531   5.04965916044077   2.37334290815261   2.75416596754164 -0.167989827396267 66045
1496555481337.92 1160 0.439437116122035 8.51650730673747 0.0211511651929068  0.112469851478082  0.218232013087236  0.339787595616376  0.360698888950392  0.600623292516168   1.36921561665613   1.53411297781219  0.18116504559519  0.64865745481218   1.0108390947618 0.400956489094358 0.870169396794554  0.76247779091932 0.922557075485613  0.77335357213852   1.51759449549407   5.48515670296397   8.06655288359784   1.15161573153025   5.20546994796411   2.46435955764529   2.87150037064004 -0.222170593030304 64126
1598924659184.64 1180 0.454603250477984 8.25550738829734 0.0224462958045495  0.110292267814654  0.206492209723196  0.328594918571008  0.336598515961892  0.586488780801364   1.30318909950317    1.5297914267258 0.179707591153277 0.644427077958921  1.01038603308907 0.395687925303944 0.869487015627796 0.793434862240253 0.905904094041148 0.750452034340642   1.54514556954308   5.65106691732422   7.85301775514906   1.07400377487981   5.05774152310979   2.19588556081965   2.98331965094207 -0.159636255323732 67301
1762993897319.58 1200 0.454391206433409 8.12837215459511 0.0224042437873339  0.104961813908186  0.198115723241189  0.303114089151941  0.333822102906293  0.639679643435067    1.3120612573346   1.48025810786304 0.174437469977607 0.630172867693353  1.02293888212842 0.395396460559673 0.863877563958949 0.774670293619638 0.879084672173048 0.726334216107722   1.55592697749846    5.6598569640514   7.64246744128215   1.01781833886313   5.16857972696997   2.27505159488576   2.93660477245284 -0.232639271885157 68087
1658637501139.27 1220 0.4153304013681 8.26550366998682 0.0210901582512457  0.104987664197348  0.197326339203456  0.292717913499059  0.339148497728202  0.616400142323159    1.2645185897983   1.44084905036833  0.16832557698166 0.655052564642126   1.0043506168789 0.382631270883792 0.857580449162151 0.744398796289531 0.850377758143646 0.715760068891239   1.5269428088812   5.4444600006017  7.49877804558036  1.04562029986157  5.11951159419481  2.34427186019582   2.8603262299077 -0.15434792907545 69168
1573938762462.25 1240 0.381615845069967 8.33780674842631 0.0199059656788368 0.0973410633480013  0.197473028278178  0.279353699745935  0.318015650815995  0.618480763269761   1.22316939122474   1.38384325349922 0.166076630203319 0.634779475367901 0.974301627838736 0.369560238684093  0.83607399567593 0.729947131588433 0.839690755471592 0.704793009824528   1.49845637445756   5.46155119714031   7.58247528943669   1.06503394257003   5.28713523411437   2.29634570422484   2.77906514362537 -0.293493835987118 66315
1720599181613.35 1260 0.385951827384739 8.19787666538607 0.0193542372060027 0.0922180579367381   0.18757453292338  0.273478950445772  0.312314427743923  0.584967732710275   1.17940818475519   1.30070503043388 0.164730923200181 0.644245662704363  1.04053824447757 0.372815849865991 0.849188183047128   0.7022508546438 0.857491604886446 0.697712479779293  1.47323483980709  5.35118729377949  7.32063232065224  1.01669996128346  5.37325583876807  2.27972346976617  2.61510064866463 -0.25687539212049 68311
1533245095839.32 1280 0.430364338477171 8.84934938515035 0.0185329581579035 0.0864790465267131  0.185144571740729  0.270539914185747  0.288459831049971  0.561334809973077   1.23844630564212   1.45133419979259  0.16194943987322 0.673387160115108  1.13969822178203 0.373413522369797 0.845567361435468 0.676431594309678 0.872820121655071 0.670351971992295   1.47925677691159   5.18628874198926   6.98625702974214  0.971947575423638   5.45727639330629   2.28883543221954   2.47360189187792 -0.307705577060995 67505
1401086167327.65 1300 0.430532950341324 9.93864394817532 0.0180844305153373 0.0832392543620535  0.190153071509236  0.255206631863333  0.290013893246339  0.533924558723682   1.14481699287887   1.78631934643124 0.160093401166932  0.70015140713148  1.17465805752502 0.375135451848416 0.870358774383982 0.663456978507423 0.890946216340433 0.667133609832921   1.45361699070531   5.25584081359394   7.11386876821858   0.90431225331903   5.68828682012279   2.37099678058131   2.33913738477923 -0.430379019471329 65285
1602489185193.34 1320 0.429544189928366 10.7627755279342 0.0169125405187956 0.0786075971940814  0.185743094245174  0.256089227114839  0.273465533110331  0.524401415891376   1.17861895683405   1.95910365669612 0.160069876729455 0.673230552433006  1.15230166896332 0.391764543194395 0.876347972143081  0.66186310995393 0.909851272134816 0.698293729104591   1.49012324266975   5.25656310627978     7.428516300555   1.08785500361676   5.67733215326307   2.50255509929927    2.3600717374566 -0.310136573125084 65447
1609612472524.07 1340 0.473761974986482 10.8071416520413 0.0166224713115171 0.0856971501759098  0.185152586844172  0.253129206914241   0.26796556295365  0.535167316849446   1.19648797607797   1.94141007874781 0.155810386389226 0.666014815920161  1.17862264905984 0.382860387111275 0.912246336125762 0.638327973370479 0.896723630641401 0.686921286730075   1.46329800582765   5.36048964644887   7.70290941939928   1.10323602068415   5.97632848121903   2.53706837612154   2.48661448168083 -0.325759429321664 66513
1622528715678.25 1360 0.431702179906426 10.8820961744183 0.0162049703270319 0.0855160418216629  0.180326837786101  0.239221009330781  0.289897213321513    0.4945999696242   1.29445723346136   1.91899286403084  0.15170038641094 0.650950313370696  1.14342522858007  0.37573863020222 0.909573866677143 0.644533974289434  0.86126181478661 0.668769572475357   1.48605923175781   5.21859742496627   7.65996522092663   1.11101009542675   5.67870001246079   2.68220545852487   2.56834768110537 -0.252568318446129 65503
1652114997365.53 1380 0.389107701591059 10.7924240220806 0.0152027254365676 0.0898604549932302  0.170055602364026  0.224301753242471  0.274982889714356  0.502067517734398   1.27989348701854    1.7707589764244 0.147129631994786 0.631861239535644   1.1150492652264 0.367429222747112 0.896491368040412 0.663568991409212 0.836017843315017 0.654783158076668    1.4714734435096   5.26615620719378   7.48793613156623   1.06616085343565   5.61757261808574   2.42934421045802   2.68334810782167 -0.227027789573101 66183
1544633192173.8 1400 0.311839790231134 10.7790748498296 0.0141633427305199 0.0891614085235269  0.164930582211562  0.207785984033597  0.270729367215929  0.522463097038266   1.25607156418085   1.64561690408743 0.141772432321118 0.611582404638587  1.08048407910953 0.366674370628995 0.857236124884351 0.641792396068857 0.812471132211595 0.638784423142537   1.47789848598249   5.27177687390922   7.54750272953764   1.08862470715587   5.65276996526804   2.47219833903134   2.63249461305644 -0.292405088605848 65727
1438257015294.19 1420 0.301887277724898 10.6458382459231 0.0135552461523323 0.0919294631445473  0.159231572261428  0.198382651615725  0.254051968014109  0.485780676974971   1.17173442294481   1.53626853179247 0.137906818473281 0.592571212195607  1.08891332384261 0.366680221103231 0.869945206599539  0.63737529720559 0.882570523323888 0.623601609600189   1.47343247767556   5.25781451030216   7.58888145388355   1.03891068126318   5.51483954753633   2.36181225095858   2.69555778372382 -0.329356267460648 66340
1619517465699.3 1440 0.298672682984683 11.6325769621684 0.0125526460537348 0.0935084429756093  0.158333929289704  0.188123515989028  0.276650776945978  0.453790167079514    1.1396632105242   1.69858448274648 0.137157541849125 0.584004262276766  1.13013436696204 0.353179356280554 0.932787024440883 0.649942293297201 0.897557424000265 0.628858664032574   1.45096135159679   5.20155350697119   7.32026221790501   1.02324787979572   5.69286692858244    2.3434136538789   2.56459164141752 -0.431617308470584 63077
1789060962136.64 1460 0.317046978041668 12.8325849073098 0.0119784741824538 0.0899417950007681  0.149997265137022  0.182895509790144  0.269229947110922  0.435887066315603   1.14291356771844   1.97255805576813  0.13500292407772 0.594222628568327  1.15104003876722 0.359323136688227 0.996160006882346 0.641922595555121 0.929598551290537 0.661673653086789   1.43609488209399   5.08905549090475   7.23694700901109  0.985135297184685   5.90184624501987   2.47516265506499   2.39608366679452 -0.546256426810626 67803
1565679948630.03 1480 0.330673433016541 14.190467261056 0.0114922071878963 0.0898260524208172   0.15054233607665  0.190096506000677   0.25793362010876  0.424109445831165   1.09351889043039   2.31417841890729  0.13352569924548 0.620217269228574  1.12619846451353 0.348603375710979  1.02170623380041 0.642861908324685 0.898923859925662 0.652475379388991  1.45433827045635  4.96544408224003   7.2173255265377 0.990472344558704  5.62774258947649  2.48380985671999  2.49749125606348 -0.49524658239852 64977
1634822176933.85 1500 0.309185801406755 14.0500026406925 0.0113230982054646 0.0828894563909613  0.137810381089304  0.202184388557609  0.263303951403588  0.444115803756488   1.10645334333121   2.23520873371737 0.131607292860501  0.64231103236787  1.11280248729208 0.340010604924885 0.975703679582722 0.637082633491357 0.982546933515944 0.657808698751576   1.47972811129903    5.0367424249963   7.28698808959362    1.0387390302058   5.60596200374104   2.44004069147208   2.55846133666743 -0.525549399569589 67226
1696884108860.96 1520 0.262189353757707 14.4481787950394 0.0109456658238134 0.0801454298760408  0.130416036899238  0.236396055584947  0.280240758328635  0.466359354877455   1.05039361740723   2.28490632318538 0.126990233961326 0.631868643938811  1.12861661311434 0.344476162344012 0.951567637698425 0.617766749528389 0.962363529791621  0.64184778403194   1.48043806780665   5.08886401792948   7.43273762148668   1.07068692451441   5.59370702932849   2.46265357720439   2.66318917475187 -0.436096937417073 67848
1487326882912.39 1540 0.233910354695444 14.3745456141863 0.0107609410730232  0.078963380092701  0.125382065351742   0.22288719673654  0.274553912762398  0.433842138813297   1.06315600638921   2.22350701459418 0.125587081819599 0.615131232510815  1.15388495340356 0.367106806801059 0.923862085761913 0.592560818020363  1.00515054859226 0.644565592998302   1.48317985586904   5.07947995627126   7.32020446697211   1.00674151491349   5.63541722645133   2.45197610014209   2.55224558540144 -0.443070194063671 66162
1631780603308.17 1560 0.202756443597029 15.1941709725436 0.0105294389246841 0.0865191932824922  0.123238858376887  0.207276419653809  0.256786858060626   0.39939985039317  0.976211643792829   2.43085608471044 0.124068239920817 0.615361313679406  1.11759944635087 0.360044711700299 0.923228489712161 0.598390335055402 0.984864570075532 0.626079841795075   1.48072258602858   5.04010568407596    7.4285182467021   1.04644289618859   5.59626339342059   2.51389871256021   2.57535351326268 -0.439433257167426 67657
1421566544504.93 1580 0.194488869741588 15.275500400035 0.00997237155390287  0.0796582773524523   0.117051458475916   0.193937052892215   0.242621375370046   0.458300356579699   0.916576048317093    2.32696227789221 0.123617327909228 0.608876847790078   1.0984046211157 0.343175972717624 0.885975394147616 0.592594237892259 0.971492874201902 0.612547160517561  1.49068450788405  4.99226579124638  7.28395406621088  1.05084236147658  5.61582239532999  2.53969672161305  2.47800141062094 -0.40645109766473 65715
1486924661678.85 1600 0.196315983283503 15.0551168118263 0.00986822880315118  0.0745776364999078   0.114817609328248   0.198816922143108   0.232666986236108   0.443042298967632   0.854919177460686    2.23669861833569 0.123907427864802 0.609555564206314  1.09293972796259 0.335468765145146 0.907522622484684 0.614009246028964 0.994482523584825 0.615618358713092   1.4726362900576  4.94562109622214  7.21783233214416  1.04575947721845  5.75863497737634  2.61729569878726  2.39088087525176 -0.51334282037171 70551
