nan 0 0.72 1 0 0 0 0 0 0 0 0 1 1 1 1 1 1 1 1 0 0 0 0 0 0 0 0 0
8504806806213.74 20 0.748291064064416 1 1 1 1 1 1 1 1 1 0.965520871853274  1.04421076421992  1.01109356931069 0.994037345958463 0.995610793798607 0.999528770278848   1.0358801426036  1.01275808889392 -0.00988473289888628    0.545179517733206    0.594842862188841    0.237972701116512   -0.372043801411244   0.0926256611358051    0.573709211971251  -0.0985780121034293 69471
9388923125661.95 40 0.804742168722988 1.2399070823683 0.897847942187285 0.900161586257252 0.908538507558466 0.923751682977391 0.953370977538765   1.0366138916579  1.12144366136958  1.38032410741597 0.949979594348992  1.06658629940572  1.04707449412278 0.981854631479212 0.992654197316205 0.966180808520077  1.03536769117719  0.98376059892853   0.29634767021537  0.725382390182006   1.09742122213151  0.342459846982633   -0.6525424504909  0.149061627225438  0.807315659329004 0.0979376045951871 68210
4395521567230.56 60 0.880031143279846 1.38480204685373 0.824020622101074 0.837353983986901 0.868836453126056 0.900267690116673 0.907512754313868  1.01589036071284  1.12502294042707  1.58020515471442 0.927916282011439  1.02759879297266  1.07198618431069  1.01881213201016  1.01092564314088  1.03973102976848  1.03106271256278 0.961179067631418  0.384328194849906  0.667866673040992   1.28496217453827  0.938905606235032 -0.890446307412596  0.833665359572421  0.630511775529359  0.325678095023383 65607
16786050541052.4 80 0.831811875242244 1.52180155436317 0.764815189023999 0.804889939204929 0.822205200285043 0.853785595454357 0.946280683094848 0.998566438203781  1.23232400999943  1.77122017767184 0.920683615322825  1.00944187321346  1.05118959254181  1.02449994640668 0.990702825289952  1.05099066531163 0.999766071912529  1.06067078256021 0.0946840545101721  0.296358265784545   1.42570171459637  0.904186278072613 -0.731293913801652  0.547358481889278  0.430888834263574 -0.310153674078467 66883
15904748118254 100 0.848289651700116 1.54596024400514 0.719601050238132 0.778090993697797 0.795074580152608 0.837369821263135 0.926117601992533  1.13911418240102  1.31664933138142  1.71984152758344 0.921272350969364 0.997772102200636  1.02762539963618  1.01639568230317  1.01545714132302  1.07484337821563  1.00778071581368  1.13164184431371   0.167666074518459    0.35782002919583    1.25016240538647   0.487688770559041   -1.33853960962564 -0.0625413718602435   0.295388866279355   0.561374319887538 68327
8950440643049.86 120 0.943876456858746 1.56121250538129 0.676355787135226 0.771136803813264 0.812975927780708 0.870326655295157  1.02853742704708  1.17544834356448  1.43272273823381  1.64853910322829 0.879098053921012 0.976226131071555 0.997784495367389 0.976687039974337  1.04442488594264  1.07888169100441  1.07607572024012  1.18507247199809  0.187917817268733   0.84830214750608   1.45738106995459  0.493596287942646  -1.43734713469465 -0.265311833908499 -0.376826445700507   1.28213890247523 67170
6200929499845.46 140 1.11593743617867 1.68407700551822 0.618810509256461 0.756515037901218 0.790438864204507 0.863880716413748  1.01062667594482  1.17863826829676   1.5185390232148  1.75501799055049 0.840963003068335 0.967550723406781  1.03489931159193 0.942573803697641  1.03762519684746  1.10315047653311  1.09611292264223  1.25603453299658   0.18672957469079   1.09255496436381   2.19442393019481  0.764546786100903  -1.84278471887374 -0.944306208588561 -0.661488828010073   1.76440170815308 67017
5951945087615.03 160 1.2517381732207 1.97781992656956 0.570626038776369 0.715730513314847 0.744778104825661 0.891282646259895 0.963077007793991  1.10557127276651  1.45230409393112  2.23215876804799 0.822659281268875  0.93433554935409  1.08820934257014 0.914703302639748  1.07430640399874  1.14056868771175  1.12644690608784  1.26868648704024  0.207397317678758   1.05606688420735   2.95190914345165   0.48897171054094  -1.98420362325545  -1.42673784514107 -0.110787902999483    2.1729941692253 67118
7587490017168.42 180 1.21660670567753 2.14687378727956 0.550172114366155 0.698408125700777 0.781972561646982 0.863056632244782 0.916268956641651  1.11615532674608    1.442298246475  2.53578016883479 0.796828573448498 0.899113838069861   1.0628032057994 0.886115399109355  1.06163131498245   1.1849076150817  1.08303335265249  1.24480036003908  0.142024400602284  0.789676477790531   2.30872631304069  0.698283769280197   -1.8452994925527  -2.03713308588878 -0.105445456042816    2.1171874796903 66539
6867764320135.98 200 1.1776323122931 2.16539771950966  0.52195030803634  0.65046948362952 0.749851126544705 0.843512410709204 0.887507547696728  1.12431818195084  1.38664237097137  2.44739747907126 0.770210984691113 0.955947712403727  1.02788980051933 0.865023422745065  1.02399358150831   1.1651362113721  1.06170233370609  1.22046515415489 0.443286198151719  1.72403067617951  2.05258234675183 0.362687925677981 -1.84424041127954 -1.81766375117691 0.242535713307485  1.24523039312104 70868
8532619784804.44 220 1.2624473586176 2.16196041509863  0.48362192909322 0.611381692748449 0.756026568432871  0.85306544913467 0.946469299492354  1.07001392826158  1.35367324857108  2.26048412188783 0.742764650735743  1.01161645983491 0.995885674300004 0.861576306513107  1.00694596264282  1.26444694201576  1.12699989623331  1.36982613020605   0.36022706312096    2.4159717490021   2.35653159224695 -0.125968443151519  -1.68227263561167  -2.31618898393465  0.837901223633242  0.787220344984958 65037
4644087446918.02 240 1.22855269258998 2.46269202622844 0.458957477653748  0.56872452060201 0.731932462248883 0.783088092509348 0.940214218971086  1.28099207484421  1.52106979991465  2.78350918362915 0.716186329690074  1.00891075167393   1.0122261189899 0.843397132568725  1.02820537253184  1.43348813348581  1.12660020228978  1.37164689058515  0.586839438037927   2.58004690210526   1.97044460783269 -0.369808405269137  -1.64124651598563  -2.64788235924479  0.180809132449117  0.756509785735431 69793
5046528564456.57 260 1.27689066003584 2.80414458800558 0.415749734787655 0.539818022435803 0.710274542099866  0.76402438556439 0.914531424241274  1.38438328434016  1.53156604863781    3.269134485961 0.690500929738792  1.00385231727163 0.982638445994193 0.836755540342855  1.01524490086093  1.43193382387519  1.10663584017599  1.42456798511123   0.554615897258411    2.99310620897657    1.83446087591273  -0.781254522709653   -1.50288636024785   -3.35250654519211 -0.0628674852863306    2.37363680636998 64773
6078113855087.15 280 1.31696704898995 2.98488416771557 0.389216399693511 0.511795152241625 0.696467685304881 0.780314524244654 0.865321442227139  1.29965078437987  1.47494013251053  3.46773654974775  0.67962644649932  1.06946190660246 0.964583835190409 0.810989045629331 0.997654693323638  1.46062581368878  1.07398678053562  1.53293971125855  0.711049708776124   3.76065142934875   2.08043002421526 -0.500755969889546  -2.21512908730709  -4.11405754855401 -0.451082884708989   3.01538733721173 69062
4579023716823.1 300 1.49317448008429 3.25893540499078 0.358555344912905 0.523290223056251 0.670996885937157 0.776802809348143 0.822196590497279  1.23302290674659  1.63290134089629  3.80809440014526 0.667291850836048   1.1220909579171 0.942535062315017 0.795690425386712   1.0574967611027  1.43076239824423  1.04703698426653  1.50686680115168   1.10342969840391    4.6699479639638   1.66029690593702 -0.839519215277079  -1.20546691424171  -3.27358273449597 -0.389893022748596    3.2802199735671 68188
6967173107560.12 320 1.73851729395477 3.30851178757727 0.329191717553928 0.509869881108118 0.629631761985857 0.793135250410836   1.0804908193863  1.16855148596548  1.64389073508233  3.60341492009125 0.679477209961025  1.13465280550244 0.928209334545175 0.808274246009942  1.14294195902965   1.4178340985344  1.01629052419491  1.47830490784695   1.69803253979241   5.17731071452494   1.04573801382343  -1.54436135289141 0.0173476365858257  -2.53077176945031  -0.60024494992406     2.685965200504 66126
6328115963965.01 340 1.84928077674962 3.37600140851836 0.306028383511452 0.482309071704249 0.613253329686685 0.781508953857556  1.08267847525814  1.23080049966366  1.81430559853966  3.48792346397944 0.668781112602604  1.15847441455191 0.908551360015563 0.805711121988248  1.21477713382532  1.35589484064934  1.00632181946302  1.46423511723128   1.16778228505891    5.1085582881822   1.57730971842928   -1.5982463282411   1.04638906529955   -3.0832607753929 -0.614873435411896   3.61720626598928 67644
4015954379664.27 360 1.96378686363997 3.35370162275575 0.287984718135137 0.472904478382394 0.613285692863271  0.83799814409659  1.10105782815731  1.19655344534465  1.98593049376547  3.23905471750727 0.638125259320519  1.13529006301841  0.87662115735721 0.798087369951628  1.22596921687997  1.35538773567189 0.969832512091546  1.48497615260402  0.976833251110559   5.56448783348834   1.24837128303636  -1.97523783564712   1.68920094529011  -3.84965908984409 -0.527143344811379   5.07408391634922 67456
6189347062958.56 380 2.08398333473373 3.4169172442397 0.264701366035566 0.439324115420214 0.566893570219856  0.83090007154223  1.03289937129835  1.32601563386959  2.03609299187122  3.09047406717628 0.621318568774355  1.14386161007398 0.883425989560791 0.787348455791839  1.21849496668892  1.52173567269732 0.942419020839926  1.55055688672321  0.953950993305033   6.26133916350511   2.31264890916291  -1.28893511156852  0.614265420318418  -6.28403555985379 -0.117194790570129   6.59406659993153 66465
3848830346485.73 400 2.1055331436685 3.91852836670325 0.249103598189078 0.422242140106159 0.586869440032091 0.802164265574976 0.989546883983541  1.28435001923564  2.02837656909821  3.82495201176587 0.596008208288504  1.17121400203533 0.842854483547391 0.767280055770755  1.22367535619397  1.55480493105711  0.94877253578192  1.52980264743721  0.759870707255499   6.77234871343091    2.1519151402953 -0.818330064068796   1.03994892857436  -7.41682215010121 -0.481261648712537   6.69518634309563 67496
5511082366928.09 420 2.03193626353637 3.9803894905448 0.247708086316287 0.399173226820698 0.568343332487259 0.774778443594932 0.947315355262201  1.31075594390646   2.0087180261743  3.92456318852416 0.585528419597335  1.21001589049832 0.819966670557132 0.736236413922174  1.23596609904867  1.58092777055163 0.933721483621667  1.49342698564683   1.35860099873446   7.72310020980817   2.09432205069459 -0.970471141809112   1.97318334590832    -5.386126966947  0.210488068915194   6.31897132634228 65800
5178263711019.2 440 2.32273703295117 4.06021637498293 0.230864027307427 0.401862527504533 0.549423409576824 0.721787285068444 0.923021477755672  1.40421249535714  2.11342903367079  3.80587591131707 0.562919251195123  1.32323400726045   0.8077591779337 0.734067761083789  1.20009229262212   1.5097964984101 0.939115316547685  1.48090963786287   1.35935449175215   9.84811710276898   1.69108026124724 -0.652919061813024   1.96056137925261  -5.26769842201949   1.16132978754444   4.58749111725844 68852
3297110064394.67 460 2.6057109804828 3.85856372801109  0.23504890216167 0.395208458212068 0.516922192727142 0.703090777830569  1.03317062660041  1.36754244424647   2.3033823170144  3.49952888065462 0.539372481845811  1.28915741126792 0.801098188977708 0.702819784748172  1.21118200822581  1.50440891757193  1.00688114487776  1.60191786953551  0.998691143485808   8.27847459851062   2.43109581135406 -0.916922208777968   3.35819562552744  -3.10757113053187   1.96005442854655  0.894300097796931 65257
5118884711654.27 480 2.53123485524493 4.25790209352942 0.215321353333695 0.398503933009531 0.520328073502339  0.70318722002947  1.08516433116861  1.28643787753717  2.28606117336425  3.90371805043867 0.515111259554472   1.2925709808234 0.789014246413136 0.676122388550711  1.16909025854971  1.45482128567879  1.00281491840263  1.63252800157579 0.812681176819216  8.95988852486967  3.13370097791272 -1.53160640747362  3.26096732351524 -3.23027787688887  2.68309657466419  2.84948232732624 68187
6076986094752.33 500 2.49985171415904 4.43417973335298 0.195769100074749 0.371919002865492 0.491766949030926 0.675884099380403  1.14982661683228  1.25065699202603  2.18480175857796  3.84920223914098 0.498472614710522  1.24123335578949 0.768528476699101 0.654275443380222  1.21035087726252  1.40126931886195  1.07311776243781  1.66605390799002 0.807046109443965  9.43475248037099   2.9037808561067 -1.82108001513544  5.47335176598446 -4.42055440751159 0.703473627170153  4.63674750985871 65553
3636320593996.81 520 2.77738021564384 4.59767678311631 0.179671094744034 0.345745304807292 0.468396144047554 0.667647682829955   1.2244635423156  1.34130109005848  2.13844389685039  3.79800111725762 0.474373602017655  1.21244839649299 0.779808173987741 0.630114901852363  1.25559514524476  1.36057153616279   1.0628171883682   1.6600877494343  0.720030609425397   10.1196233366346   4.09787908250271  -1.82859413573191   7.41699356716232  -4.89667130531375 -0.125044188075383   5.62796688341929 65752
4612126293942.94 540 2.86063145514183 4.74126122886899 0.166035070537718 0.323767498777449 0.497274703844218 0.653680599130793  1.17833699561385  1.30858044062929   2.1532824782715  3.73239500489062 0.453742831226725  1.17024628806602 0.800798172007782 0.620304465036141  1.26824352685536  1.34017828791412  1.04557088139608  1.70751966726952 0.642522459013516  8.90279718399949  4.97632066347731 -2.10269408982011  5.46321775562004 -5.52678438693566 -1.41089699865224  8.06007376986653 70051
3346744526543.69 560 3.04172519350115 5.03201435623136 0.152995752219821 0.318177181445815 0.516406382253946 0.644341107554108  1.13380465887737  1.19243250066888  2.18258684029516  3.87403121888416 0.432212963170526  1.15038039647748 0.835421416669686 0.607755079870629  1.23170613245779  1.35396317306916  1.03492987807271  1.79378970170309 0.593613233837146  8.28904714278697  5.81938737912857 -1.22025338899831  5.47774921893888 -2.84542899274767 0.232048814322227  9.97935659662464 65580
2062118715318.75 580 3.48824677050069 5.29036197736576 0.145353266365712 0.302192292218389 0.503569116666117 0.604599533942084  1.09690099659003  1.41259438871444   2.0832092826615  4.06813702273829 0.412977637694012  1.11630256842678 0.905527697424976 0.583693582563257  1.26344679364384  1.39553234994602  1.03336047743394  1.80813477767902  0.554192733117242   9.39846638853642   6.83568498581403  -1.10850638255847   8.55319535415996 -0.586796465714452   1.93253661555071   10.9249370017715 67265
4211386602908.03 600 3.68506531926036 5.42916849236005 0.133466829801793 0.284200789840672 0.555959552631061 0.571812067602399   1.0380892686388   1.8411915200693  2.09958313100281  3.93405099374366 0.396730338180617  1.12478496283702 0.884138056171938 0.562340369464153  1.26141190429429  1.46876813797659   1.0264599064473  1.78656915087843   0.56177433843749   9.79039906380514   6.33994680880405 -0.616952532902771   9.18159159826126    3.0695223978836    2.9221504263879   7.58567945216428 66376
4576367603992.34 620 3.97218464209091 5.69157412623397 0.122852913731015 0.266650474655575 0.506186274850723 0.569272926103684 0.979763475038001  1.89325253929877  2.19667421224761  3.97969925727722 0.382287499000799  1.11405125927461  0.88543095502456 0.543304318843616  1.24406730908708  1.55836002872918  1.04637302946201  1.73747178192412  0.497473897882189   9.28103941511073   7.59089241518708 -0.989695750748801   9.71950989200353   6.24928949506713   4.70278566980096   9.70004450157254 69451
5996065720238.6 640 4.06595553373896 5.69573634952402 0.114422491990828 0.251258098857947 0.492893556822336 0.533617365107329 0.899975987541817  1.97595397331258  2.57616691479458   3.7120272691941 0.366132945778007  1.10149450645979 0.878830865355241 0.539795040307355  1.25701183693172  1.66906706451434   1.0211494089802  1.69935634518653 0.538779909938667  7.22164068119408  7.02294079058126  -1.7243955370506  10.4699523552009  8.87390094176067  5.09798808320107  7.82620085724475 65936
2786138933411.47 660 4.51839421623971 6.05856673125064 0.105345106847056 0.238654531743261 0.467301383986432 0.527488234725125 0.881291265697548  1.92419763072989  2.69638762139839  3.86682180947825 0.349901477910529  1.08613356749276 0.945638191943324 0.518918650500757  1.27198706502431  1.86785919341264   1.0010623195196   1.6423081199074 0.796998878551857  9.81343050242102  10.3618232363738 -1.26610143938932  13.0998325495097  13.3667565538914  6.41742774445072  8.63026958434549 70258
4647575206895.6 680 4.43575301790261 6.73505978090799 0.0976187345830955  0.220548991659328  0.428079963928926  0.569224488015756  0.833809398244394   1.81903437787499   2.87537378792721   4.42808637262523 0.333745601934879  1.07754537232578 0.917735010016028   0.5135801222699  1.24275075226713  1.88638805884676  1.02970679316809  1.61586136568993   1.01016353432081   8.49614157807177   9.92627351737317 -0.514697609714949   12.8879887806627   13.8630827537052   8.19403026462914   11.1984925775039 71149
2878471831670 700 3.97112538650367 7.10947901978411 0.0892612127035253  0.215712713276803  0.394802873067398  0.542778629177292  0.797327108538663    1.7796160243207   2.82150656194971   4.51168049764339 0.318853975374426  1.03909132556535 0.915093354231743 0.489791768037005   1.2122641140447  1.83289026879746  1.00631414916425  1.62729426384692  0.793601800051831   8.39483434809869   8.18939293981993 -0.932714110869052   11.7078758048496   9.21078439629769   8.49765495097422   11.8821195907294 63766
2708038750141.57 720 3.54875527320562 7.20819615067393 0.082153132442599 0.197290099301405 0.383709045319937 0.582178649249837 0.739523866994605  1.69302821749009  2.80209326756257  4.26851999272235 0.306942028846025  1.01993464528195 0.902400095135601 0.475533864948855  1.17597892077485  1.78741473836233 0.980724687983446  1.60913969314195  0.957160690581317   10.2287313686192   9.48971485965613 -0.292126809339754   11.9931017592519   8.65937622367613   7.99482533573118    14.494559877771 66070
2450212234401.41 740 3.56631841929182 7.22541753353056 0.0767082935503637  0.186166395810471  0.362337050578837  0.556437199744098  0.682506251804171   1.61815459782994    2.8168743354032   4.00468368809823 0.293989415529761 0.980050398992049 0.885341488101533 0.455520547116946  1.16127662313096  1.72775167319303  1.01388597903054  1.61451963759512   1.00902907352407   9.73258177937257   8.29475306902842 -0.448182760172637   10.9149935407114   8.43623590749407   10.9058817474162   14.5998753045217 64333
5156837688133.96 760 3.48669644382508 7.28495335673338 0.0695196543155331  0.171511159791113    0.3412672324875  0.553402054236624  0.776268198330309   1.51305609242737   2.89211439590113   3.68944597122477 0.281801806931759  1.03610700493305 0.860473369299353 0.442074785923093  1.15295255772872  1.72293962281348 0.986190045981614  1.62629027309649   1.00357439761794   10.8282484492426   7.59425712347842 -0.471977418656136   11.9604581030879   5.79786285137683   10.4775031695892   16.5764957814845 64136
2549845752064.11 780 3.60774185321027 7.56550677397223 0.0642991920451209    0.1628276737603  0.345516600881979  0.538461135898745  0.763584220227237   1.56404840825776   2.88496273320122   3.68028595880661 0.272092098265124   1.0729230635283 0.893490174257717  0.44202984227293  1.14731927600433  1.66730233031597 0.971120154699429  1.70488280474045  1.18814633876868  13.0706322192122  10.2044511193332 0.445861920852803  13.5211372157607  7.10002968984689  10.3863624077399  20.9817047040372 63526
2592031315733.95 800 3.78204640272148 7.57505888465675 0.0602138783564379  0.155645508618457  0.333934995683844  0.511786939969979  0.746707029497504   1.47956945637061   3.42182989824906   3.45516369092958 0.263124260589615  1.08209534063664 0.885027412863922 0.429330812974989   1.2307283792316  1.63980165087413 0.955371481417098  1.73471940482874  1.46121967194147  10.8019530263048  9.50667870363752 0.267915840466008  8.85391021734685  4.69703630327237  10.4730648523436  23.1286464822328 65105
1974181643232.08 820 3.82622817644157 7.9773050817132 0.0566408560552588  0.147453537088859  0.349139946879842  0.489703696298217  0.746683669006134   1.63540678231194   3.30388595489929   3.60447660733925 0.253301520550002  1.07975249569519 0.871650254780809 0.416794019220304  1.20087489099328  1.63083671130139  1.00144284003156  1.74131209372055   1.27604303615812   9.63414507376174   9.74359115631868 -0.259497914884187   8.15787813386364   9.25559564795135   13.1165021468512   20.5864925773383 64851
2824140518511.04 840 3.67899032922073 8.38813040128439 0.0517125730802499  0.141807245186873  0.322904595962588  0.466130070853982  0.761081084658174   1.66040224076351   3.25773069887719     3.638534476342 0.241835128072938  1.06285747667433 0.845412030880798 0.400045948422054  1.18052823447995  1.61521201765907 0.998679202800496   1.7452794353267  1.44284306952368  8.51227420909753   8.5057351851276 0.146896862092973  7.20359630887509  11.3536373084608  12.3665128973352  16.7668943550175 59959
2562707892171.49 860 3.64655770996619 8.93714640784997 0.0469243366645037  0.134985905132434  0.302622500904573   0.43147875556266  0.766626647703498   1.63719892619571   3.04102055565507   3.74796811175617 0.236034265384125  1.05412255106947 0.825617071172954 0.390781282716785  1.15438101345844  1.55681848238298  1.00746416053852  1.80858254262036   1.05444601508786   7.32322824120149   7.34852101353307 -0.352333836133016   9.76548053679307   8.77313350280366   11.1932313496933   12.7476840253152 60676
2763464145631.84 880 3.40252220262959 9.47806728231665 0.0424805161022393  0.125183511380588  0.313135739405972  0.458386214184247  0.765706479875364   1.58099094266538    2.9414063791307   3.81618446306139  0.22994025011267  1.01933882549815 0.823654786837045 0.377066932133339  1.12576519411534   1.5461069874131  1.02109922470824  1.76342993890967  0.979101329001149   7.78154835093474   6.64267620254836 -0.457690178139221   10.7283167873935   7.60885163678273   11.7209206634989   13.7742808651655 61206
3006260630350.7 900 3.62712332418738 9.5345400680433 0.0401177078700255  0.118099020721446  0.300066875992603  0.454882426008668  0.776892140487797   1.54531762927789   2.84025920839025   3.64699869518109 0.224649365313887  1.01770037569806 0.801232759968224 0.391487839551931  1.11195035435494  1.52003643371848   1.0550012757786  1.78019900802507  1.31635119663454  9.28145116788363  6.43508470881905 0.512644972160878  11.1753714073073   7.3170344209279  14.4860164126999  11.7851652886555 62067
2557848687302.67 920 3.82416941647221 9.9863876191026 0.036514157984517 0.119157164599261 0.292760830387461 0.486277988615135   0.8859682384234  1.54069991924146  2.70763863551377  3.64148167187982  0.22005301346188  1.06273871677367 0.789990876359245 0.385936077588709  1.13311403916929  1.50767106582937  1.04987825342364  1.76021600833811  1.07306136247661  11.8849311349093  6.72401251052197 0.357055530144643  13.3554756451961    4.752743485437  15.1236821584321   15.043545560706 59749
2779346867275.78 940 3.60062475514062 10.1168085823857 0.0357622245678662  0.118379084305453  0.281456495500304  0.460606544573443  0.945691390645725   1.68836780437162   2.51797271670549   3.66025710043213 0.211996447091711   1.0408393162475 0.765779815392273 0.371725754156534  1.09680845300523  1.47420345872263  1.02888299701611  1.68989915191031   1.27519993346964   12.0795039119642   5.82095452433455 0.0137675855800709   12.5606559137179   5.75254959672592   14.7032091136726     16.80564360946 63450
2064345660586.5 960 3.48116234962083 10.2089280161915 0.0327239962453807  0.111242474035673  0.294907320138389  0.436562607704837  0.906218960037834   1.61576230472689   2.33552681107624   3.41056724929584 0.206006461809628  1.01191639492957 0.745900080144544  0.36557536978816  1.10789569706707   1.4738268916736   1.0217982589193  1.67270592613511   1.21505246616244   10.3709362744667   6.32560833064691 0.0374975561449672   13.2730607438791   6.37753415333689   13.1875273424523   19.6293238307078 61345
3418241349101.12 980 3.58410011719327 10.4406740039373 0.0303136593924556  0.112024485207573  0.282940258139278  0.439635241825135  0.989357636404569   1.55762177803522   2.28172656325688   3.30442149038688 0.201204017133962 0.990450900172085 0.726083776484448 0.350548865752032  1.11805554065283  1.42211602543464 0.992947504609006  1.75145904449423    1.59629451830341    9.98052549523661    5.72512087013182 -0.0186367008102797    13.2152970067174     4.7485644886979    12.0504705746237    22.1256366092779 62088
2082730865112.91 1000 3.52894715729805 11.2792074833582 0.0281587505297558  0.108728082547086  0.266369846987675  0.442925681479477  0.927668436802562   1.49806767527917    2.1432845136727   3.58237092585045 0.193374221757432 0.960855468231333 0.717651145206491 0.343140393141048  1.10326086607363  1.50572776126744 0.987494872419347  1.72946098277643  1.36346397935751  9.52905055892618  5.40959949010565 0.564344695340166   11.359302203888  1.60268249279326  11.1259971542403  22.1426827405423 61221
2214143631884.04 1020 3.05912173268979 11.5777445258372 0.0268111638473368  0.105236634545294  0.244608380103819  0.403985494193916   0.88859395813569   1.38785005996962   2.39302150973717    3.5938801592202 0.184228311002634 0.934125799106269 0.704716303044977 0.331662348561709  1.09643700702367  1.56993269082868 0.967089987905615  1.70261500272945  1.45172525896347  10.8686106539816  6.19390883013784 0.252179739651975  11.5600894011083  1.54385484874174  11.3172268374197  21.0344486215917 60753
2152470257594.08 1040 2.82468104799008 12.20960855085 0.0246549196820762 0.0980066626601096  0.240091372119604   0.39411392407344  0.850300435085756   1.33071759233775   2.40087397659904   3.67542083413419 0.177125344947402 0.928461704493044 0.694668128340308 0.321869085647275  1.06385851707443   1.5156273803695 0.941840098675014   1.6529796769764  1.59050239529622  9.28748459690583  6.80648616439747 0.589358805861457  10.5839575656311  1.35987849667896  10.7098909196383  21.0601336126606 61401
2737558379112.08 1060 2.68182032148047 12.3226912353286 0.0228680068234131 0.0909765905380871   0.23340630513088     0.394489751048  0.796332871678439   1.27588249340999   2.24147035852794   3.47247754865002 0.169034771109758 0.913402304494468 0.720125629298012 0.312908167265573  1.03743780810934  1.47481579742271  0.92134437944299  1.68498857228937  1.49627983278692  10.0919847567903  4.97985140651917 0.627298605666229  11.9608128581666   2.5618752853191  11.2986734036333  17.5130245647749 60552
2393378283928.07 1080 2.45611839064536 12.8882607097613 0.0211472652234619 0.0908505905202676  0.225153567089943  0.375163116562439  0.745462215875748   1.35810216078459   2.09019647710809   3.51271436994799 0.161389527392716 0.907458583985436 0.713103331600166 0.301685845906111 0.994715750140234  1.48744543400933 0.946138001637539  1.62476758268225  1.54370722269665  9.99981739567163  5.21118534596612 0.649292236138817  12.4196704985375  3.48486727360372  12.8573323814017  17.1760476159389 61168
2340266163670.87 1100 2.32074666119375 13.1107657092528 0.0192346271527498 0.0830632564599105  0.215965507987266  0.360492394954084  0.756264998130295   1.39257698726428   2.05217881466347   3.30628194435822 0.158629213521654 0.896346079067778 0.734330881502252 0.291621295961828 0.987973224635857   1.4655507171228 0.930455744845641  1.66672020088489   1.4243219380774  8.96714890110701  4.10486782073036 0.457345471014047   11.009862306353  3.59033213749884  12.7412389812991  15.5975327803445 60782
2108145140950.44 1120 2.13751218863731 13.9906080870862 0.0178563202741319 0.0782564982664895  0.220447803515493  0.350788259582486  0.760410357282606    1.2971142265568   2.00050038870022   3.49514460866133 0.154484918054957 0.882026998969385  0.76048843137916 0.297088893621369  1.05056732282878  1.46281896104434 0.897796505615677  1.61741443181675  1.54002801433499  9.92177490587767  5.91435225667842 0.875034617239837  12.4073890724314  5.45331494916693  13.0634707997028  17.3047641033303 59591
1998136981521.98 1140 1.82481231599072 13.9047562917747 0.0168597676774448 0.0787024715637757  0.213156923736379  0.344997689886816  0.720993788883375   1.23713989222638   2.26248479449689   3.25970537565233 0.146897531770146 0.850257228412726 0.741618924127706 0.286571025306516  1.03379146512028  1.45999562731854 0.870195176879504  1.60069763347477  1.50116018550825  9.70688550908054  5.30573477371089 0.915584275591078   11.551175378008  3.36157092850769  12.1758281753782  16.9638596041122 56693
2299085388175.37 1160 1.77285262637988 14.4659458534773 0.0154564256725209 0.0733449348885278  0.205134721564769  0.327518506970347  0.673174465545159   1.14330293777035   2.22402329680857   3.23446711607842 0.141033287775473 0.832219748821895 0.726977689451064 0.281553215894458  1.01721712537921  1.48187457419542  0.87357877361065  1.58505965008108 1.58521944377628 10.5707398444909 5.36407861259908 1.14922238603722 11.8996204830677 1.42167090038798 11.9363760406366  17.703455642057 57053
2305827272582.82 1180 1.77628636180623 15.3328672766026 0.0140344521070329 0.0688119557212327  0.195695716835947  0.314583814559244  0.685548661308065   1.10513217667372   2.14322395187929   3.29945504567535 0.134195829054847 0.870876246165391 0.756287568754677 0.282555588791406  1.02831580591985  1.53967493791763 0.866242473002234  1.60833297044196  1.5676977402836 11.2745512329588 6.64192355484367 1.33741393570632 12.5776297741576 2.62833560295996 12.8948730141142 18.7673792342567 56227
1834478732211.79 1200 1.70371796854625 16.6396509003114 0.0129442936734029 0.0654000403734735   0.18660275213743   0.32197851867776  0.639787567789991    1.0623373691114   2.32034532751993   3.58398991179751 0.127540662130859  0.86590374006612 0.758429752361212 0.277899373731997  1.03403511926003  1.57580502022026 0.853136962208614  1.63375005245629 1.57036701683096 11.0470690077018 6.85754482963426 1.33026286282409 11.6929054594837 2.38394727257885 12.5050345515674 20.0733089667066 58050
1993991867757.4 1220 1.56394906341428 17.9011667184478  0.011876870928132 0.0627948071425264  0.177968767174065  0.307150476619685  0.596917052496325   1.09659519995722   2.30860417465262   3.80596430957598 0.121847691326126 0.839671208956442 0.763866722708152 0.265885112079527  1.01084762137152  1.61327640114986 0.840883326459611  1.65868361792081 1.58285305629905 10.4742494310691  6.6078905293221 1.30103902658411 12.1168291478719 4.75865733074152 12.5921521415942 18.0431453673285 55762
2043182233614.17 1240 1.59383733434539 19.2677337453837 0.0108333065825886 0.0586970349766335  0.172015035432033  0.307999255804228  0.568963100964427   1.02836928640015   2.28817760617056   4.02181700880384 0.117213522958633 0.836223825145384 0.736821154414194 0.256808704978343  1.03400840448917  1.80763747418519 0.866382292969247  1.69888439817282   1.581737521556  9.9468117886098 6.60914428124332 1.27009909212519 11.9677911535855 6.95603540246042 13.3024464360479 17.0298429152573 56393
1941029337555.82 1260 1.54615287899559 22.1302913682055 0.00997729884775536  0.0547494477321331   0.161627132577735   0.297989893394579   0.558799083534523    1.08112351464062    2.24477206834623    4.88638007573501 0.112257635110476 0.811815600404838  0.70659772980106 0.247664885356526  1.02700446928556  1.83302265420857 0.835060109221322  1.66470561476727 1.54666543205434 10.0252260375591 6.52073248649204 1.24206756985442 11.7633145580179 7.45125438867277 13.1969962515847  16.952845919948 55948
1799741042740.05 1280 1.52673985332226 23.1600012803688 0.00917223647487474  0.0510250596505368   0.158359231016364   0.274645632678629   0.510699614295437     1.0481013291226    2.14368578139376     4.9198561088925 0.107624956275232 0.785462680087187 0.716567451642793 0.240130251806903  1.01118643883991  1.88955148815862  0.83119207489807  1.74412836764039 1.58292827990462  9.9253759086115 7.08905120147443 1.33536891445315 11.4168730661191 8.40326666551276  13.839838079281 16.2472810541423 55460
2136735883340.8 1300 1.55209663087163 25.6793918025102 0.00834885534806853  0.0468553628315467   0.149703588894766   0.297614266224717   0.515332361495361   0.999233853610633    2.00284938909089    5.50549539479121 0.104146749074046 0.784821690514901 0.706478991201937 0.231759739273223 0.992878367094667  1.96594053970883 0.831380249437803  1.75751145434637 1.56269420143008 9.69843392899615 7.20566363708048 1.30517827707482 12.2486010377292 9.99550178464113 14.4815020790702 14.9913274243707 56857
1970609248686.33 1320 1.57637821297049 27.7856394516706 0.00771312800527285  0.0441006460869768   0.149704534759014   0.290610148547192   0.502581293438829   0.959609011622514    1.90121038109536    5.95485691827709 0.0993788007621303  0.804249285225824  0.716831061712075  0.225768552336608   0.95647249960566   2.09442489380914  0.844587171355995   1.90412641625813 1.54933050494591 9.00377603001323 6.68990630902769 1.11498391988735 12.0094728355776 11.4389719207697 14.5573093672545 13.0690096435775 56137
1890242609654.95 1340 1.5239317013952 31.1412374059899 0.00715639920894889  0.0410588700604996   0.153364505674575   0.284020678837592   0.472451008243195   0.992088115238315    1.97174289540692    6.94010897383702 0.0949765088076884  0.824259855610567  0.685083048903108  0.222616474131413  0.959057965130468   2.16658396138377  0.855671841905107    1.8951997119994 1.55823936259469 8.77415775257075 6.77825347608403 1.19893724703737 11.1290915275793  12.129828746287 14.3048718812454 12.9864448430775 60588
1702419056835.63 1360 1.53462400984365 33.4251045378292 0.00659314254309161  0.0385534325932373   0.149534754935686   0.270754279265439   0.491285426808021    1.01284611993695    1.80948222134291    7.36610683941767 0.0905206907965368  0.866687294521187  0.684968852720699  0.216915464314064  0.972784870394985   2.10961902831494  0.839520128750353    1.9109305407526 1.56975719486471 7.79043295242963 6.80906262374451 1.13927882781987 10.1931872514834 11.9348957021991  14.069689915751 13.4742150724195 65454
1830972000992.95 1380 1.51903843969181 34.6456440685741 0.00599674257789874  0.0353713176549223   0.148496429917183   0.277678194920646   0.490993656859189    1.14519449041196    1.72708313778246    7.19801396653449 0.0869222047107989  0.856046638065788  0.701993855916703  0.212993138397307  0.981996787837485   2.04929955958391  0.850024239331493   1.88631281202495 1.54546781226844 8.16900182240373 7.07615940053921 1.09465882916071 9.89164863744973 12.3279166025966 15.0061402565817 13.6108764739278 69062
1952844144803.43 1400 1.52870799558813 35.1478205513166 0.00555536361383648  0.0338729398860434   0.139458034396192   0.260032362798499   0.516027634360937     1.1345307042355    1.77079373558688    6.86292560058131 0.0831044376614429  0.846318248118033  0.703480862590324  0.207437033374515   0.95179397751938   2.00544964368373  0.901279009552768   1.90557589828141 1.53826178998242 8.53920446005468 7.53136020062584  1.1388320602211 10.4201610068203 13.0405127901273 15.9401022427727 14.3692343721726 66100
1910272376432.77 1420 1.61537533615933 36.1311237322075 0.00508765903007903  0.0318210258477672   0.138480124611278   0.246081720400093   0.505453334953401    1.09202604775932     1.9716641632616    6.64172570180391 0.0794008701401361  0.831541848330202  0.696881779069861  0.198074040129477  0.934507225413558   1.92837917872542  0.978341672981603   1.82716491648204  1.5357593588746 8.84696566238092 7.54539718200934 1.11981567075008 10.9354315542789 13.3673638076931 16.9414638467858 14.5652984188762 66951
1870258566124.84 1440 1.72780869587387 36.2405380611832 0.00462745398124854  0.0296254420928274   0.138435403986946   0.241397520222886    0.54800681105217    1.07929297827008    1.99130257412225    6.07758977175493 0.076797850811994 0.826876269828082 0.736943665838375 0.189838279944356 0.918778263410216   1.8876915500659 0.968816384394955  1.91946256777615 1.48995153696227 9.42895835144651 8.53684672201358 1.18551374027898 10.8629829210614 12.4454543379604 16.9581248320422 17.3827849567991 68358
1945171766235.3 1460 1.73116447265968 37.4269598646127 0.00433689015145681  0.0276566523894785   0.129539040070922   0.229803055256253   0.503333922868644    1.10826738457585    2.22126710669707    6.07501738390725 0.0738954607314688  0.807870806278142   0.71351567671014   0.18284796139137  0.895776949298586   1.82860430324654  0.949873230823393   1.90183479997539 1.51176760800197  8.8433277058027 8.41280647933233 1.29622086163015 10.3956003761481 11.7331447399512 17.0423125605811 18.1772631407184 65731
2143427383551.52 1480 1.77283239526731 37.865249328742 0.00406378648770842  0.0259967291408047   0.121753740932225   0.223002916967178   0.476441763568718    1.07220991453641    2.11606569408894    5.82656403270609 0.0712826712524042  0.810185714447579  0.689122593647859  0.180537726210872  0.895658382726587   1.83377993482244  0.944200582423676   1.84047944407869 1.49343060198554 8.50875557141777 8.26907000933326 1.16417943437973 10.8265234723112 13.9956574810077 17.0412287755753 17.7411517320541 66959
1809998661445.25 1500 1.85384686904015 38.5280012319446 0.00372636288744246   0.024166736561712   0.122787219335446   0.219558109250728   0.476885943493077    1.07155536877003    2.16267959880562     5.5314387035043 0.0692405259045816  0.789180376111904  0.685437094221534  0.177783563652976  0.979406993328645   2.01931365973433  0.963276224896521   1.97725052761312  1.5451864593313 9.07469022896289 7.86211325601942 1.14081634682095  11.211573830208 15.9940029663361 17.0586194236806 14.8865582155662 65415
1884011176407.78 1520 2.3899591203597 44.9409754921094 0.00340579666294531  0.0228768393800001   0.126376631440998   0.228333607042344   0.464689152163355    1.14774100610891    2.13123652326381    6.87865781541328 0.0665012040385227  0.772060987396701  0.681027704879273  0.175017300383222  0.969843143694298   2.09064544845014   0.95466150373673   2.02919362069361 1.54330685314389 9.88026358109845 7.93988639896421  1.1401788033399 11.2566818999187 18.8909697764971   17.40546745553 12.1911106181797 66577
1871013133078.62 1540 2.67711883122538 48.3380127313828 0.00315340591339082  0.0214520498073385   0.130450585079265   0.264789572605118   0.440000523398183    1.08964901226299    2.11770159254716    7.36813307850827 0.0634331981847098  0.744883658937784  0.674602953024168  0.171345905422984   0.96720198854978   2.24348431696274    1.1095163736108   2.09927305278956  1.53517423012401  9.19482536957588  8.68802726009116 0.972087870000058  11.1248599368053  14.3228186332886  14.2643289590474  16.0305855618149 67289
1824994420588.36 1560 3.24226897491216 54.0520116030684 0.00295095122400087  0.0204368019687134   0.126399197376677   0.252493671605728   0.552269398717865    1.03360661579654    2.04028487129679    8.62155799212358 0.0607045010545522  0.750193590780553  0.678818751316594   0.16665219472937  0.936377341547614   2.35041026508191   1.13662311460334   2.27558645509705 1.53476129011724 10.6804179859649  10.001056768594 1.11545123285449 11.4379667575609  7.1268935077532 12.0205018503692 23.7632543072654 68065
1802894827855.5 1580 3.15855331263411 60.4763442010676 0.00273461117340195  0.0193328636929907   0.119491228287336   0.241255083107236   0.547797307047695    1.01125478019236    1.98307953811756     10.001534658863 0.057966842144715 0.731920010361067 0.711550994758305 0.161092919253745 0.966593826749586  2.33208533443756  1.11637413723285  2.31398484042316 1.52820342623843 11.0430690337001  7.9673056829326 1.04673688036607  12.371632772093 11.1860065566889 13.0968275473085 17.5993911854323 67407
2094458955662.28 1600 2.71515118592548 63.2825726160376 0.00250268907688637  0.0181051968703635   0.118276919909566   0.228025699797442   0.525049971894032    1.00715380350158    2.12347231564683    10.0224788954335 0.0553560682375598  0.724246774915928  0.688510500913704  0.156490153892971  0.935753585717327   2.32191271301336   1.14464703955026   2.31084945403063 1.52086416275121 11.2151653202444 7.99746989079566 1.09363048052472 12.5015363327267 14.5540210398879 15.9768401922099 15.4950592484282 70034
