nan 0 0.72 1 0 0 0 0 0 0 0 0 1 1 1 1 1 1 1 1 0 0 0 0 0 0 0 0 0
7056081104527.95 20 0.6865574627906 1 1 1 1 1 1 1 1 1 0.990107523358606 0.988589139457704 0.991505129097324 0.976817792370681 0.981824043505458  1.07730555373479  1.03910936444809 0.972024754926743 -0.0151707499162068  0.0110579907164647 -0.0043355023267507   -0.14616836644139  0.0436024425569435  -0.620293989829992   0.503127766617652 -0.0329575719908424 101917
340149143674.613 40 0.698804130292464 1.22921758447374 0.897681666335116 0.905361087738712 0.913993226054475 0.935007740836716 0.939840212192556 0.986241141034577  1.10952250802312  1.35637533675532  0.96820754020956 0.976929160735303 0.960825580900836  1.00731811905891  1.00461960301031  1.10113093004949  1.05582847789318 0.961752932727673    0.275450044429676    0.134425863680147   0.0791500690711699   -0.715971522979347 -0.00708483074561072   -0.850815871983919    0.606285314946374  0.00347133552590068 99795
3060518407934.52 60 0.626600029769617 1.34448787490333  0.83354729277452 0.844504789512758 0.854333394609378 0.902712905687533 0.936687205722317  1.05337294049423  1.15926603590025  1.50675980141521 0.961162012136931 0.949356127995993 0.919748037660762  1.01287260742839 0.975240190640067  1.08166095330482  1.08890196293805 0.946877600002938   0.302000695938024   0.163297920853715 0.00794397233995493  -0.332509010699213  -0.050755509979328  -0.819011181359635  0.0495722970052494  -0.230452285129237 105752
275063320995.038 80 0.579036307964017 1.40182879630413 0.780213496345226 0.801885661579768 0.824618293634413 0.863778094170267 0.930648475225139  1.01529214377133  1.15067295327231  1.53321624662143 0.973195143070426 0.968237734538113 0.900229146798207  1.02859820707954 0.946397754758005   1.0533669600223  1.10102933376688 0.935212017425285   0.475863543241629   0.401566191922089 0.00377775987873203  -0.108211342058993 -0.0079282388537528  -0.916142619470105  0.0625720952382139 0.00146613679635718 95297
189852638338.335 100 0.673795245952283 1.47469410141488 0.728167843966831  0.74771074826252 0.814295744881454 0.901755263107027 0.925261950751332  1.00687908047149  1.13752389361647  1.58356313440395 0.982082817172088  1.05190565481517 0.871459968310696  1.02206727640796 0.927058081688377  1.11349930527503  1.08073264635958  1.03238678700778  0.749768852426304  0.874955479869901  0.159193533615177 -0.159257222948848 0.0706765156436729   -1.2546401454026  0.163279037081933  0.631315777385595 88207
191062286071.782 120 0.809857114719495 1.66094616603963  0.67107198306441 0.699331072368269 0.808464508222318 0.863881877086956 0.962861601763869  1.12160880973493  1.22964465219115  1.85131457642432 0.971382073390896  1.07691694368017 0.938326448176165  1.01994090148613 0.897158467854959  1.21479319535926  1.03713436099671  1.02054575678149   0.855930368232536    1.16452834774478   0.778688504211534 -0.0277649440286606   0.206552970335835    -1.8726230936338   0.112508223854136   0.565700617837095 83043
314550111949.711 140 0.878609026088708 1.8484609362166 0.625795074971485 0.679364152641473 0.768126387969986  0.81473927943561 0.954604021638325  1.10663150345162  1.33436441639376  2.13822151383939 0.933699176233581  1.09033286218731 0.965569676472435  1.01067630177408 0.899706367989927  1.21537504714923  1.03372241289861  1.00809395990262  0.604802786068665   1.51861100024292   1.02447833985713 -0.454127851954223  0.543335878598685  -1.90759382761592  0.634502984066903  0.241903039583553 83139
205133149319.461 160 1.01673721484693 1.96229084084461 0.596965608952794 0.640346832179867 0.741673207501832 0.787531792351943 0.925526912191225  1.11938383585407  1.27575958813657  2.29866702474305  0.90276466724566  1.08101975318469  1.10177014756633 0.976526735889597 0.916616632834047  1.19589487863737  1.01761583189351  1.00954740755281  0.738810063230644    1.6632035883333    1.9030319721359 -0.298507172129203  0.954828817954206  -2.05601023043708  0.926472546364061  0.592072439904782 76404
140911865188.936 180 1.14167123804924 2.10315029219264 0.586313533931684 0.595425176274104 0.714639907694248 0.777312529481662 0.897489937891802  1.08264737000884  1.22893363065456  2.59340615099732 0.868092062609662  1.12615278652549  1.12507349307888 0.967136054500241 0.963238629584174  1.17027731866423   1.0243367272047   1.0987365486914  0.787063911483994   2.33426764435488   1.88061065783217 -0.814672667050615   1.38696690900916  -2.40686970447734   1.25552710439197   1.62490453054293 73731
147839995288.835 200 1.01734710631898 2.38991650267417 0.531917109417584 0.581976045171064 0.676925109125302 0.748787766031244  0.88114283628116  1.07714821776051  1.24076332381906  3.03815142713597 0.841739913372507  1.11010588620578  1.10833687208025 0.972013062227275 0.948275871610522  1.15298874610012  1.03341753854572  1.07528163644841  0.950379726607019    1.9880900272682   1.46806811777572 -0.932065690895562   1.18019348910654  -2.25509777593211  0.847005621555149   1.38996258875495 76061
156972997517.44 220 1.0705552473472 2.44138906047335 0.497609327454893 0.543044123597344 0.663833948253258 0.702834607564958  0.83965015832344  1.07119104192098  1.28276959818745  2.96594095417311 0.842616266279514  1.08863503211817  1.13194260625272 0.960758774217218 0.930600519214196   1.1812305124806  1.06245033230622  1.15110850817558   1.33735771910735   2.38341674620825   2.18443364039935 -0.952027456472928   1.28845106307568  -3.04748422340481   1.30694325970632    2.4704543257324 78843
135398090570.705 240 1.04401762792071 2.68337733714045 0.465166045939635 0.533492974594368 0.678873222781021  0.71632764471344 0.788251766165058  1.04656153961729  1.23654645864758  3.34943459516966 0.817031516554912    1.071819497368  1.08809010264405 0.943940057416497 0.929659199855922  1.16681606229839  1.02171965990365  1.15967262753635  1.39068028088338  2.75058382737214  2.06671988157503   -1.422016472546  1.77513120841489 -2.46203437219901  1.10214964669494  2.61728588480624 72110
120167235276.922 260 1.12150933616652 2.74139815499503 0.437374771679635 0.497713583324564 0.623917778066085 0.675890587640786  0.77901741465227  1.00481996432774  1.20005714738989  3.28698680797363 0.793238031167526  1.08491737850031  1.08689528014967 0.974388813656348 0.912042716765544  1.16711990306091 0.984148941809817  1.28248824233519  1.49112288700408  3.31148499922913  2.70730989939313 -1.98311239067667  1.95386435795633 -3.18899986567803  1.14038824178563  3.72531916626231 77122
131864982579.557 280 1.28972706479309 3.05616909110349 0.399234383236238  0.50443171428533 0.580064065502729  0.66798795357435 0.718291401264413 0.970578231062664  1.17485865523572  3.72891681501069 0.756526401687926   1.0523893186775  1.05162169581369 0.970996019228705 0.955339992242186  1.14310973247683  1.01943252358001  1.28450900422502  1.50926157052194  3.16660285790636   2.5369038790557 -2.38522667750711   2.5454438534357 -3.54560278381801 0.104472223828862  3.77341667646333 67578
164035218502.414 300 1.44414165513643 3.09938144055691 0.376518714861477 0.511433158222257 0.543627525017104 0.667011682157805   0.7465979991187  1.01706853292083  1.15801871721163  3.61690101880002 0.739183535786216  1.07918735607303  1.08516940786326  1.00902610749911 0.980627299861077  1.13645220297645  1.02901956347665  1.25607917376903  1.40248804450714  3.86396327755114  3.62487226420523 -3.15761488284976  2.99046395229975 -4.21817686386394 0.652385178658513  3.46659193625846 69445
132261667366.027 320 1.42843254756487 3.24065226124625 0.361297023732553 0.483017349093109 0.552254176283233 0.656294388270402 0.842332668753845 0.977901873034279  1.12915729582072  3.79427886715111 0.709500789196771  1.04616734845594  1.07389172363804  1.04520626642491 0.973514449069746   1.1250168939047 0.991506693435779  1.22669460546374  1.48638704212688  3.85613485905402  3.17778930402694 -3.70619577169694  2.96664977945302 -4.12832883819041 0.288423697258011  3.78853095659803 67661
122386209230.178 340 1.32128246231505 3.32035838122071 0.331595111397155 0.481068614636571 0.554008791212621 0.629255651325758 0.825807056937546 0.925813408881384  1.14150392305483  3.65576307919286 0.675879611533388  1.00882926965417  1.11061799159631  1.01953246736259 0.982933975772957  1.11722961525082  1.01529038247407   1.2042997216599   1.5968923576069  4.13861120737731  3.49595344059625 -3.43823004841479  3.62466902153779 -4.77986288976238 0.488415419504702  4.00470813211621 70393
114382538610.425 360 1.15729343122282 3.44646017041754 0.306330210290328 0.460213067774549 0.547624358045996 0.605970485258656 0.774522745568531 0.886122932804787  1.22358120946529  3.63861710491002 0.648468847142031  1.00221041590149  1.10061978753409  1.05133673537599 0.977195878327567  1.09159952664645  0.99949324665189  1.16998488136225    1.598231112246  3.95431629314274  2.68298010492892 -2.82897726912213  2.90385155244475  -3.9592614819956 0.933464285380941  4.11383764130163 68147
109515837336.016 380 1.17038203396999 3.49801390465573 0.287987642758115 0.431461343547772 0.524856380223045 0.582695661955987 0.796759882087621 0.938698555368658  1.16965766593046  3.52384596336025 0.626033776153087 0.974730634564672  1.07169756336002  1.03487165196376 0.997701632585142  1.05985556257524 0.962341107520543  1.13136571094746  1.71047938963273  4.37726127465517  2.34039577415029 -2.52471773342909  2.21285411661075 -3.79034888851302 0.996868277093807  4.45616566815379 67811
98689088857.3565 400 1.31424000171983 3.42177561249155  0.27818866180011 0.412103326982499 0.510482324119939 0.572136854163471 0.750146244442137  1.00013339092704  1.10592804512427  3.25718539495016 0.595451410888813  1.03996688844152  1.06589598608345  1.02912302973085 0.991420108834141  1.01944424666692 0.935030197004535  1.12626327159791  1.67312413614232  5.33431147411369  3.25082821139433  -2.0556523958041  2.18837352670053 -3.81868840732522 0.602930379624216  4.32456354077991 69312
101903002889.106 420 1.22132281566815 3.38987177236008 0.265767024376593 0.393764317615379 0.493304748629428 0.605265399968669 0.835849391102004  1.00313432743998  1.14517742487797  3.05399017176918 0.567826907687682  1.02214215588284  1.06457109949401 0.995224820596524 0.987962557864145 0.998095441319769  0.90914072452967  1.12469433282255  1.59341901000566    5.234819534868  3.26934744981787 -2.17187220588855  2.20127889818204 -4.31132737374119 0.983830953692074   4.7107198708035 66214
110632248580.156 440 1.06828109764936 3.472695620226 0.250975153994425 0.383076424500244 0.463158748383493 0.566129345316168 0.779079368437085 0.958916421459612  1.12672561695485  3.02666369929664 0.545380801694703   1.0207050202231  1.06435338861579 0.965916482844176 0.960483274748448 0.999776346884282 0.877402124958536  1.13071976954822  1.75646164547726  5.10189315625906  2.87096468268898 -2.02357579511643  2.33401406131557 -4.14537773814264 0.963541836432206  5.06161524039203 65592
113045641246.159 460 1.01601157711738 3.58675204379907 0.232354030896293 0.372334711974706 0.456712896441894 0.575540108632699   0.7311196910486 0.925875278042105  1.09244171369601  2.98918586511118 0.520535062676231  1.02381203135095  1.03680516567874 0.930017423729076   0.9319281886157  1.00886095242419 0.861574276937832  1.17772204423012   1.6411739711449  5.34359071667684  3.34118833314209 -1.89578491490018  2.52323388335613 -3.84782739062562 0.570523380860296  5.28940336274674 66466
100002665278.743 480 0.890235130238963 3.68734236277394 0.221213098464207 0.368161066873699 0.426977016499428 0.576492156223311 0.731864616296391 0.888662324261903  1.05358242692839  3.00772249969405 0.503939898891291   1.0177969980893  1.01053672220361 0.924224265662365 0.906161059248196  1.00043663095693 0.853549559437115  1.16272322709625  1.50839094434147  5.19856592326819  2.83472573558509  -1.9223169910186  2.11443396046835 -3.67480128825009  1.01233393794249  4.92046259011328 69340
75689491739.6743 500 0.75358537169119 3.70748210033362 0.209734953615853 0.351065647420704 0.400601475193307 0.549231344722072 0.743650821129566 0.905365739207794   1.0251688356906  2.88289576529809 0.487440643462454 0.977815639792643 0.974925569380775 0.904882985234394  0.86881753199761 0.977606584655027  0.83004449069323  1.13493453572654  1.60415934588969   5.2299589499494  2.81469368755839 -1.79105600998317  2.07045383444811 -3.47891829864764 0.716670037917485  5.03840444646999 73208
97996364813.8723 520 0.70285911769731 3.67553549282236 0.197071185301079   0.3311742650725 0.375851845999209 0.510587930474006 0.703061937947368 0.870420030700407   1.0001112583081  2.66234523050095 0.474336292183378 0.975438676130022 0.950359293799977 0.915269154684338 0.844068279520192 0.951081037388791 0.812788718452392  1.09762070031459  1.67749065829945  4.82541323682072  2.71951762790228 -1.50960976480907  1.83298423163553 -3.69445208058362 0.582023302729202  4.96103796891308 69192
97457577699.4943 540 0.634113508923041 3.66383059489159 0.184580209814167 0.320108337335065 0.364370790494553 0.539798486035852 0.651256269793783 0.924674341614324 0.937249621767773  2.47774098772091 0.461905565775629 0.930030238928523 0.912386837790039 0.918074619932948 0.832719091081934 0.919260375605807 0.822572248602952  1.05856303875641  1.70526727412248  5.02534824441301  2.78766440995821 -1.67657124156541  1.63517837362515 -3.57723086060962 0.857354617881729   5.1462614154933 65113
111897577811.251 560 0.601437094812571 3.61029005296084  0.17361350254435 0.308133966498053 0.363030044275914 0.510841304753746 0.673409835049266 0.878826623998504 0.918497883985883  2.26291211945194 0.447736917122384 0.971600802963113 0.886330480990831 0.908728510072201 0.812150713239495 0.878900247223274 0.795201804442034  1.03417613196568  1.65088741142883  4.53655343241902  2.57199019275871 -1.41537961918871  1.59711366372559 -3.62916976158736  1.02711462952551  4.89418419249757 67804
83882410775.5191 580 0.548604861936682 3.67871084792418 0.162576107886014  0.28662597731958 0.355501214345153 0.499391038061182  0.64825948267215 0.832410500955635 0.904873574268003  2.20012840561649 0.430359840064733 0.935259528055621  0.86233379481767 0.893048088761805 0.805302457467979 0.860225449189065 0.821272675427312  1.01012067576076  1.61246587620021  4.66595273294431  2.50866322254611 -1.45819460049851  1.57648141424839 -3.36907951588209  1.19949628202812  4.90772002225159 63814
98562522784.2335 600 0.514959704654505 3.69774068699245 0.150462956940105 0.270925522775303 0.331184476824542 0.508771397185112 0.636984971670228 0.789047594499039 0.939706906859399   2.0573230709708 0.414327792854412 0.932615334139993 0.863939552753042 0.879488659115166 0.800737590291289 0.848758589796085 0.842189220645552 0.984288002797868  1.63617441557078  4.70052046942802  2.73235316386413 -1.54007298948626  1.73457491776208 -3.51741905619315  1.44800614557951  5.00846231291657 64812
100408599861.539 620 0.505785031264036 3.80482660585601 0.136618517479817 0.264778218289026 0.314279651401321 0.487417625501504 0.649217919351977 0.816942269015485 0.953967877282425  1.97778604348795 0.407983518135407 0.939737823871719 0.861126842898627 0.856123923109615 0.779430170668353 0.816676242824963 0.861255700471347 0.980630809583479  1.75809151090357  4.99681059263512  2.82899722152206 -1.53762059604684  1.79649706881094  -3.4670220398246  1.58225977466334  5.25098269251988 69342
100469936070.356 640 0.517270646531249 3.93447588633222 0.125875402478382 0.269456574363391 0.295541002356929 0.477548743754207  0.65376673140865 0.795397808478924 0.935764839107875  1.94856388085963 0.394441679644405 0.940041812494667 0.889561141919469 0.880834220305172  0.75538505330549 0.809011365971537 0.903289033844143 0.959764344440743  1.71077200646477  4.68263715671358  2.60229907182816 -1.26128770721034  1.62883231732554   -3.582882429153  1.87684891808341  5.05773555328716 71600
97885702637.9905 660 0.52032701656385 4.06716741470815 0.120767334216743 0.275884246704726  0.29274276541233 0.452502357149588 0.675662479183444 0.768144159365699 0.985216877648604  1.99771522162284 0.380615748967695 0.919249062867398 0.870791227629616 0.871114502695088 0.758466175367946 0.780775681963933 0.972646456716412 0.973896282655312  1.64505896605164   4.7642274969004  2.60888984681479 -1.44278994933217  1.61790802554986 -3.49057304730388   2.0917392789084  5.29363077357156 69857
100910691284.757 680 0.500825204308385 4.12334746625239 0.116121376098253 0.262160330311754  0.28727028344963 0.423310191121956 0.672234294584188  0.74301006784648  1.10800020959315  1.97429497771818 0.381562527402213 0.897869282555095 0.865289812552542 0.859476693328148 0.766701845367754 0.791121637040048  0.99041446856326  0.95650582916871   1.6518849620639  4.62781903865077  2.90410410237334 -1.21697541726921  1.51757558486116 -3.64847784752019  2.05130441949836  5.07249643496764 63325
90691803925.4888 700 0.546111578238733 4.01725066117328 0.114756730835024 0.261871245503335 0.289398411326661    0.418975060097 0.701388814046165 0.755275098014551  1.15507100306303  1.85197887912571  0.37234406669591  0.94536447515232 0.853518400026728 0.834863984559287 0.755379073215265 0.857427238096103  0.99291199515486 0.920054524811063  1.60100786592498  4.27343088810325  2.75677186077249 -1.25748214228708  1.51186272367698 -4.04825647762539  2.15014874779291  4.99482227350298 65684
89731595274.9607 720 0.591752013263547 4.0739748966234 0.110859684241071 0.249114217226543 0.275126460054981 0.419858439402714 0.683489138763855  0.79937825829781  1.21820472729104  1.83996827313243 0.362498518665918 0.969025694771212 0.829956278345306 0.834352278650023 0.761630213827068 0.861863353029481  1.01797051780755 0.881141114451406  1.64396240364442  3.99833083768339  2.79573677345137 -1.00270930240161  1.28152278113125 -4.03192145310621  2.51807001394517  5.04448025469094 69320
91504377466.1584 740 0.691073955570252 4.06544012466288 0.110971943579573 0.236562901495296  0.27337661258357 0.391612586264824 0.643763103506508 0.747176252324223  1.35336391567246  1.83412246720017 0.350881843764755  1.00406397822614 0.804741513871954 0.806097012286689 0.770180422312158 0.896815098406224  1.06910299937823 0.869345585886755  1.57773413322233  3.65015650953129  2.82205750084106 -1.06657257842505  1.07937206749249 -4.20048094116089  2.89481454812946  5.20983655625899 64912
80896506956.7902 760 0.654308155082578 4.30838608782764 0.102519147264529 0.218937863308325 0.281387815258063 0.411909163990857 0.627031621760784 0.736251234819344  1.44384520618385  1.90297996005836 0.351824736063123 0.986109831375001  0.77313301011757 0.770927683366404 0.751574153869881 0.882317004217505  1.05834555549317 0.857036692017467  1.74778814726994  3.88202060263195  2.79569181180381 -1.15923571861126  1.05050901155075 -3.91765860745194   2.7263029135705  5.06193956077112 63609
90464805323.3192 780 0.555549479060027 4.22661027857643 0.103620911730279 0.209378404370858 0.266151881660048 0.402768731537872 0.574218485736121 0.718779241112786   1.3601856828412  1.85110826075826 0.340736022112904 0.943433332946192 0.759853958678235 0.753111775074824 0.741128466454299 0.849567667800839  1.02836912454855 0.839176083605353    1.7148680322235   4.01018656078347   2.92008181121718 -0.962584516699791   1.22168677507427  -3.87868306173967   2.49318805496361    4.9495163464328 67405
106047560568.145 800 0.524163537621337 4.19338725699568 0.0971689657967984  0.212152024403327  0.260581736719011  0.375254533049349  0.555139928086942  0.662959512787455   1.31159499834716   1.70866735714601 0.339081620536623 0.938136569689548 0.730162321363353 0.741239171127327 0.735324258722026 0.882010006922652  1.00313772786024 0.843040046064456  1.73048956107848  3.74333910230954  2.91580241330128  -1.1905164081512  1.14514571059611 -4.04593285364735  2.67971406248953  4.81418563820158 65655
99432100866.5894 820 0.500820426970832 4.0496495729838 0.101561919556959   0.1989096065719 0.264116615420164 0.372384828207077 0.529494423654361 0.729933184513603  1.25131263462731  1.66558111867725 0.349865029462323 0.924091317679665 0.705837190618106 0.741200835962736 0.736901988099857 0.847923526169045 0.995705304236023 0.819748897642567  1.59172642737241  3.77683867966584  2.87595946965268  -1.3358936099929  1.05867630732529 -3.96140161694449  2.80128286835844  5.00627974418456 64585
91681131933.5975 840 0.52935490624418 3.96436059333466 0.105755569136721 0.189027971440221  0.26377810556531 0.359519212789323 0.510516795585807 0.701417657265342  1.15726505615751  1.66207090756933  0.34006559970189 0.918631675441091 0.712482235995673 0.752591698825782 0.728565755109634 0.857553877336959  1.00111942960627 0.820662077918866   1.6955048005378  3.54173810498187  3.16582970108324 -1.05458559669795  1.28977903480798 -4.21265920429656  2.90289238731874  4.93973425442679 63478
90772886005.3007 860 0.529731051061045 4.04486926936987 0.0988795748402496  0.207147567193189  0.248134879469855  0.354999063675958  0.494840075401034  0.766755344370339   1.18696503343856   1.61776550110941 0.336711559325225 0.927020251745172 0.715387219184744 0.735973881601686  0.72359708672424 0.906555155767694 0.971945271498408 0.817954446310374  1.76396665602056  3.72466291974417  3.09822760620005 -1.08259537610514  1.35297830663948 -4.54550766793957  2.71749483204305   5.0960812566274 66586
91373271122.8554 880 0.609320162388297 4.0480684260573 0.0944995755974413  0.198086321886815  0.235268553988302  0.374176681442193  0.487387392986918  0.808585357245297   1.23878472266798   1.54855112467852  0.32908328968641 0.885779837868649 0.768109023621875 0.735680937588325 0.708751667274957 0.980670880172741 0.931156903181343 0.869517799230578   1.78148949928233   3.76791253877826   3.35973244157961 -0.820694712237768   1.42178250292329  -4.92476173743428   2.75942996410722   5.44605503863641 67396
99466099323.768 900 0.645740804873754 4.07771140128651 0.0918520313811941  0.187293157695861  0.224448952458868  0.395193429498357  0.487626847546349  0.778885999930762    1.4186871081606    1.5272908027585 0.320633571321637 0.895062189024447 0.765804017703178 0.717085781212124 0.735122141896893 0.979539692172343 0.939054832114738 0.891610022134174   1.67492373852568   3.83158142492995   3.17991477421475 -0.869181323322899   1.75256248655494  -4.93655737247354   2.44201557084254   5.04111428099781 65728
97782782864.1798 920 0.624052938671648 4.20859649887923 0.0869912906554739  0.184319155119272  0.234382767609736  0.386122648401528  0.468236553975214  0.838477513028367    1.4419605846984   1.54081448827496  0.31063296900615 0.864354220960892 0.795390254639987 0.718159848599922 0.755792404170232  0.97769769826708 0.963020283749818 0.863653884833128  1.67008041656723  3.86697986880605   3.2841680258863 -1.07792024333892  1.85938165641096 -4.62138556422156  2.14131546608918  4.92281536281673 63342
90600423624.4101 940 0.67504033235353 4.45358663515248 0.0801331639550297  0.185030030870702  0.234723411205356  0.375303552880676  0.464550190421594  0.817926818660586   1.44535822013813   1.58939594501084 0.301742519487879 0.854991485302759 0.771479979693155 0.698346917643208 0.773018938621905 0.947439642801548  1.00852298894023 0.841321379496693    1.6817153504555   4.03398675371062   3.38837698048775 -0.920994152087581    2.0713762792534  -4.40074111271949   1.75321323824527   5.04373537214907 76320
97775275791.1795 960 0.608705702265284 4.63128023380223 0.0751101891481246  0.193293625106561  0.239286789384908  0.364003689994607  0.483072381922518  0.775044339884958   1.38423802253471   1.61102016551907 0.291130492219381 0.889610916357133 0.746123030764959 0.680781234234253 0.777246751233966 0.913926758672305 0.989994340778885 0.831418370988655  1.62773699092985  4.22308799512401  3.15413222710271 -1.11571198024013  1.78958043171353 -4.60198796071467  2.10466215072485  5.14785293516152 73654
100079689634.564 980 0.58318429638178 4.63854764456624 0.0725647437311324  0.194685634040381  0.246345778855154  0.346279359917524  0.463442754926469  0.815658160047677   1.30675867296485   1.56131204235456 0.294983493974762 0.874393919215507 0.748734482564718 0.671258912765162 0.759737708712545  0.89033276928286 0.977480774957475 0.801204197368469  1.51222416775722  4.05179444168399  3.37835900490444 -1.16759900333524  1.85334652906338 -4.38848190782796  2.21525078906481  5.07222287487584 66221
101162645474.372 1000 0.594775743474234 4.48241185912497 0.0732846463541466  0.178061935678826  0.246230002757358  0.371070076021797   0.46432290198399  0.802237644854022   1.22241899818227   1.47243629258532 0.299900096298754  0.86633689302352 0.729488670198115  0.64972284530171  0.73709589087273 0.929078565683418 0.974053227799359 0.807890474641166  1.43945059637648  4.15653906008619  3.48061487487495 -1.14017065545142  1.80519925356841 -4.11971085498711  1.99261287405347  5.03746747290362 65980
101389124552.17 1020 0.588037703769409 4.56317663678951 0.0744354913903483   0.17807694742667  0.242115506383528  0.358364134581146  0.461750974824549  0.767820738604797   1.17023437544259   1.54993905013048 0.289951126483988 0.849264024341583 0.747463280112876 0.658828554925313 0.731319556605889 0.916877573845666 0.984930032409815 0.799464134620416  1.45940198883393  4.32696110999666  3.64724284328948 -1.36175060538387  1.79559752223457 -4.12418727063883   2.1991890672226  5.32403632161746 65199
88577965800.8396 1040 0.554920922353289 4.68628587304958 0.0696679281894345   0.17516453380906  0.239754059417055   0.35834494624778  0.464333126408177  0.810158592695868   1.13538057307719   1.52999654943022 0.295023894825274 0.838486472656752 0.766410822915327 0.650983132247283 0.735771466586232 0.917042295171338 0.959772606578371 0.783821927268394  1.62035877762198  4.40888445353214  3.52740958744818 -1.22880090206885   1.6316585747348 -4.07139563430151  2.18336814409346  5.21740061163443 67696
93243985630.0612 1060 0.520392317552451 4.5152144002749 0.070538912976319 0.165651091101682 0.251737664315484 0.374317259417583 0.432811030455602 0.816350106371887  1.16963549755241  1.43808818128805 0.290705899896621 0.817992663011752 0.757064045497913 0.625036509654473  0.74687367985631 0.889946266432234 0.962720154134183 0.758188714942669  1.65043438499803  4.49956630208352    3.488713906885 -1.25708337280929  1.93432937664238 -4.16571926926199   1.8274822933076  5.08008510490227 71469
89274411688.2837 1080 0.465174873145662 4.55720650225209 0.0681889115693467  0.151996074528657  0.241611785167204  0.357237780780684  0.410049224234637  0.776985315925729    1.1467180502748   1.41615625532276 0.281383468518901 0.803775292806525  0.72769152958463 0.621585280081592 0.730742529117297 0.873758682619017 0.942958588020989 0.734405040260961  1.67643971723878  4.35152150049123  3.44365010185173 -1.28345526010596  1.79899278676084  -4.3606305020169  2.01335816523178  5.18621573705344 65903
97877385318.7496 1100 0.436053451728914 4.64295601309464 0.0646625832515791   0.14806293238252  0.226910260960743  0.324205833397129  0.410777411843833  0.745984865193201   1.05255732594724   1.39393392854513  0.27759987389546 0.776638551310115 0.716287958256912 0.611512579970423 0.750272144310825 0.907504181739641 0.922728944156693 0.727671210726395  1.67263528205784   4.3669807584351  3.50607231273155   -1.388753292015  1.90918880519216 -4.56303428010747   2.1108923566944  5.31733112295679 65899
104419250403.822 1120 0.394901716984618 4.62267571002978 0.0616474262283246  0.138398944440609  0.220308349919139   0.30889355167766   0.41487343132794  0.685731644529068   1.18744617192854   1.31735190963075 0.269614483790835 0.771489046452968 0.713683795522078 0.597685079225145 0.804266208511912 0.875295137927127 0.964515332989851 0.710783250701862   1.6818938783263  4.35094261720482  3.45625987932175 -1.31238234238454  1.65195774600113 -4.37761466095228  2.30672210231663  5.14637613398933 65141
101583887108.863 1140 0.39432359505398 5.06928475101095 0.0583215989339635  0.127721374108737  0.215536323416978  0.308580974780383  0.402145099780964  0.648570883643665   1.12334353400297   1.49872791360204 0.270818925192696 0.758775076317536 0.736702163084899 0.595038799537761  0.77712329353987 0.918020939862489 0.947166606875607  0.69082252601183  1.68561482534417  4.42353601760115   3.2586753581658 -1.41134527119473  1.62420949381455 -4.10338392048049   2.3137698915887  5.13204729166577 63550
108256935225.706 1160 0.356138317267952 4.88700182936949 0.0586941424248687  0.132683183855829  0.203713712236814  0.280521651115848  0.378221928617426  0.650627443186522   1.26068540365628   1.40177969465281 0.259817135759234 0.767432398763827 0.719197363613524 0.593174568103714  0.77633756307668 0.880999521366356  0.93595935943168 0.723268008473237  1.65018491071134  4.36501456146608  3.28015484196622 -1.25427319988977   1.5451748297818 -4.19658404761101  2.23476187488292  5.05948920043477 64382
98445935692.5227 1180 0.332081767529455 5.03435748340241 0.0567407744409872  0.127733811379165  0.197992590700262  0.290846216009586  0.365740209932207  0.664613884929353   1.16180652039261   1.43808104207623 0.252428660913789 0.741466625359958 0.707237012482692 0.578860265797695  0.78747694082927 0.881631320173308 0.921499468942264 0.726263074009606  1.64474061537784  4.41525038400405  3.37404933579047  -1.2231759475425  1.45760370457143 -4.15084988363583  2.38423172850175  5.04274933381804 74665
95536944976.9225 1200 0.360335614133756 5.11163231083544 0.0545355826028333  0.132256750303659   0.19253795678897  0.269957233952394  0.370275416790976  0.627093325267891   1.15116465359155   1.42494850619908 0.251388525116833 0.749049038506226 0.700356418115434 0.553812877186613 0.771601765679388 0.844132012827631 0.952584261465727 0.712312464744575  1.59615341099923  4.57629894078748  3.46010340697092 -1.20802715803161  1.55268159169899 -4.22785701277675  2.09519369741661  4.99455519316689 75941
95273259947.7109 1220 0.379082345541464 5.24257965179401 0.0535672485659367  0.137489536652489  0.194371822955189  0.260071553422763  0.374625071008645   0.59049476303359   1.06131581693582   1.47227661790894 0.247758032405264 0.731343916345844 0.720397479059874 0.540812301292856 0.760141553161235 0.830537770849245 0.934113760850698 0.736186712982636  1.59293227669764  4.61466282409593  3.21090648723286 -1.23247019436608    1.521171214122 -4.12816560357137   2.1772264639253  4.87315551134954 68419
88185074982.6498 1240 0.367225490664408 5.1429871669284 0.0533694463968717  0.136638639573394  0.206241949679453  0.255600259391474  0.360556473846311  0.551879446206927   1.11392101353235   1.41163877526855 0.250989339323354  0.72041501181844 0.724745119906693 0.551045346758302 0.746671794376135 0.810213141374829 0.919318358679851 0.713271959904661   1.6225728397572  4.62586063509761   3.1020783970363 -1.40290157019224   1.5227091653768 -4.07728834145179  2.21910355561129  4.96315303759419 69324
87618566915.8547 1260 0.343134528374399 5.02713807909942 0.0522874115590989  0.134853771721004  0.204137421958605  0.253373401664234   0.35377299066078  0.559382471059901   1.09954607198718   1.32141359647448 0.247550782602757 0.752459515797723 0.718695191304125 0.558241645910519 0.775295905710207 0.777020402443977 0.960535297022025 0.691426848330259  1.66399572856844  4.60823401421979   3.0550706497914 -1.45177282525809  1.55395164478735 -4.03751961198322  2.20893649635222   4.9774110435836 66902
92183411132.2208 1280 0.368010026114904 5.51141450269116 0.0500682823705874  0.131217120008343  0.195588696927806   0.23916310648631  0.339582252090961  0.538444248897414   1.04625449484234   1.52085861513289 0.261330711472048 0.754959427053102 0.758783608211287 0.556907845547131 0.773741767814945 0.799358968642626 0.946503912943029 0.698226741189652  1.73409494530325  4.67768087634215  2.91586877817869 -1.49856525579049  1.43492260947544 -3.91417203158865  2.24111101622536  5.07481680180387 63696
104408588863.086 1300 0.348703520554625 5.42702315413075 0.0524797040599532  0.119629944240769  0.184269052164743  0.247289837660026  0.351421343785378   0.55784489920553   1.08660023324217   1.54566269875794 0.265289580156706 0.753466787666963 0.760417270719953 0.549543840177966 0.775512796977414 0.814925011189316  0.92506429655715 0.691468758930157  1.67354713844589  4.74200171936045  2.98418820669244 -1.37572800207041  1.37203887411065 -3.98214941428247  2.30259199016221  5.10976510655367 66406
99790962845.7784 1320 0.381985471762151 5.22879351875056 0.0548538146193455  0.109930693186819  0.167671453081463  0.253975772202537  0.399570330580414  0.542554238223951    1.0894444450148   1.49971874191311 0.256798931592682 0.803751121506522 0.774864482013076  0.54632735674033 0.806177882751892 0.820898872054694 0.901778904959751 0.679010744737082  1.66339620594191  4.96364274243885  2.87299311799054 -1.38501247722853  1.21813719051997 -3.80278942362629  2.26101326390339  5.02693916816667 66654
97579656475.3378 1340 0.412115984928045 5.33836324182322 0.0513582708703873  0.108590656507039  0.165363137272251  0.253950127442853  0.445219461927611  0.529752629900442   1.19106006636175   1.46361427419388 0.254175264663548 0.841930299080668 0.763284592584335 0.541006180042171 0.803741909537299 0.870628875049701 0.885704603102099 0.684761294035342  1.63752379263226  5.07149412350778  2.84541486888352 -1.36006133488119  1.18311462926931  -3.5941070822167  2.16505534368356  4.85618905718598 73619
94446809796.7215 1360 0.367888744292227 5.39076201635789 0.0493344594659739  0.102890405033539  0.156346314072789   0.24754407198575  0.457091946047601  0.504078087610189   1.35514889635523   1.43367493820841 0.251932863574997 0.845373692127209 0.757243735710748 0.531551465373291 0.829754750987965 0.879979125160403 0.888286845128833  0.67915175142244  1.69551008945047  4.91970846196168  2.87103982309995 -1.29370990037934  1.27489590157911 -3.84127824435357   2.1144170625018  4.93704354184643 69829
98298150203.4186 1380 0.388477426762335 5.61518950142983 0.0483332796393793   0.09890814987127  0.145977066924515   0.24149695359763  0.425875170317046  0.460280840948628   1.40241187430191   1.52396537529744 0.249858455044864 0.851172034995042 0.780358618230591 0.576159566757621 0.828643790207566 0.866224330722258 0.861905403997652  0.67259166181445  1.72280457712348  5.09789234033664  2.73123504401816 -1.18859791674355  1.15032160942849 -3.75947713725581  2.08238477176944  4.95726286465566 63563
88797453077.1065 1400 0.417867251913789 5.71716697743528 0.0465450363124808  0.096350706858518  0.136247045974284  0.280366876905503  0.431296065913042  0.454456532250121   1.39346485172451   1.52137097535709 0.247623524191149 0.825390332906087 0.892022036098654 0.564810956638655 0.820882510160957 0.901106827606603  0.83519379997797 0.687641355058529  1.73527252490996  5.04048572211399  2.36495758402875 -1.31448528307514  1.01500092123167  -3.5734951972872  2.22747753523127  4.83404225460857 67551
91513279958.4525 1420 0.428102061303613 6.30964218383279 0.0449945160606356 0.0911812306810278  0.126507832944932  0.300916289062765  0.417978474072637  0.447852002519526    1.2928089449818   1.79130297764477 0.267831754666595 0.799621858784013 0.903133696058828 0.539267323240499  0.81769051721521 0.889698615996903 0.805479878343004  0.69126169435001  1.74760962474015   5.0213744740894  2.36855300227104 -1.31220888297935  1.07905717903235 -3.79757131228019  2.19094364842194  4.79466154155975 72229
101592585069.182 1440 0.477008820410282 6.00526051401172 0.0487820361406426 0.0851554192076888  0.137811538917217  0.309932383539704  0.416339419901176  0.459844854921606   1.18731093181394   1.75923407402445 0.260148288327887 0.819409643390606 0.884354739855623 0.603817238394069 0.882357086446576 0.912230566809289 0.791611861255728 0.673990330730043  1.71683788317095  5.09751838000318  2.54266987972894 -1.56526454074173  1.44949728616477 -3.95580204457548   2.1190718125731  4.97603857104251 74746
94910918666.7668 1460 0.485366849476254 6.27617274260687 0.0474457471671513 0.0824603490728359  0.150807388451259  0.302413201044378  0.393441964931394  0.518218047260726   1.21372778453312   1.86890431624958 0.258381888761852 0.849398448199414 0.882351807158729 0.588155110699945 0.867983756899836 0.916860240715247 0.804673931431217 0.683430660565297  1.67449673973241   5.0353057187699  2.49403249620425 -1.57528810693846  1.24178747468546 -3.88732103772219  2.31199580509937   4.7723761345592 70512
84400535202.7785 1480 0.471057416070029 6.45622145141162 0.0448636321155348 0.0798659221128273  0.160599264280292  0.315309493167838  0.374001901007757  0.497549649116275   1.27908471555029    1.8700415997037 0.250204238703285  0.84036929533487 0.855647309733101 0.573540957438027 0.894863230928217 0.884868862067031 0.819103632725303 0.665944496048897  1.65417271520525  5.25911284998633  2.42364242416918 -1.54928943979919  1.48941641258448 -3.83561811217119  1.97911211991868  4.95016826879805 69102
98757991090.9447 1500 0.4811186784001 6.20874409366737 0.0453173509840236 0.0813208525427091  0.151978092339156   0.31941637262102  0.353153471842279  0.481694752709849   1.34829325680586   1.74691605035893 0.248180006307863 0.837286231463685 0.879108365679178 0.567106167437102 0.909397165401949 0.864528932320276 0.830981384385826 0.686024912206024  1.62803908990822  5.32175663840674  2.51221573591101 -1.63666394045609   1.6572134150482 -3.83688644647911  1.85591183616134  4.74840037923159 72033
79978815717.208 1520 0.502166300982827 6.43703300001819 0.0430512994619578 0.0744957748765976  0.152860294997964  0.305347345464213  0.377262264888408   0.46460760132617   1.39118406361657   1.78384754867307 0.246730330037559 0.866927651504727 0.868353795713338 0.557933834258485 0.949681856573872 0.833413016455235 0.934624761795843 0.668072357665959  1.60975823968903  5.50977952875707  2.77296149931549 -1.64736549737439  1.94425087706256 -3.86843924664309  1.48720240608222  4.92404445231666 69876
100476325379.202 1540 0.434236744474102 6.77154283935129 0.0425466852482808 0.0727596817904729   0.14597612725507   0.28792581522533   0.35212058118342  0.486504464802622   1.45532466252709    1.9509268737537 0.244873315826624 0.862349675345011 0.852600578121311 0.556610715543392 0.925343898309068 0.824780164814759 0.917290357263012 0.651789818210612  1.67218352285403  5.46335960342581   2.5677304939671 -1.68662430640435  1.80149406194377 -3.89719875287353  1.73857896847361  4.96254500224011 70575
97072586355.7035 1560 0.429918386199238 6.75487993322101 0.0411140196768856 0.0670844880903244  0.136106210365367   0.28743189906145  0.336116288886727  0.465886157530749   1.43342223613263   1.87596705515837 0.247584681494293 0.852738953947804 0.841269939690992 0.550094883549743 0.955298586660515  0.79516747147404 0.932443947482876 0.648845984326248 1.62491152366806 5.49263492257068 2.60362264719427 -1.6450299345451 2.08805649339101 -3.9389465304096 1.53225076787914 4.89323516939017 67271
101002865627.908 1580 0.418449576701988 6.76386061612612 0.0428871348227489 0.0677315525340424   0.13152816458964  0.285711446451071  0.357987501528701   0.46172920798703   1.32448761823788   1.96207828821454  0.24376986973135 0.828375418535786 0.832896985515098 0.543992074790467 0.977400500089407 0.767910445135735 0.937703894137403 0.627560065563983  1.58739229309201  5.53381863346508  2.68669063947663 -1.66025153385558  2.23493142960805 -3.88653457185046  1.38532244627349  4.94517409640608 75106
95773276114.9922 1600 0.390046858414616 7.09599572067684  0.039785084590554 0.0669308153772224  0.134853651929699  0.267558229953625   0.34066947067132   0.47278251246719   1.22750846090998   2.00330454173327 0.244015020511317 0.814316361048884 0.825575021382858 0.540414344217972  0.98323345230904 0.756525915600153 0.908718836447401 0.620912486362168    1.572053721312  5.47948346547478  2.59957989673314 -1.56209382679663  2.05812658893858 -3.91697113123712  1.44512400278298  4.94944184734783 74347
