nan 0 0.72 1 0 0 0 0 0 0 0 0 1 1 1 1 1 1 1 1 0 0 0 0 0 0 0 0 0
531293240653.464 20 0.699034713559692 1 1 1 1 1 1 1 1 1 0.973269664854149  1.00166486199597 0.982848440553416 0.999713193762333 0.999114243765996  1.03534114872361 0.966286154010549   1.0114005445341   0.235044536219177   0.383024828964846  -0.162005511017619   0.459534526811429  0.0401365664151759  -0.558589680421031  0.0883471337784845 0.00769731723305271 104229
548974418439.682 40 0.758676238653557 1.15540630409485 0.896967326806659 0.904776047263832 0.914779732796716 0.937604139942214 0.954877016988554  1.00004163537175  1.13633967716925   1.1974188460773  0.98350397239348  0.96336925267781 0.991168087703768 0.992663935347757  1.01260848403858  1.09557336389919 0.940320125959987 0.994714052880035  0.731855610172742  0.223584129848899 -0.346327794219254  0.646157944146397  0.237025822834448  -1.12636166009731  0.133010176521434 -0.150241113954114 95638
332088669665.204 60 0.815917759615289 1.34698978952597 0.815549611827122 0.842198718863173 0.875450967435436 0.911334061367061 0.919869025557851  1.03450153370923  1.08384913010248  1.47971812239359  1.02724091943641 0.944392104816952 0.996101819729874  1.03818802399782 0.979241134461311  1.08464045526534 0.963737720723107 0.973426977287439    1.08559691867221   0.368753919707182  -0.200640520929629    1.20504729403453    0.22181479892654  -0.358414162459751   0.379456650067037 -0.0697965962969422 89573
114750858374.929 80 1.01867734459284 1.42427913197702 0.763741091071924 0.793486943122573 0.856300821529439 0.868335717689667 0.930536300433136  1.07954865895385  1.18760955709614  1.54930306382491  1.04354807233696 0.913403887497274  1.00321110867222  1.05864353342766 0.992508038632919  1.10570695262615 0.983711833312623 0.945805209171123   1.52082604957879  0.517348490230602 -0.733085718910955   1.80799177754114  0.916012879507836  0.307323234283118  0.451978315010331  0.271506561374055 84741
136794175379.223 100 1.2048752477547 1.53302160221096 0.725862660048252 0.730396135742099 0.812024873606867 0.820790684594508 0.991727483989537  1.06416780643238  1.26949486368299  1.70588992883952   1.0245150222855 0.904841053486118  1.01518662411084  1.11245739968853 0.965765069479949   1.1249541626986  0.97674777172219 0.925468118486283      1.76274769073162     0.890335527005601     -1.36367992735928      1.97464983341273      1.12133476919196     0.666065713174888    -0.237174601231288 -0.000794148750627913 80285
131463419976.493 120 1.33354162287733 1.56590447678063 0.716558004970278 0.732280214081741 0.781932098488254 0.805805144257704  1.01914601058633  1.02553033560633  1.30699243790021  1.75704095046632  1.03775406386324 0.880242353587716  1.00899545099109  1.09439939717771 0.953169324450262   1.0941468175364 0.947648881159824 0.921942341157736   2.43835743231966   1.16751325120394  -1.81577293783685   1.97780532241306  0.529155326325392   1.02914312141997  0.053182905192796 -0.244010866584282 79880
125335907633.907 140 1.44101688296616 1.62523652298863 0.668679575568319 0.719710202941896 0.742697192761289 0.873133215587545 0.951691592295859 0.956139605725819  1.24294962023715  1.76624605544097  1.10222021311723 0.860944027348697  0.99715034209874  1.05708871857975 0.947196606329858  1.07098906150691 0.921897665791915 0.886040306905027    3.39915183318764    1.58638693793983   -1.91043901563107     2.0780082176936   0.263338905225416    1.22067102344218 -0.0885388415161161     0.1878037234526 75311
121977301329.955 160 1.69065003019986 1.7405943018055 0.615474965776057 0.669092215263026 0.722736634757309 0.824486139739585 0.910326483809509   0.9470756076618  1.19314391488342  1.86468513080029  1.16401339633765 0.849796434729196  1.00270446197201  1.04348065772321 0.920153194744281  1.18145734190196 0.936316176612279 0.887104317781978    4.3566176296528   1.87899850978633  -2.57154628763433   2.43179270799956  0.820483528335288   2.86849472539161 -0.134618786352742  -0.32655620519359 78831
145045466086.981 180 1.6046895506492 2.00822339984061  0.56421388811163  0.61432894845068  0.70593001821223 0.795234783801347 0.885595032433728 0.933534008118965  1.30322528244103  2.27545273260881  1.13695421571217 0.817498065738115   1.0047812325328  1.03028969470502 0.927733785867673   1.1723382878136 0.897848592975144 0.859299431773209    3.07366260469526    1.54648977944063   -1.78614082903115    3.11233855839724   0.546567632386556    2.68898714889822 -0.0620590917644456  -0.200157047179506 77652
151872531102.054 200 1.51637101701194 2.04943135683169 0.521386284948198 0.597883075051347  0.66627987463851 0.845580475329869 0.854817845165856 0.910106657337879  1.22568013995551  2.18991045181685  1.11831211273051 0.803215950627614 0.981894459929835   1.0116825293277 0.916198563831246  1.18828420762027 0.872843274202714 0.827854744087335    3.78221378856788    1.30376262327956   -1.55571650144961    3.42690852630265   0.638426951599867    3.16822985840199  -0.371273257887779 -0.0537607451308679 78323
110906992267.67 220 1.62073897783927 2.1036463749124  0.49356966772427 0.562810566899371 0.624441031310753 0.780782564798679 0.872359284348454 0.895431168714682  1.16843215127157  2.18420770541743  1.11771646656941 0.768688469179692 0.969185329233093  1.03176905120263 0.903043313665758  1.17495757348341 0.876818920669236 0.834195166699071   3.97091257382264    1.5845021919117  -1.94438188998249   4.46695875544581   1.17922797734939   3.69933151014915  -1.26955735899557 -0.960391751366933 82588
103726432080.03 240 1.7724998356331 2.21812416394898 0.453154854194357 0.575852755945692 0.633762565480407 0.760954345842062 0.835103476848127 0.937382692483151  1.07897868889387   2.2295557816529  1.23448019173653 0.730667074697538 0.926263784651594  1.08396552092494 0.879901128237188  1.19983201726587 0.891183731982752   0.8166803435481   5.91791736983899   1.63769065703298  -2.01540629349715   4.96593207351839   1.20191868914713   4.35263554390361   -1.8492563854885 -0.852504635237065 76576
116400211301.77 260 1.81088030708866 2.52423218000717 0.423217031483588 0.549084335592888 0.616300513871176 0.749015668302459 0.793008912794435 0.917630952988783  1.02086992928887  2.69663231564381  1.22736081016711 0.694736828196363 0.898714181494727   1.0897985412248 0.875240177927415  1.17745082098971 0.934288440731462 0.818701171434904   5.44904786283762   1.65805086378777  -2.37487227875814   5.41799364243105   1.49869446393597   3.88126050662836  -2.75872869000036 -0.664811083103108 74886
113496130140.268 280 1.71431165362905 2.60588371248177 0.396026168415278 0.543310115354986 0.582604395787241 0.707182140139389 0.792877624412063   0.9533856719793  1.01537089715164  2.68926714952301  1.21443377831155 0.668361365774562 0.875402450137221   1.0768373621282 0.858014384116907  1.16041198417809 0.919822333834668 0.780212384838747   4.45116987455689   1.53619806009783  -2.36868620151969    5.4670558846804   2.24697343767666   4.74135802237924  -1.88266795584436 -0.841653631034634 69605
142531642214.496 300 1.5832177177919 2.62280805592242 0.373818038098414   0.5066092487645 0.562673620426836  0.69529295112918 0.761439378975382 0.947641282943229 0.965999172067609  2.57153992659289  1.19838988372946 0.652591164653982 0.843747393614322  1.04276357287769 0.872816107560592  1.14502142739695 0.908506053270934 0.781008747050406   4.43311014448766    1.0079437104477  -2.30931297386965   4.89494807047976    2.8717927797807   4.27255260118285  -1.68769824414714 -0.867662403497961 83260
109625351871.196 320 1.6154267884096 2.67232026852452 0.352112052855315 0.475308554161538 0.575779728929765 0.664852662171301 0.765443688609791 0.887413547186754 0.934072519513068  2.51453625994817  1.26606126675552 0.623724726276883 0.820470852929089  1.04129861773685 0.876282512279975  1.14062535799608 0.925886387572374 0.780078342545611  6.41716426190968  1.20608514216002 -2.31619577749102  5.75639921575677   3.3377895912397  5.34013618883399 -2.58036762114619 -1.55437359699483 74196
104498622401.99 340 1.55413904651199 2.93083290535417     0.32883091924 0.433432138243706 0.573970210665312 0.669867345461406  0.75558767016512  0.84428805484695  0.85354187736543  2.82458575299865  1.22789142620585 0.601360697832346 0.810914493910823  1.05977147719134 0.848909610358378  1.11718266244915 0.902190548748926 0.772530186740592   6.34997924721179   1.66245656463544  -2.74626396417942   4.71020758782895   3.16411554518694   5.24134774828201  -2.84411890295675 -0.935605619102776 72036
94621978080.8124 360 1.67177666884999 2.9510517231351 0.305763993853057 0.447357408092368 0.551822482290335 0.651655490980953 0.718844274620285 0.778013524316155 0.913279261901139  2.66280881120904  1.21355250450952 0.576575712304722 0.798522860829546  1.02427445599318 0.837669298682468  1.08272873965682  0.88234249304257 0.815469676739038   6.59436768447009   1.25702892086568  -2.53138561522585   4.34386950477516   3.58963530375668   4.39607826488831  -2.91901015222952 0.0456631619136507 79934
120556086354.318 380 1.60313165346912 2.95933915208684 0.281166433291049 0.467813246687243 0.568014659677848 0.647359838929642 0.689119782040625 0.837723369843998 0.855871309691866  2.46236795986976  1.18862638458565 0.555827672895843 0.770044475424665  1.01017942911538 0.819743487116827  1.07652938266694 0.878861158007326 0.799866674134846   7.02801987154453    1.6045192655269  -2.13019393301598   4.09100658485887   3.19254603085256   5.04587966749457  -3.30417032183493 -0.194391592882129 74331
112386680174.897 400 1.5686585360706 2.96699596562474 0.263554290685143 0.473257889349896 0.545776162920943 0.613571045018376 0.660163676917032 0.826380483453433 0.875497468994022  2.32008556775229  1.20145676626787 0.530223431410301 0.769693487208192  1.02545988204115 0.822415567229252  1.04940690909451 0.859849823943168 0.784941818203225   8.06799674775365   1.72303339056765  -2.38679752381694    3.8300326466655   2.93809551205208   5.08207577035389   -3.7054063023671 -0.411349338468863 72293
101424502000.102 420 1.74436786704288 3.07635857203361 0.242354764000596 0.435715111993383 0.539833838193217 0.598810300739794 0.647897133699231 0.819917599301454 0.923558998641968  2.29364113955986  1.19504454574084 0.510503048324765 0.738611510238736  1.05053691147467 0.804696282757853  1.01909982625586 0.926966174457997 0.755642249205751  8.46672081389825  1.54219963814691 -2.26933696268493  3.01556943719116  2.58891179041562  5.53123694423221 -5.02595945360242 -0.47238991595323 72895
103695188498.549 440 1.4738334755389 3.09440477317024 0.226035003379129 0.424660820877825 0.523498469396308 0.566338536751224 0.640243877841871 0.801307197423287  1.10783553640784  2.16436221273726  1.16384858893662 0.487621017100829 0.714444993328649   1.0266404727995 0.786196877096063  1.00844765970111 0.917033446757146 0.722911282711846   8.18317658736644   1.47844986493904  -2.23458871581533   3.64662439205237   3.02052611387748    5.4280386923565  -4.41639923183487 -0.328953958963012 71113
107354680677.964 460 1.61185209703727 3.15476993834843 0.208716399886285 0.391513809468216 0.484853116652452 0.549317010737798 0.607019885764106 0.776266247415819  1.06041162818272   2.0772652821188  1.15221261538103 0.464069329499167 0.693091022178184 0.998466827491398  0.77066344050934  1.06515356710803  1.02796780650832 0.731587897185109  8.24940306969388   1.4272647675913 -2.09791224665951  3.68337615245435  2.84162942367988  6.81027714702431  -5.8876845353116 -1.13289534266749 70354
106555630455.462 480 1.50495968174084 3.41967155870608 0.192060673153886 0.370722997069912 0.447998052829932  0.51875469461265 0.648517567338573 0.823751307594075  1.09288604772827  2.24598700650835  1.11305957170851 0.440962911518557 0.669316675314206 0.971188547291996 0.799470959066563  1.06088791793714  1.02688214829378 0.720544156800863   7.73676785937861   1.47016083162901  -2.11355926411762   3.35325104786773   3.49678305945561   6.96482511765007  -5.06699197384342 -0.928249322808876 70739
100737240108.551 500 1.53895498289203 3.51887667773001 0.174495026797403 0.364977398758063 0.416834923126597 0.528940868355574 0.628322069574536 0.830737092626934  1.05785888310829  2.16068346060439  1.10474020269694 0.436694835683722 0.672694700596156 0.966370272170352  0.80649376059337  1.07283295367634   1.0452956533954 0.716540852898918   6.88924948951555   1.82395630016472   -1.7114449785202   3.49710461438303   3.31689281257392   7.34412347932579  -4.20310914415669 -0.696639195561219 70609
92702387886.0203 520 1.50357834634041 3.47674588712872 0.171837650179132 0.354258797015144 0.401978127386012 0.515841533338063 0.652927394540894 0.942638368060202  1.08840500508224  2.07713261176113  1.09535391441835  0.41634326328912 0.649180719018683 0.938819157548981 0.816162260887745  1.04099968928278  1.06363535492966 0.690801903545521   6.28882748221547   1.65701171367132  -1.61572604701644   3.08782097674392   3.05892494382222   6.60796801309057  -3.12949035136214 -0.950012182505155 69473
101311249062.622 540 1.4979290576595 3.6275252423821 0.157548537595334 0.354529412871176 0.373064612770708 0.484899266643797 0.646077495875915 0.911310950596695  1.03368562199986  2.07317165627365  1.07825719751669 0.401111375257181 0.639249826752603 0.919974931975732 0.838320376347069  1.02673014796383  1.05214668109431 0.671647651568391  7.24782359759175  1.71130466496048 -2.16105087183077  3.16914920703244  4.12755628417646  6.32843465358883 -3.01939209543411 -1.09203273178862 71211
98618480076.8569 560 1.64876182314354 3.71664161026307 0.148163835419265 0.339377792561697 0.359119451433015 0.450556596767427 0.675256041473493 0.866149795448351  1.00832867184678  2.04665000740584   1.0628672282873 0.388586451653188 0.626291884067351 0.943260249532094  0.84834373439997  1.01832350642169  1.08264983713082 0.686395380031942   7.05838752885581   1.53561719867299  -2.35074793968799   2.21509032893907   4.54671249266919    5.5067972331136  -2.01764084148792 -0.274043197028228 70256
95894180370.479 580 1.47128252563789 3.89121218194704 0.137798469514218 0.315764009252713 0.354818419935493 0.424484789573615 0.748700979066791 0.904575267418328 0.989984836553644  2.08647996945195  1.06513818404997 0.371808081616012 0.637218396686928 0.926035219186725 0.836837973861158  1.00353069799521   1.0717911960424 0.671069408240074    7.2081940411278   1.55358038446099  -2.62852369894613   3.10524672292674   4.75334992646747   6.11160655094039  -2.67529403333138 -0.793692327673761 73439
94983965016.6613 600 1.45949511077022 3.95371377003112 0.128892643536885 0.304020569593778 0.338170355160397 0.399848089149623 0.728996118759969 0.947287026727476  0.98074568308943  2.01483080181363  1.05482437654056 0.354646924148275 0.619693075550409  0.90999374276389 0.879926352205556 0.999568364920546  1.04757276639906 0.665244950428322   6.64141654709702   1.64984711980753  -2.08516683411525   3.40466069428744   5.59883049104282   6.00919773838019   -2.4149432350511 -0.508249487698174 69091
96074583283.132 620 1.31153684985829 4.01668266038283 0.119194959214813 0.282791567446254 0.332327648528193 0.395797154907357 0.714800190422262 0.929410062699655  1.06652185619961  1.92306043291548  1.06855627112467 0.341264854094089  0.61685744184696 0.883061175703279 0.871154536621655 0.981758695766759  1.01086620303635 0.659268211719611   7.42494627640351    1.5171808492829  -2.26023829369369   3.85514093536295   5.41115178668839   5.53801325988289  -2.40885314052368 -0.434513067496576 73302
109255448897.518 640 1.24913936343809 4.07040526839674 0.110623289310604 0.266975178963052  0.32602998431057 0.371932169764073  0.68465830766432 0.881305777267904  1.12347638357856  1.83282867675231  1.05555692673828 0.332231633657648 0.598855871121891 0.905714596466473 0.850882765188306 0.974901157936737 0.981672350757333 0.666059844032931   7.82963814788915   1.71202478487294   -2.0569424229831    4.4951643078785   5.35945955881145   5.29224782206647  -2.51422616321052 -0.596362360919257 73438
88618762951.9185 660 1.28919381018673 4.09637437153455  0.10293799944066 0.244181854253087 0.310401232377529 0.357572758231932 0.769329601823695 0.809621183962948  1.16390224522279  1.72732876122043  1.03178738442132 0.322292996388624 0.593260864609125 0.931875642142292 0.849834919247816 0.979320679065689 0.949526243313678 0.643282183993263   7.48951422251282   1.77520992150645  -1.74427031992212   5.13013099167546   5.42287530708206   4.64895312220256  -2.48937522742912 -0.642809709013315 73319
87614679054.1264 680 1.25482169861256 4.08865840883828 0.0961290932528075  0.229226634575471   0.28655596295781   0.34767070239656  0.783459002994674  0.808825684553919   1.22663968828175   1.60700231645718  1.09186239015764 0.310709826493102 0.605461452493075 0.965794239441953 0.859184647928434 0.946073253241673 0.928172284089998 0.623811643895853   7.90083140571988    1.7274281101439  -1.50756607434638   5.50520060207167   5.62750793473203   4.64565863454539  -2.28302221605523 -0.535117756039842 76446
97895826398.4011 700 1.15277649080185 4.27266959984782 0.0880122053720076  0.230094250207061  0.296886546662157  0.322573947450885  0.724911237833319  0.771277370057726   1.43146331436952   1.60672490250982  1.07056451423232 0.296734029618003 0.588934815632751 0.956667833532387 0.890442705892122 0.955518990409686 0.894028666292417 0.601171302251913   7.73415516771585   1.71897666160347  -2.01617837311744   5.22153957949453   5.83744304061349   5.57495769371526  -2.53855596763027 -0.307397259627514 71252
96120437048.7714 720 1.0303599449133 4.42720989749936 0.0808632125881146  0.226277494364687  0.270242710204254  0.304978420774762  0.690475039039484  0.824875762387587   1.38016920252132   1.58493412668044  1.02754136790289  0.29187357774148 0.576939301054127 0.929689990080901  0.86291387803434 0.975305797851236  0.88016141227515 0.582421381888067   7.78024021948872   1.54656096703989  -1.96662410338583   5.17737172298015   5.90672055657712    4.6545022139408  -2.11625694998916 -0.441323314667985 70753
87076924980.9412 740 0.947536164100905 4.33646092818665 0.0771543788095836  0.219654463984068  0.268779820048232  0.298703786399164  0.647882112680338  0.804308779270307   1.38059121222151    1.4508798674447 0.994913977462992 0.284070737523884 0.575462410977377 0.924545865239543 0.839265191876065 0.945196256469294 0.869981706562474 0.560551140929421   7.92879491646623   1.49227172481449  -1.70956556385269   5.39737856788381   5.93686491191119   4.57264839696045  -2.54555896683738 -0.387128361147458 73550
86779503849.9022 760 0.968207958490085 4.36839362773278 0.0734180315763245  0.213064617795298  0.265383364846729  0.313164881954522   0.62107390532565   0.74726807210233   1.29094072314518   1.40102622999095 0.985558931841457 0.281417986765919 0.558374191714202 0.978587622626442 0.877997918969085 0.960288468286579 0.862270139655216 0.564292940828438   7.99123179523733   1.69365520151187  -1.56142609243357   6.15646486741946   5.74140370111775   4.00552983492029  -2.40632836435537 -0.647008829295464 68424
86582061742.3655 780 0.986473530713022 4.71146523783983 0.0690143293859452  0.202897981419611  0.261083459285147  0.328293808966854  0.592996291451828  0.851123911188443   1.23752528191607   1.53197350577218 0.967085124737223 0.278762374151246 0.592129738513503 0.970398591438005  0.86587470639016 0.931309050329803 0.830686614372449 0.578628295660158   7.84670384291955   1.63130928384987   -2.1807028567711    5.8938504617131   6.04305007680974   4.26644885117317  -2.48303148643865 -0.875814003521353 66263
98628624109.7813 800 0.918607644346497 4.7381826687219 0.0668586935396676  0.193953053376236  0.293700534663438  0.336585815513675  0.557183241172991  0.822143595122608   1.17575198794621   1.50100274212114 0.959607337481938 0.271343502018843 0.585024480904762  0.93712714762787 0.852628344491611 0.916423461556441 0.800512725857656 0.566009223202871  8.10853180434569  1.56892476669627 -2.26918320746564  5.83709937946688  5.69876728694595  4.37895202392116  -2.2575784335742 -0.68720494470198 72585
87105616280.4756 820 0.891494084527335 4.71550020454324 0.0647691012276651  0.189523080442792  0.289835167510943  0.329038086778368  0.558962266779529  0.764194067502416   1.10640483191949   1.44020198988723 0.943862478267546  0.26092214027428  0.60105826219883 0.908072447905193 0.844518150867814 0.891286558436233 0.803243672294741 0.563352004539003   7.65960855085728   1.54641614617633  -2.23612064383807   5.61441635122259   5.53671415031422   4.01974012318282  -2.77962945878418 -0.714423854470839 74846
77947380611.4054 840 0.981446540653052 4.79580881408905 0.059594245030467 0.205811443012423 0.288491195562068 0.359618529027345 0.550700486966426 0.767960543159284  1.01216076314519  1.37065465495942 0.943516641642046 0.262067492319037 0.606256438405322  1.02646565189919 0.843989529794745 0.876683421294354 0.804147099391487 0.546571921293652   7.61454906702718   1.43731606046843  -2.39960866995456   4.48330109940077   5.22117359133207   4.32962700517198  -3.03202758953548 -0.485094139021657 74753
71052475109.7615 860 0.989191221465513 5.18236117061296 0.0568295207205417  0.194873464907501  0.280547315002979  0.343616728540072  0.622832465648443  0.776310146263553    1.0050946594551   1.52626289686632  0.95169294258563 0.257684739988233 0.593107349163676  1.00186953394824 0.861696101088453 0.835357472888007 0.815537265719318 0.528329915102404   7.05953835807513   1.35819095762795  -2.36470252914007   4.69929998928094   6.00563838229506   4.35379131245521  -2.62162809259846 -0.559836235954975 75240
82822753017.161 880 1.06105096888871 5.23149371900806 0.0531466016368562  0.189822845004505  0.262872719575003  0.344297880707576  0.613269849362631  0.792545408771737    1.0017160999423   1.45454417698504 0.925739753540465 0.256922392913519 0.586596008815261   1.0469771421135 0.874197875872013 0.810185113584111 0.786201716718713 0.533262043622527    7.5965791206671   1.51654310912675  -2.64124258122308   5.73383673442931   6.43396864352619   4.33825580748238  -2.72369019982664 -0.254762011904842 69245
88180462707.9566 900 1.08655214168251 5.31932008840127 0.0537559133408921   0.23139084961065  0.247791040195374  0.336472946564229  0.585019646876678  0.782481495833534  0.928418217135144   1.52103250236758 0.917416946945757 0.249895921014519 0.617973792803048   1.0207742755422 0.883327553339717  0.79668641780629 0.755125431891049 0.534077435500017    8.00061413972433    1.42548602816164   -1.93621233610228     5.3126827836859    5.99795858226955    4.72461309688493   -2.82020262632833 -0.0921923287115975 68645
74832454645.0144 920 1.04673361864933 5.27316062882142 0.0520563131331775  0.223571057465239  0.261127658836057  0.386507320162721  0.538543023094708  0.806891455512893  0.882217215241064   1.44748945244226 0.901901413877991 0.246436049405417 0.598876411927286  1.00970840338389 0.881029359100275 0.788169346514613 0.783563876691685 0.535401635299195   7.71732592105928   1.54571535866803  -2.14276338128986   5.81263055532027   5.57267014367411   4.47495200041728  -3.26299568083493 -0.183897781520976 73067
83977202637.3004 940 1.23112577613108 5.34900127029431 0.048985178286106 0.223673367084937 0.245514330846335 0.413652994647137 0.558971768249768 0.793921087524406 0.864098248347937  1.40155483876106 0.941561245507762 0.271255167013493 0.640358491607963  1.08151917130788 0.891167991975832 0.760094806990175 0.786540936390988 0.520751665363218   8.61775302521373   1.84763618209931  -1.45303174961678   6.68330768008498   6.25122306216695    4.1616378191453  -2.93853870261338 -0.032645430708697 71787
102445291815.715 960 1.32612613388672 5.90919840894695 0.050804284377327 0.205885118701931 0.269471727524627 0.411765149266728 0.517369463627291 0.753401259200726 0.818900307736037  1.77401579705292 0.939041157767077  0.28136733401358 0.648039753788086  1.07422352218944  0.86578841031492 0.731322749017338 0.780897124109398 0.550803900925167  8.62092846966661  1.91168837162409 -1.71803034740276  6.26839308105375  6.23223015647542  4.02913642575653 -2.51584130493598 0.532402421776865 68987
84303198006.3975 980 1.12405986766957 5.85157332553782 0.0518360515609792  0.216945359223116  0.259209809290384  0.405217126406646  0.515241520851558  0.699530909097109  0.809590988530631   1.77491359616745  0.94551711719715 0.276497761810778 0.620293759582613  1.12648461714068 0.828938980323279  0.70353662381138 0.776614619978235 0.550970256081792  7.95259351452931  1.66403010114672 -1.81200628170175  6.10345205034704  6.08800852596017  4.02699489271443 -2.43150374897798 0.287534456951197 68127
81870898690.1897 1000 1.0371010544765 6.02918812180546 0.0502733263684281  0.211076244057603   0.23522623849509    0.3846824343887  0.494915387650641  0.659216911172198  0.850105947963472   1.82749118712885 0.933343320527111 0.265742441980395 0.615754078312482   1.1000662935023 0.827127698526696 0.675467371876231 0.761913797342005 0.563441101553356  8.44652328603925  1.66514656470745 -1.64335781192586   5.9887160728954  5.81263466180028  4.11037599279952  -2.2071317008947 0.472080412833263 67972
79239963202.8873 1020 1.02065635402035 5.99277120819559 0.0479043876774131  0.210046187791786  0.233043637529559  0.382471080835311  0.496404834757726  0.626830737862687  0.852316808174533   1.72040496951084 0.928868867278897  0.26155534575537 0.597422900737531  1.09502267702876 0.797326629326483 0.654159244873108 0.786137391448055 0.575145629055453  8.09098680273465  1.65819800912731 -1.54791740968723   6.4868042440899  5.70346094697218  4.33414848519612 -2.89823733374605 0.478353247236535 71270
81936537030.1597 1040 1.04362084252074 6.01407261105224 0.0459413325565558  0.212156601181266  0.247344619501167  0.379454479289308  0.472987475670761  0.618867731991982  0.861248436940826   1.66165524423465 0.995476338454873 0.250953469749462 0.579592296840843  1.09073072308665 0.822442595336883 0.629541385878063 0.812396088952432 0.568923544848662  9.00921970990072  1.71297264144074 -1.35764375256527  6.96748890199631  6.43369412795994  4.38202278876591  -3.0060697420279 0.604662528074415 72784
82523591256.8553 1060 0.962125242175749 6.38420001914501 0.0430933460593932  0.202144541850397   0.24135374051478  0.356729607912168  0.468390548673262  0.670985404515281  0.896870895463197   1.75639902464282 0.973769935138401 0.247529547194857 0.560091230948054   1.0526691664708 0.807301734876223 0.603252073960867 0.810406008102313 0.570611970444861  9.17850266160809   1.6586988825987 -1.35265310115691  6.89922782310962  6.11107323018607  4.43974770201863 -3.10992373995518 0.377594807552242 72926
83805199058.933 1080 0.880819419308465 6.23866978013855 0.0425260337395396  0.190063350467115  0.227776705098182  0.336441270964302  0.451380603425063  0.631896890172389  0.894077759344617    1.6551557857815 0.992193599781936 0.243824833788014 0.537667552488633  1.04076350816073 0.794449555357374 0.584840517056556 0.804219663752602 0.556880567735695  9.40430158466588  1.62476415834985 -1.48313265892167  6.82839599310743  6.02956025235769  4.33631135321571 -3.14401984739076 0.192656079699999 68350
79752917023.4777 1100 0.830808971036179 5.99923761204868 0.0445779257886431  0.183017442424633  0.237443579797458  0.314357909879972   0.43213648024552   0.61537297501485  0.914943687254315   1.60439752621923 0.976576666357037 0.234238985118062 0.514233882287434  1.05437166660267 0.794341476101486 0.566214653054942 0.774666800517451 0.554402265854034   9.42400767832491   1.61997187641091  -1.48925272779614   7.33176816785588   6.39014581773565   4.41946598386988  -3.24759997498743 0.0474375277133185 67335
81545502791.1433 1120 0.790926437453415 6.14632566132414 0.0423394582935223  0.181593523456747  0.227216665488416  0.298078490798368  0.428135752647313  0.620199697816567  0.846719106185785    1.5994712279596 0.970677677118996 0.230796857149415 0.497946580971449  1.02981884985484 0.773589882368582 0.547978379640014 0.759253399172264 0.545713307262024   9.04629254999985    1.5819056365117  -1.60386376616112    7.4899736122403   6.43569540528643   4.28336217335094  -3.22182410715123 -0.120865600926845 72577
69742548111.4905 1140 0.801989924144221 5.99867597491963 0.0413416293844604  0.170472381199901  0.211424903748943  0.283417198392358  0.412652284236752  0.631281878536087   0.83871819411543   1.48764188206419 0.990108753919612 0.226022891734903 0.499378116686074   1.0186958070859 0.759210913035332 0.533551334301035 0.729793626371932 0.528556845409385   9.53465965710472   1.53175972397462  -1.84825155238139    7.6793258492564   6.51187158101037   4.46676224049196  -3.28539996965139 -0.134999334563451 75016
71410872952.5647 1160 0.737200773807204 6.24896505734514 0.0396063127250337  0.165725216975263  0.207727867972055  0.265862930559311  0.396701694580642  0.590152276323653    0.7791851016047   1.54660925496369 0.964528969351433 0.218614954350806  0.51030032839589  1.02888956732431 0.746605120357439 0.523745023324686 0.710086199988389 0.534296055678785   9.36165670507768   1.56796838506021  -1.46325898775328   7.74164083801068   6.53443171537784    4.1983344713529  -3.39463269296247 0.0422658429886142 69778
77765934080.8577 1180 0.693895140143254 6.38849023453409   0.0366268775319 0.169173281273418 0.215844260643726 0.271351592573503 0.387258698570799 0.591076477036407 0.752374650809645  1.49484570118347 0.940840235824625 0.210242855133619 0.489785668953652  1.00195941105142 0.740617302264988 0.506844612474696 0.717250386639611   0.5320824934088   9.49645642286404   1.58679520147244  -1.44100043138478   7.76489827374731   6.44122186244521   4.21021700685097  -3.74394272237537 -0.132340340796141 68682
72352790372.1267 1200 0.708054158908117 6.53432364743401 0.0335234567179742  0.160587729397247   0.20769039940498  0.257386155565326  0.362057607603554  0.610417532911435  0.713133579557326   1.43136395576601 0.910497474306565 0.220043573885528 0.482942677140219  0.98417986717885 0.728117986833946 0.500067899343826 0.723264401106598 0.523507625261592   9.60835778929254   1.44214463271938  -1.42007182556042   7.75869893133601   6.36498469630905   4.35021670416583  -3.91819955406413 -0.259480708776615 73751
79226697132.1805 1220 0.627981713477079 6.05479959916373 0.0360521615011214  0.170817151679499  0.205351041699039   0.23816754182806  0.340929368909778  0.622413290523669  0.721239437139116   1.32169380653059 0.885185181903127 0.217766928773138 0.467407966906255  1.00604056982589 0.739825247400701  0.47731830088306 0.707338381157363 0.514623151535387    9.3615120003652   1.46961685360744  -1.39405918805754   7.80257762972475   6.41468253892372   4.33676174145741  -3.90065406349056 -0.271821380729213 71684
76011453567.2926 1240 0.629939006031169 6.1595514362099 0.0356443417601407  0.163319592650921  0.185782974206962  0.228833500628665  0.322573312544743  0.593319448421409  0.720079677252675   1.35234896032962 0.887509131634665 0.213250316189378 0.486187060397669 0.966645063044629 0.740060791498893 0.461230487731945  0.74254327552535 0.531569641890739    9.7053474355812   1.45042292828924  -1.26869752222879   7.76543089750537    6.0972025528792   4.34524696993496  -4.18436195098652 -0.353282535715428 73552
78777182995.1958 1260 0.633699681405667 6.1790712159507 0.0337704143648554  0.171658762765763  0.177482180563818  0.246810661687027  0.309651384968634  0.551317514602419  0.818212584777516   1.28938552610161 0.873012986211881 0.216675102377651 0.474093856629487 0.946618270492514 0.747246287638027 0.450334972114406 0.742583403336617  0.51264107495412   9.68860542436808   1.37119927734487   -1.2550886347328   7.50849932156409   5.88855550400843   4.40494195252858  -4.28583324411081 -0.382840290864029 73664
70567508789.0274 1280 0.594415732565179 5.88307685461322 0.0349657603825688  0.158984271835075  0.164414553474033  0.232752249943431  0.288647518395255  0.536065047738437  0.879345380147292   1.21018571123212 0.902097456774422 0.225261336708837 0.460511320798403 0.936644601552545 0.735358421153681 0.431413197318798 0.720481825435895  0.51446689184263   10.0126716425983    1.5142098536601  -1.38185756000783   7.68228803181012   6.13244470652195   4.37064268402999  -4.23517191632728 -0.222487009285993 73774
82341262893.6473 1300 0.561529010907637 5.8984020573431 0.0354711177968978  0.146906963928019  0.154854606213091  0.218002271845288  0.272400994986959  0.560089486218859  0.842729567016195   1.23408086749856 0.897943918134525 0.229006830411872 0.458095126592818 0.927445616152652 0.754253028667722 0.423729215314035 0.703643346470235 0.503193982228858   9.88743226408136   1.58336723058935  -1.45454473615146   7.87542987261284    6.3545274934432    4.4044949883228  -4.00892134101157 -0.107081679972305 68287
75448247451.2671 1320 0.516387197356794 5.77067230479267 0.0351737192986603  0.135429110465675  0.169933519889729  0.209500729634655  0.254954607964378  0.605605353390756  0.843611078897564   1.17130802682577 0.874988513072463 0.224836814963728 0.442462150033152 0.973031405577867 0.752169384184278 0.416670130620981 0.685293737639848 0.487792758587914   10.0383423392846   1.58324138369437   -1.4898434079782   8.03033132104505    6.5167586676837   4.45037511689682  -4.03520580429242 -0.175271684710242 72603
79826630352.7799 1340 0.443921697323458 6.14864022654669 0.0325563410804202  0.129658011126159  0.159252279843688  0.197725928384066  0.248170632649637  0.579586448092948   0.82789402412695   1.23081775895578 0.854414631773151 0.218315968677279  0.43282778290267  1.02508601228899 0.751770544156096 0.405784407952834 0.672584986038237 0.472101525018432    10.045217521494   1.55788100878189  -1.48400558025357   7.95544978460885   6.25182154116412   4.37948177379479  -4.16802903182447 -0.267996459204157 70995
82849862244.6356 1360 0.441456865069931 6.47911422051044 0.0314012616436966  0.119995117431556   0.15403476219182  0.187587034035477  0.239300076510183  0.568245239021665  0.802143222314125   1.31819108442918 0.850490299366838 0.211252674569477 0.430827220988691  1.02410318666605 0.783720717700635 0.402644048588589 0.656007566340807 0.460031208707613   9.84032933504223   1.52646739068775  -1.56170485788386   8.07955874151426   6.54252843104259   4.30074863365811  -3.99419633337344 -0.284619176168961 68871
73790243564.6957 1380 0.476200186784562 6.52754551929499 0.0305484397978675  0.113249617822593  0.155786780182637   0.17939812352113  0.255341266598703  0.563468788519149  0.821248985417358   1.30163390455318 0.835209214761896 0.204757516205811 0.444632952215134  1.09876361094082 0.779596321776934 0.403313684978519 0.687999565725991 0.461086740927656   9.91023683462785   1.53351798997724  -1.62714663182838   8.45215331735787   6.64039127210802   4.21708461961001  -3.78733738805245 -0.166891504529295 71621
62253413104.1348 1400 0.526963702758271 7.24392585802089 0.0289764978712752  0.108529357501554  0.143118339576422  0.178382464785279  0.267482200167216  0.532834158835569  0.821007595867661   1.52052613170176 0.815226218532219 0.202341318999555 0.480542259063427  1.08323708302508 0.798438719298435 0.398103276990672 0.795908900416871 0.442945575335927  9.82200322943691  1.53483312280236 -1.72426335935974  8.45247936229763    6.615703610881  4.27100536078475 -3.49370349437353 -0.16146939640643 67691
79130537434.5043 1420 0.48772973362445 7.5440823909569 0.0276085836411365   0.11220397349949  0.135740346903748  0.176318327272268  0.291858846188888  0.504184569093221  0.916314692982447   1.57129226606019 0.786335731852274 0.197701711624483 0.473494158108874  1.04896300079823 0.787943215591795 0.392595264199434 0.780552749026874 0.438178424485372   9.84559639793117    1.4933607973619  -1.67213975976089   8.25073115918446   6.39281932817677   4.20558382197406  -3.68630230030752 -0.231502248454206 71550
80126567795.0446 1440 0.545408380439531 7.48141899939921 0.0263939464395739  0.111866521597912  0.133280875803026  0.165592492489235  0.282996519770267   0.48562930651165  0.875106549518092   1.47731221081086 0.765369806015968 0.223898927994089 0.466996747785857  1.04360940433445 0.769780134572954 0.381037567300282 0.757470724102772 0.436575080211928   9.85525845223107   1.36681557159306  -1.74100865180442   8.28965986087588   6.38148004710576   4.16659874400407  -3.82195958620599 -0.307205979366895 72150
78436517016.6432 1460 0.515249312099838 6.54854962377278 0.0325946871515199  0.111505970908203  0.128938891247961  0.168186351245546  0.291686835162249  0.493571534190517  0.820980395725669   1.39777433735613  0.76218054001022 0.220171741083907 0.457476751933201  0.99463160539119 0.750720195082647 0.365035186975396 0.732750051413066 0.426615616760839   9.96500372076587   1.39252689193148  -1.73444822239976   8.22635874891029   6.41256857203489   4.17208725604682  -3.71033304164142 -0.292357837902966 68073
83120187210.1652 1480 0.564002623979938 6.3132069477473 0.0322359680603992  0.104700832249623  0.120170620600142  0.167734171058398  0.280951066451627  0.494594396120423  0.758524243726004   1.28481550322315 0.754201763008862 0.223387893605996 0.448867580838724 0.985875434185862 0.728358155721011 0.364366334941235 0.703180733584165 0.470533914025663   9.99928550561584   1.37383979884983  -1.82576755289156   8.46402368603541   6.49357145267829   4.06982277416658  -3.67708420530002 -0.530521735422909 71635
73012901341.9668 1500 0.536595797972834 5.9258105055426 0.0354402773178417  0.105610547503282  0.122975791001358  0.187232893690199  0.287634815402313  0.480925445659353  0.706975399485573   1.24449349451075 0.738052748190247 0.218811475054604 0.451369287762658 0.965958118980108 0.730930883507271 0.355006024102367 0.697801581877383 0.470255015782741   10.0027572536661   1.38313652811089  -1.71608078464184   8.51881102977299   6.53990842485164   4.18876421913718  -3.52065860021695 -0.400092681024543 71528
68618093075.8128 1520 0.518507730708169 5.86841981826472 0.0355338338245642  0.104127889786074  0.120952365196186  0.186499724727081  0.292984518980882  0.478449921681357  0.655490801810338   1.22372664743232 0.733973630887641 0.215809673577043 0.434100506850791 0.956276998417479 0.731771934594192 0.345727773603222 0.675855048017575 0.455081623898223   9.77665306757333   1.33544212932508  -1.75548072308427   8.50387953772868   6.29923603599586   4.13498801140866  -3.44931784592473 -0.432737052342899 72486
65920993386.6267 1540 0.497100373090969 5.82128501515462 0.0343527335432673 0.0983270566303465  0.117096019612151  0.174716138178165  0.281498208797836   0.50870107790919  0.628282585135456   1.16412342203291 0.734008999773614 0.211413061306846 0.425764827885174 0.938713833287515 0.726233648633249 0.343324969763512 0.648261365652944 0.463912295934928   9.71638058010413   1.40108468408111  -1.66547166061937   8.36564204397147   6.17157183575036   4.22838898682256  -3.50275379803541 -0.279192495792296 71577
71773420155.2048 1560 0.467520942453998 5.81708162195654 0.0332661603968137 0.0937739049341128  0.111066463722058  0.184271203345394  0.277851068874482   0.49113018579402  0.609634894501411   1.12567492592905 0.745948047318572 0.212970240728186 0.425379187829657 0.951994153352413 0.720849348120512 0.335819346649309 0.651370092729362 0.470583430115346   9.57440645067881   1.35772090181449  -1.66207511773368   8.28107082873625   6.08377077466496   4.17052781316548  -3.46177712171726 -0.255096144723382 69085
80260654031.5791 1580 0.429013179676563 5.83548433688001 0.0335332538582407 0.0873183809780089  0.106590562431748  0.177140419553408   0.27090789755071  0.487100519936336  0.662670494553335   1.14190378399933 0.733470887988066 0.208605298284296 0.410275942819003 0.940515307825869 0.701642050270279  0.34926972765007 0.645417042352136 0.460284288901071   9.60923455532527    1.3984512135127  -1.64376611098401   8.39889322278854   6.12689824340092   4.15319331437837  -3.34486922855869 -0.187079767303146 69943
79646793764.0572 1600 0.454701962112712 5.96995909368176 0.0312195752483376 0.0889635118244945  0.099860894657343  0.170332114360721  0.258579212860696  0.460397747814967  0.655075234059688   1.11267851121082 0.740778584699759 0.203669383023648 0.396940793344603 0.933213800893368 0.712357022744571 0.334848600250365 0.621347078292626 0.447598042241498   9.86051431872113   1.42567088394964  -1.66546156161769   8.63159001373781   5.96783901489268   4.12998324057947  -3.35143123430871 -0.173792929781668 70318
