nan 0 0.72 1 0 0 0 0 0 0 0 0 1 1 1 1 1 1 1 1 0 0 0 0 0 0 0 0 0
383054349294.893 20 0.703817108765299 1 1 1 1 1 1 1 1 1  1.02171817180557  1.02140219907134 0.986380011282844 0.989863592502446 0.969470543962307 0.987362956359087 0.959108334655977  1.03116014850535  0.595330445091805  0.206571593394824 0.0334732521007729 0.0702270648722911 -0.217267285976257 0.0897702750483131  0.213518972368054 -0.543907977928828 98995
371953227345.07 40 0.68217353932113 1.17331414406253 0.897399391223271 0.900461353427302 0.932182734200614  0.94659156721215 0.958047255824525  1.02163886937898  1.04614425199219  1.23541930269949  1.00526457942056   1.0487746180115 0.976469558290705 0.990560174090357 0.949660383868785   0.9718407669204 0.936188926336746   1.0142452212828  0.388565718000289  0.460600400626121  0.126711108917493 0.0353065354198938 -0.492146122095251 -0.146806832416241  0.462623009024247 -0.731194858131276 96184
324349047214.23 60 0.75261600676742 1.29715460436877 0.827034594699677  0.83892270244753 0.860240907271174 0.870786914759623 0.894733418187042 0.986262165453412  1.12710228827126  1.39157673532419  1.00411420930106  1.11032253540121 0.954170994122208  1.02765371431688 0.932056420121708  1.02270164649821 0.901707334749449 0.977829183850997  0.563042412452543    1.1060851854268  0.185058154826433 -0.584962678787852 -0.141116851005017 -0.669547113646807  0.486238038059052 -0.580302030685192 92400
145910749406.756 80 0.883816189171446 1.48388991984401 0.766571003746547 0.787047670381191 0.790338812692879 0.815284426079398 0.837565332471342  1.08137266639937  1.12533471786962  1.68793514924507 0.993183237091448  1.16063730511252 0.965946001874704  1.04264278457795 0.939676362877958  1.02915411686956 0.907354679752622   1.0050703530244  0.846026602177429   1.50632906545772  0.670942182008607 -0.793891409686447  0.326213536505517 -0.612130240049704  0.886746354034762 -0.882805342029208 88463
164863698966.452 100 1.0390961644002 1.69578905717383 0.722963181187874 0.735809482849885 0.776589192182333 0.793395413796441 0.928555411358801  1.03120568106466  1.06171238067536  2.07902560073184 0.970417397180726  1.24148139124451 0.938783698128224  1.10497378620589 0.962478232916147  1.09372881093314 0.887654203366488  1.00656901538865  0.852272559925277   2.23656190598886   0.75515368769401   -1.4750968207543  0.769493819817188  -1.05431319489953  0.574722084553654 -0.570427650273356 87456
155944001548.164 120 1.21960842073465 1.98729914664778 0.665764587207221 0.686068337674726 0.745576688524976 0.758712040667451  0.93555053775911 0.942955680145793  1.14501559497561  2.62934263087329 0.926663145884412  1.31102759730923 0.922253616262799  1.15394832027891  1.04373456247636  1.07995364323063 0.884855535436389 0.976273227021645   0.73234038536239   2.89361649289865  0.875071835847483  -1.95768286364274   1.63788529945382 -0.893873183356895  0.718206482309637 -0.908831034953799 82748
137432784329.573 140 1.46332119520736 2.23642248846948  0.61504299457985 0.648492425916128 0.697904539472247  0.73993779871113 0.903033272605416 0.989139713467825  1.08166594907268  3.07619015243235 0.889219115516036  1.42272759251785 0.913080683337039   1.2826406202853  1.07216724677897  1.13250121492575 0.894702933032611 0.996208878217629  0.932928271142711   3.89852839107611   0.85195213737252  -3.32429310977824   2.01796333071302  -1.86294204440841  0.694302895737249 0.0191828497905169 83274
121377222297.602 160 1.55736888413165 2.52908805428653 0.603648289029448 0.617045647363849 0.646434910629401 0.753776986158213 0.841134638939948  1.03071084288598  1.16491615903034  3.86110733325337  0.88733031560635  1.42658312306081 0.882592679755894   1.2957269483988  1.08034893577838  1.20204501716863 0.877065960468153 0.976742942230691   1.71982079134066   4.14157612555153  0.993105090292746  -3.53027707161269   1.69805269166501  -3.01133135940795   1.22080242174556 -0.882692635140452 80979
124665317079.347 180 1.61502603665927 2.68624575771551 0.571021410848727 0.606582639507942 0.650278158261664 0.685395783193323 0.791115292642551 0.984276674299359  1.20659753141082  4.12044268954395 0.854579897380297  1.49485751777318 0.904257844752616  1.33334084593063  1.08204083710259  1.21934231358274 0.857128552241378 0.973001417220666  1.58269075037252  5.48261121672736  1.81304280616508   -4.255433166941  1.97369349882883 -3.36090732682161  1.42058741779506 -1.48587267493381 82119
98766804029.0478 200 1.68968523426722 2.92747380684643 0.528696775156925 0.585656614912454 0.618173744697916 0.655961675647244 0.768058861042259  0.99209149815506   1.2197700943077  4.53098576058545 0.815812822115765  1.47778467241608 0.900421591008871  1.36063727750109  1.06619227029373  1.21313850726463 0.853814468475573  0.99539092217777   1.41248420869976   5.10420210529984   2.15040083811791  -5.23476069951052   2.61243091596216  -2.33660168556319  0.519602017415373 0.0737751866436706 73036
109510087602.415 220 2.02955319396302 3.04790265760442 0.478233689959772 0.555787187979471 0.591720749250389  0.63045685976747 0.753675140184961 0.967422408295147  1.41981555158443  4.44265258378975 0.781094366001639  1.50941183567429 0.928581570032806  1.49044866271367  1.10495266310286    1.204088561499 0.901377545204324 0.993664187237136   1.54897013101428   6.79227325384712   2.64569795086016  -7.20576028535235   3.79004248288035  -2.54331532690873 -0.734305344615086  0.530392707089401 77239
123744598085.165 240 2.0804823517105 3.32974610805442 0.441290717078442 0.534734843384977 0.630391936831958 0.658815203733953 0.732356803442411 0.895496918395287  1.65696419782257  4.89268247360013 0.747830664652501  1.48171868978906 0.918030984178998  1.49896044102341  1.12578194972583  1.24110817098741 0.903724530120198 0.956565474563912  1.15883914633968  6.65061748535429  2.65971284893388 -7.54469961230306  4.75134871733561   -4.026130754597  1.07571910664386 0.420471395981117 74615
103768562768.364 260 1.84655444545581 3.4677237782318 0.408938116815935 0.548716017789178 0.597979088419112 0.655614989396081 0.809270194937118 0.868901157928237  1.57692962625334  4.91752510268045 0.716309156228262  1.44572443763392 0.895402959576647  1.50806630940731  1.11045764464567  1.21503820271688 0.910019963897108 0.931700305960302  1.61234880200329  6.60150229356467    2.163218754771 -6.80584218080032  4.62987481703058 -4.43062902864104 0.662968288534221 -0.11127076125039 77455
117304212375.189 280 1.73734603828505 3.52411903661253  0.38473706839576  0.51328218570178 0.591313204390326 0.611238661667628 0.795107915367433 0.810139281956241  1.60083659019128  4.77820931221718 0.682211419654425  1.42908583641056 0.867273768313793  1.46838948044936  1.10828260114332  1.26357387870269 0.910855635783025 0.906478626136275   1.52503315060847   7.69690506567547    1.7539355125505  -7.36977035414825   4.99024609110302  -5.67284448621219  0.633147174774954 -0.455823166390992 77659
125604439873.843 300 1.802712251861 3.5807253864199 0.363464816111195 0.480850793522492 0.571134023379259 0.622652502984853 0.732905395190121  0.83759247424703    1.623502546877  4.66019841194014 0.656773810511612  1.41721742964029  0.86790935166612  1.47472070251768  1.08956974885462  1.23079347327031  0.93574806126488 0.934768381014643   1.7532967764995  6.55772546576609  2.83863990902894 -5.46734811621584  4.41262663898094 -5.22299894193091   2.0461689384839  -1.7052116931654 73280
123206223076.483 320 1.56788670226493 3.67587251936407 0.337777304008213 0.466241163578972 0.550450031722781 0.582107080361964 0.691217414629605 0.919610779936985  1.70789224142971  4.56406003029533 0.625900261711922   1.3750843722786 0.881050475694293  1.41806021540222  1.07386386548307  1.18499457018014  0.93045909957554 0.962937143009919  1.59623389730122  7.34589879137731  2.17345758620654 -5.99353216933819  4.44128866549558 -4.66997172946084  1.99298209522205 -1.21834130488597 81767
129644643139.924 340 1.35690750272794 3.63188557038939  0.31997577818956 0.450329090353654 0.549785945452996 0.586916584626123 0.676512107461572 0.899800665009417  1.71616032813742  4.22067019481055 0.604414377601784  1.33300986650737  0.85957525698845  1.38781639017457  1.05284997019614  1.14576316427656 0.893236637821753 0.997758350815112  1.61542074120947  7.09529125136364  2.14383677174782 -6.15707010834292  4.13516737234531 -4.55229610953838  1.81427973528535 -1.75318540271561 71079
103383432471.08 360 1.22960631991749 3.5783151574541 0.314820387218365 0.438390271490709 0.529509037147531 0.545187302926509 0.699240539081496 0.845918469148245  1.61766262113213  4.03106707730018 0.577125504351218  1.37086143415933 0.840207292715283  1.40125412995224  1.03202337711261  1.10886615634709 0.874272310998347 0.985685435666703  1.62925142248056  5.74656492018615  2.03518733098325 -4.97313789756113  3.86530015562948 -4.70187980204626  1.78146029467107 -1.60288968205794 76776
109608546695.026 380 1.15116485058012 3.72747263674386 0.296878920832478 0.423049132774289 0.498175024772044 0.507520268241905 0.691790393280186 0.842030413281182  1.52808521291047  4.12485124024837 0.550740143804207  1.34621773594864  0.83455000963999  1.36323709712006  1.00760199190817  1.10645882191851 0.876610623907562  0.98290227052446  1.66741894852907  5.41429724258696  1.71685536879922  -4.5639929088541  3.72102043989382 -5.00067109289419  2.35947536486514 -1.75000039931497 67267
109819203412.023 400 1.01385393702815 3.78110401383108  0.27463957324294 0.389471228560143 0.488279002824385 0.516255351263037 0.667513161465466 0.787812804546865   1.5941381867033  3.92645264957683 0.526838770098151  1.39886714442071 0.799590867898505  1.33238799833565 0.975722039990438  1.10144648152385 0.844717567611853 0.999952868911536  1.53131055761151  6.24011656719664   1.9372184230745 -5.13113575458642  3.82817624686978  -4.6368256207818   1.9612798384316 -2.21781318618815 73997
114190850128.871 420 1.02792035291071 3.8813126270284  0.25277310655118 0.385022128837941 0.459170107158269 0.481485289026486 0.671752422174273 0.844758611107892  1.62477877271028  3.80792263404842 0.517932566941737  1.36776210426154 0.781845399518647  1.36392040819459 0.992022746075254   1.0781630500493 0.819640056136135  1.07573181444554  1.85958094992187   5.7774879263966  1.70789577523154  -4.4889762270645  3.28352897350186 -4.39358013080104   2.2880675828512 -3.01697575444627 68865
129773733601.309 440 0.972006523025763 4.07252587827999 0.235326579572002 0.368725154618055 0.439316479274285 0.491057502010874 0.654905108263493 0.828045843827422  1.66576398168029  3.90300122660002 0.498607060949618  1.33729088801087 0.754105788496508  1.35411234932466 0.977283169367104  1.06935674918515 0.801320337131094  1.05873881202622  1.83389177259916  5.52769751289959  2.05375069895604 -4.17227445341993  3.15406612576166 -3.87353717897909  2.48712014067104 -2.63131727104318 75039
86617191741.4408 460 0.904916396074447 4.17875726230105 0.220254005557069 0.343556731874694 0.412781076407328 0.456557505862384 0.635218600537912 0.820675275604555   1.5657787795835  3.84607814474238 0.478238567129977  1.29360289180381 0.756069810359317  1.34340764030092 0.971955241348364  1.04755337803879 0.790820535926737  1.07288664551962  1.82305221286697  5.47093656577545  1.65999695695868 -4.14376592978067  2.93230069593407 -4.11796140767897  2.16703623946627 -1.90708601898523 69268
119052858462.966 480 0.87527980060431 4.24754550305237 0.206287971455853 0.349344424999072 0.408672307202701 0.431588980876697 0.622996982361979 0.795707939441259   1.5606816587483  3.72177389504633 0.458284481355314  1.25272363265206 0.741898371391072   1.3015901484799 0.950176297804137  1.02651413675479  0.79888346332494  1.06194131057728  1.75546667906928  5.55786459119335  1.45674199550461 -4.26212054423432  3.08411752270626 -3.77440283146272  2.13589218040892 -1.44299277841885 71881
110561351538.652 500 0.777243753263542 4.29804797589843 0.189590805549277 0.347340255340535 0.381243599734249 0.450111523298273 0.590036493510364 0.751923882712571  1.53379313959981  3.50235197895451 0.448293371430305  1.23192649123564 0.713988317695029  1.27704969636658 0.934146447519142  1.04447964913195 0.800900954998407  1.11906983840635  1.79567434718237  5.45307557641793  1.49299224986069 -4.08548226146859   3.1191521187375 -4.22246077167315   2.1444567108207 -1.45162151492439 71049
105499417063.808 520 0.706953517941669 4.36287738724269  0.17662472290842 0.331280312011946 0.362688606971444 0.430907471699487  0.57972694475101 0.867563370784735  1.60578215465979  3.36199845349622 0.435836785922666  1.22840173589053 0.684852977473423  1.26679569967696 0.909037728982695  1.03464540008395 0.791171972353212  1.11664888650863  1.69815829096875  4.81911636519732  1.52158186290744 -3.60932693023522  2.90779614490727 -3.67412535945688  2.02318528722412 -1.70892055573627 72767
104470558606.477 540 0.654240353893244 4.56309420401114 0.160756578826841 0.326505329933101 0.333442610693677 0.413478655648698 0.551387559215678 0.818913360523889  1.59068795245134  3.34724594909043 0.420190033512213  1.21941696852789 0.663886126404519  1.22235815398819 0.878938664026467  1.04867252117206 0.772032143558536  1.14197408077173  1.72256398785829  4.88603062302845  1.34429555080807 -3.72514025493388  2.78983529896507 -3.33326755351436  1.79948522143437 -1.79428617840947 72780
102199719075.983 560 0.609728408825295 4.62521959074987 0.148130743730877 0.303049693984124 0.323601035189918 0.402362954765174 0.547936364678738 0.825191474384247  1.65164496717519  3.16891008256631 0.399087357420801  1.25137635077779  0.64945766004844  1.30024120282059 0.884226518540202  1.02694516953831  0.75584347817671  1.14895743225097  1.71092380489681  5.20438793698807  1.54795454175795 -4.40688058950764  3.00820406153157 -3.72583167870415    1.685416606505 -1.70702413450302 72774
104954207190.292 580 0.591781571648437 5.03516051893096 0.134389544299369 0.308937638106316 0.323047829403433 0.393276058794574 0.529363930431153 0.785738421310141  1.68360115810887  3.40715680934793 0.397998495693555  1.21968048703852 0.634395246863376  1.30360518941578 0.868571338029641  1.01944523269288 0.750411145261702  1.14387202277838  1.77127067451357  5.38289605682249  1.46369748150691  -4.8264233340541  3.28327149626472 -3.64903509871055  1.56380504454413 -1.58258998721917 71497
105623895055.882 600 0.514973325754198 4.99238695409098 0.132518864604686 0.295163624143127 0.323670442322875 0.373307050625114 0.503445051399471 0.838702334960726  1.64341401352332  3.30289057370706 0.382218784616776  1.18655468760125 0.610080799576948  1.25693298610824 0.843309073268915  1.01012927272367 0.778129516925608  1.10113798623342  1.71964004711221  5.55571968291285  1.42037545166435 -4.59312442717623  3.34858558193042 -3.88986233630403  1.70826182461658 -1.66235772135978 71768
101097621884.286 620 0.451623530685151 4.96512989297097 0.123695763906122 0.277481084630975 0.305131854959584 0.373240883720004 0.500282412169141 0.799855332396057  1.62650510120626   3.0494116570817 0.381927817456333  1.14988607330105 0.596899418285042  1.22109623263899 0.815354798024949 0.984860337918808 0.771619458219386  1.06558648995298  1.66322688898934  5.28837122661453  1.46768813235937  -4.4001723760855   3.2501665368704 -3.97770381295493  1.89505642205282 -1.74139011488689 71376
104977821723.156 640 0.483644602171721 4.78810066166232 0.123536360083569 0.259656402175107 0.307541722775745 0.352159705496189  0.50180122051173 0.779896728667246  1.52432089297828  2.83218321928589 0.374282114387882  1.13114656233964 0.600780180656012    1.179374643803 0.802688456633479  1.00199380121755 0.785701203338436   1.0585356816686  1.60857839170378  5.16137325283847  1.55281745448166 -4.25991548397932  3.39433548131182 -4.22044209873832  2.07911676463623 -1.39500660560712 72533
110490073993.122 660 0.48270917005762 4.80310142042552  0.11397000856094 0.250528882184201  0.30175458718157 0.367483980794104  0.48325790042624 0.992399804058358  1.41890697067738  2.62926339505927 0.370343889906555  1.08807292586038 0.581327178691018  1.13708905702355 0.791808832884606 0.978813342494372 0.769463069595451  1.09793668867873  1.54286294337408  5.18963673501191  1.57033582453253 -4.40537753385555  3.27252787572952 -4.20799048618411  1.86565942591505 -1.09394068146742 70712
100524513266.68 680 0.512706166636491 4.76742707930004 0.105891844375551 0.243153362338125  0.30148612431259 0.343980248410314 0.474507277729841 0.981337356453042  1.47744100123569  2.40674806131105 0.362436806195946  1.11305556815969 0.577917321450678  1.15868164424539 0.836213045370028  1.01337424689584 0.778548479317381  1.11211827423008  1.53917360315833  5.40146883904331  1.58365232183648 -4.06870881868567   3.3621313279424 -4.51344736341873  2.14399246831042 -1.27207395626707 73566
96991037938.0569 700 0.532219641269462 5.0523402676302 0.0968119142535193  0.240305643360297  0.297499091464085  0.335460216371308  0.472305859733811   1.14543675431977   1.55685496403524   2.47123468794532 0.353614313467386  1.06990425952344 0.552925386803112  1.14073913696493 0.819368775667759  1.05764181600293 0.781031761410628   1.0993951290116  1.52566990530452  5.24474625134825   1.5847238275498 -4.03118617353483  3.20539204110672 -4.78668191500577  2.29687755594069 -1.09190244346175 79627
100434482530.544 720 0.53779804499205 5.0809006240077 0.0909212156281512  0.231546999495532  0.284853005685215  0.307808359913236  0.455590802223019   1.32297565699085    1.4445248000347   2.34718129276344 0.340611927239341  1.03778996628733 0.572070441406083  1.11553541877675 0.828068336897487  1.06284135457775 0.767281617401724  1.10819126462241   1.57135219072063   5.23728497530881   1.36485508020317  -4.17937394893635   3.15780307384242  -4.76202971799908    2.0875701507362 -0.745680462934788 67891
101176735006.276 740 0.513365741149744 5.14665684401989 0.0845099215591757  0.214077770031632  0.276733683449949  0.303384330161268  0.488937535253605   1.38552814970168   1.40516956274057   2.23850528164331 0.334943724321806  1.05403716566981 0.576166880008215  1.10253578524337 0.859176597479948  1.07489782067204 0.754695891117826  1.07157440061293   1.67721399289741   4.91776131327296   1.24936923049373  -4.03887302165204   2.95123937772666  -4.28168377776659    1.8906324300897 -0.989745235655143 73750
104844910873.683 760 0.48824573922488 5.45493123726388 0.0803360887077381  0.202716127496174  0.264996189601307  0.282265238461955  0.470995334302752   1.30452368251632   1.38582701780406   2.39050273220791 0.330423586917453  1.03148953468507 0.585207269999278  1.08962227123454 0.835023155024779  1.04030451683745 0.732994474698681  1.03868027972932  1.73273322154528   5.1001301689946  1.10350788696538 -4.02447430909564  3.03498837702059 -4.29864515015228  1.86501533203814  -1.1037952031996 68126
89210126687.2061 780 0.517617371198453 5.47694480093778 0.0754425669459374  0.192720771547691   0.25934564497146  0.301132059473013  0.443661356788062   1.22881107241651   1.33437098462401   2.26304497363716 0.351897070175513  1.03338600548196 0.598237157777747  1.09628377533708 0.804767560076433  1.01821559608478 0.725328296509634  1.01767411303139  1.86033159525496  5.20904373737141 0.944907541766588 -4.34753053870544  3.12024571645762 -4.13377848764932  1.70309838579446 -1.11918857199952 75769
97269439118.6595 800 0.555491760540725 5.24557464856148 0.0785928619341622  0.188755952840329  0.277976084687324  0.298564982643703  0.432968726051527     1.180808944368   1.37738662338712   2.16256538533867 0.351373890186949  1.00569043433917 0.608792311852104  1.09666034176247 0.780854812351187 0.982696589169673 0.732570842120794  1.02122919945684   1.85424819146814   4.99350540421744  0.907586630145973   -4.6321167740954    3.0618342015187  -4.26490311634338   1.55997476884137 -0.898236629869187 67775
100949868745.244 820 0.567102375044171 5.19945629742833 0.0742708490213437  0.203213514715923  0.275947328441192  0.300752066152727  0.441180512242329   1.23645339935116   1.32348330107735   2.00786381447575 0.350434165464975  1.02539201476969 0.611868902395747  1.07063854336727 0.759780599313353 0.977921137889044 0.767383530724573  1.01607329738423   1.90499081270478    4.6460625805928  0.828002419259499  -4.49264106598247   2.90981644968626  -4.16254765830869   1.46997146662865 -0.721309641780445 75534
98752397416.5358 840 0.55152294572511 5.19576390674013 0.0716990169414894  0.209897922652257  0.266629367586355  0.302359813251183  0.423326605714553   1.23836131364633   1.40190405466985   1.93558397798687  0.34398258850543  1.01613176260761 0.622801753064252  1.07670245467401  0.75814529081943 0.943511653770853 0.770742571118721  1.00148215943458  1.86724846687949  4.53726972010467 0.727571638282647 -4.12661059238415  2.83326839998533 -4.00676468979095  1.36468783335634 -1.05390514341592 70090
96922182571.7811 860 0.563997145900686 5.31663704591482 0.0709493957804797  0.211502150816845  0.253206952789725  0.306390644093359  0.420153695234759   1.17373407681347    1.3185899313464   2.00550028221436 0.340754635054389 0.999721680860684 0.619423512298798  1.03408174612563 0.748244847040558 0.973542250959635 0.800522192330226 0.961807958516101   1.79861825853538   4.58716756568049  0.912609439125749   -4.1295202845978   2.65584281265981  -3.70710091439679   1.11065489194533 -0.970006041831775 77389
107211805561.65 880 0.555399550128791 5.3189269959725 0.067624065284634 0.220715511226293 0.236836412778477 0.303694919770755 0.433393308430792  1.11612789108804  1.35058941692472  1.91315137525347 0.337794208463723 0.989341643169714 0.627394817781663 0.997702924185928 0.735529455931919  1.01880998506358 0.786372744661958  0.98865697260105  1.86453230363371  4.43724315426624 0.673492820232726  -4.1204365701134  2.63466775708262 -3.37927275828306  1.03539961154515 -1.20125556381191 68112
91368931491.1331 900 0.492393688722751 5.30840942031394 0.0688259518468104  0.205584831269563  0.240922299786616   0.29816101294821  0.415889566244574   1.14350281558538   1.34439179801219   1.93946099002508  0.33026413307158 0.979447920972028 0.606828567296556 0.970137533879428  0.73500397673261  0.99330096478079 0.765019572108148  0.98028089387137  1.82082966684221  4.48159884741316 0.808116374299899 -4.18544762908452   2.6689378782957 -3.49134235044913  1.08225453726871 -1.32150774282299 74743
93808763423.7625 920 0.47782612357615 5.44848874377937 0.0643395137695879   0.19663133582045  0.226818609764225  0.281554873385111  0.399845112522849   1.06687980252759   1.30482964383361   1.90998470964036 0.317283305777991 0.946807709819593 0.602065473040494 0.960021808388797 0.718982644304112  1.00392875380379 0.756912394207836 0.992007054715158   1.8532238073355  4.56551167003552 0.636787553623823 -4.24650143868683  2.58790104124917 -3.17868458406217 0.969129697428315  -1.4828484604903 67765
100624695641.808 940 0.419313944569015 5.47002472617566 0.0607276470940595    0.1875308286502  0.224962767413653   0.26852265709919  0.371820660042915   1.04545211812931   1.38698263504693   1.81704228306719  0.31361502667291 0.931089631196032 0.608553655249639 0.975198791932381 0.714621392161017 0.976484961990069 0.731769353228162 0.959829540664816  1.85069531993316  4.60913297990724  0.80007453543587 -4.28116712813447  2.58368400400409 -3.23840105497193  1.08684321378282  -1.3086424068993 72428
92747996520.1975 960 0.416965054343349 5.3340680259369 0.0617982017422046   0.19452601214825  0.223008208418583  0.262787166666499   0.39747796375607  0.987824769494311   1.32187610288611   1.75829984485155  0.30341132821183  0.93602782328693 0.587475362174384 0.983317734969741 0.718772614245722 0.941309173849782 0.726137891073522 0.949566889547489  1.83664321644771  4.85546947911888 0.789296601857955 -4.54216285313804  2.81385755063127 -3.32600027417402  1.18856947695467 -1.09755685099353 68861
96144317471.8235 980 0.399221877601445 5.51743733761074 0.058922812528099 0.190526580563772 0.244168012517061 0.254953442207861 0.367557655624249 0.964599267896526  1.23743534231145  1.79373502181445 0.298043937208979 0.893862502712965 0.576888705226172 0.949791689898051  0.71194242247645 0.918102212104495 0.693899293875717 0.928765059724773   1.80507598193558   4.81720292051122  0.746799738007705  -4.44879993134913   2.64437005752351  -3.30739236265965   1.16302306628365 -0.968888740571302 72446
91792953039.2427 1000 0.360672695194695 5.51452363358024 0.0545508595034437  0.176762441922902  0.233516995444575  0.261786304908519  0.373470740298384  0.897380147442109   1.16024210580024   1.65889005035965 0.291889962701922 0.866228383822141 0.577411570435932 0.917178957492383  0.70087543083013 0.921565635539895  0.70699100436062 0.916448652668763  1.76907843638247  4.65645875420793  0.91953109016427 -4.28752718604125  2.61655130426013 -3.41072477728074  1.26555461460082 -1.03289400292994 70190
108775586930.103 1020 0.373837910094535 5.45405526983032 0.0519683993235573  0.174190832488499   0.22267367781953  0.254986509434571  0.364634323232545  0.933730549968299   1.14232307046079   1.54588936565216 0.293446817075597 0.847010004895613 0.590121598018079 0.944176377417223 0.676181799767864 0.900436070135635 0.755925304932529 0.914594743880399   1.7060078363569  4.73526551256314 0.923727936621983  -4.2348468620591  2.63904014481915 -3.45926111886311  1.51310283657945 -1.08910178125493 67805
89338817632.432 1040 0.368306097083385 5.50432042399922 0.0504856593076344  0.161777244661295  0.228672455922162  0.271220010247695  0.361852296317865  0.926453226770717   1.18911072622797   1.52959145041945 0.303678794107858 0.817175302217914 0.605390087042855 0.929679519354054 0.680783176365737 0.918640029859253 0.745251648749812 0.892108678596388   1.65712695143761   4.78516353948143   1.04122477808552  -4.44004414707472   2.77685792905388   -3.6193532277791   1.41274900182114 -0.999120840680198 72560
110418775934.09 1060 0.32829305414252 5.64538682307831 0.0486320136756056  0.161058024532066  0.232003226300052  0.283070296988282  0.363203634080667   0.85177447401574   1.15975757504581    1.5499213581774 0.304903046070772 0.778078015027019 0.586271008678599 0.919434815198748 0.654963906055969 0.897176441889096  0.71454144155894    0.912728343085   1.73721594996306   4.74255973377829  0.958946055454617  -4.53047189486409   2.75145771651821  -3.59669849090971   1.36252828603676 -0.826533873344131 68488
97802719337.0837 1080 0.312351623613119 5.62217203143508 0.0474802510746692  0.150122566060393  0.213035495027306  0.267534297396585  0.339913798833585   0.83450433136942   1.11160575483742    1.5007946314815 0.301048633111889 0.755482900236825 0.570282077160261 0.921868933487587 0.640964019722472 0.887932524994797 0.704678100491884 0.892805269312885   1.74805136543809   4.68543724879541  0.876645517915203  -4.52364330176896   2.69366321694298  -3.70889204468901   1.41558957076958 -0.884319516000932 76633
101975682736.784 1100 0.302525764841287 5.64294658150686 0.0459493067531088  0.155440379005904  0.199582329660425  0.258035723020892  0.361603805073379  0.794286722038018   1.05132521796508   1.46315670433987   0.2980979063261 0.762219698507236 0.569641463598758 0.907722766369911 0.623172941269983 0.870792389783896 0.721718128756558 0.915150761874602   1.7998418995965  4.77603228071151 0.794964422961755 -4.47661920888673  2.66968004183703 -3.59377612744567   1.4492169891672 -1.06484322426461 68952
98354408499.0543 1120 0.297886868054976 5.60422117592665 0.0443204198710206  0.166643110945021  0.192025635590359  0.265846203920235  0.347139254689705  0.845149550804336   1.07018644662474   1.39198450091239  0.29454933044383 0.732030710043369 0.567346667855982 0.897242669721455 0.644332937052769 0.891093282650203 0.710025628653248 0.891122176125986  1.76575148553623  4.69000523422057 0.761863966755528 -4.29488631717815  2.50366907719028 -3.50567640859492  1.37153243064205 -1.11010760958314 73553
103769213333.158 1140 0.297419783933963 5.70351698475804 0.0447583472496332  0.166024944991293  0.188174208994471  0.254824642901885  0.335191198314198  0.783361816815713   1.02867327721326   1.45599378021054  0.28751658321355 0.721598858190236  0.55740554765154 0.887551955025764 0.646451341008442 0.859225098342362 0.709951127596258  0.90527768967604  1.79843986944727  4.84159172675385 0.766554789405031 -4.37185654996533   2.5526757622452 -3.52845949330793  1.51936263136257 -1.22781445444452 67945
107401053569.126 1160 0.340317189515954 5.83128401441354 0.0426739277654158  0.161695590308742  0.191097794973479  0.257333221086362  0.316703977058918  0.773493007729841  0.987469170074588   1.45107883110311 0.278117969697131 0.698006924410913 0.541507653498523 0.891128606607204 0.703470985395975 0.834902266264816 0.705964858738518 0.902777201299272  1.78550066158028  4.75087373570584 0.787110771222478 -4.20736046837795  2.34480413259443 -3.55806173882906  1.58482181399041 -1.35724873260465 67509
105193038662.906 1180 0.32411952089701 6.01078729412062 0.0412990775093763  0.172229740572315  0.184160840118079  0.258026551158916  0.305740255005205   0.72502427349206  0.978631884830556   1.49211765968625 0.274845211464058 0.674206682794863 0.527903098444753 0.880307626185773 0.689768936277654 0.807444538392637 0.694924697100843 0.878226124320586  1.76286116366366  4.66778312937519 0.824712850869008 -4.16641321603058  2.36161179399163 -3.57073510607412  1.63200750580504 -1.24715381554759 67914
85962769441.2604 1200 0.302075712264666 6.05104531198147 0.0397875620780125   0.16354327875508  0.177595005475981  0.245762404060345  0.280756936861058  0.690506718143541  0.910887633736724   1.45682752846119 0.271490361487378 0.664962181376401 0.541310385102122 0.874798152522603 0.685334611532538 0.777008173436345 0.684631439559871 0.856296842450376  1.73925951684582  4.81557324274628 0.891431451448838 -4.30429149425438  2.39756932098129 -3.56344819483191  1.58288755341046 -1.14080908361981 73808
88951614304.5662 1220 0.298316535208955 6.18238724804169 0.0367951530286067  0.155681685345965  0.172507444741831  0.257710299426976  0.280368274320976  0.631431254047955  0.908684966376839   1.40638110420427 0.262233694109111 0.666390134003925 0.525032067378409 0.889104740389154 0.715654957627102 0.757953055918361 0.677296188845276 0.892134486524786     1.750065185187     4.844878998915  0.891390817250862  -4.50881973826448   2.60047376203658  -3.50980123498282    1.4457100617393 -0.944169716346682 67621
98871326012.8649 1240 0.335730899208577 6.66779958957009 0.0344864982842491  0.149390339041823  0.168272899767886  0.243466257732084  0.272040330522414  0.637445702076446  0.881940885655307   1.53325424192519 0.254245077980389 0.666427780716354 0.506262058002674  1.01199068113075 0.820014809820456 0.761509648694124 0.672723821395554 0.916450604946232   1.77517260494945   4.93996810977909  0.885047153640887  -4.82033624025861   2.84858068568472  -3.56646858436239   1.38837398783984 -0.848237761515225 73821
106569863863.481 1260 0.399640126465329 7.93088825062239 0.0320410669750656   0.14049090771422  0.157964567840973  0.230543006637305  0.251551447900742   0.65735327570829  0.848658267044647    2.0153507013936 0.249572417466059 0.665395786458485 0.507165165416667  1.07445553763162 0.931573919466365 0.753579123080675 0.668079282316377 0.972789421815772   1.74947747468162   4.89693859204003  0.932111846750508  -4.97740653471485   3.10254047494058  -3.65013113316624   1.30952378046265 -0.628852776223067 68109
89987046922.7555 1280 0.414053804857161 8.97479421965392 0.0308782603104482  0.140683559484766  0.154461941201083  0.236968022746484  0.242995684380702  0.633572450488759   0.81836077034355   2.48714911143014 0.246359794165996 0.645760863142878 0.495257918059863   1.0825976323437 0.965373380901483 0.758756599873856 0.670019171566301 0.973982733016356   1.79997551909441   4.95732235978666   0.87225987907138  -5.00956415904061   3.18569148129101  -3.54937704537234   1.31804911313678 -0.668180230567986 69417
96488609726.2562 1300 0.367197855743995 9.20151011251187 0.0306231815343507  0.141591344131633  0.145187495475436  0.223695926111851  0.244322609992078  0.601392493441537  0.820613572930344   2.59279705277419 0.242381281555425 0.655295301725162 0.489134961837813  1.08872785758971 0.970872115159772 0.733428060566931 0.652300665443144 0.948177849646703   1.81089498825825   4.77714886457706  0.788658562102177  -4.70105969870252   2.88877927324044   -3.5762344897267   1.39652353456565 -0.888649344164701 68303
92386408545.9667 1320 0.368635288602255 9.30914076246615 0.0299656542606258   0.13438210242343  0.148128525181796  0.216585783899294   0.24017613960534  0.587881777874915  0.763842123576144   2.59682664679392 0.261704887552972 0.643384791244137 0.497220191117201  1.07427460596289 0.932819679089576 0.770352288897409 0.644379651103637 0.952491247036957   1.86582098117736   4.88033464551098  0.692958942733831  -4.89643909751872   2.92384148492419  -3.58607069527621   1.47355098271451 -0.984727761264351 72011
100750829768.909 1340 0.340035714433466 9.22269510204415 0.028775509834424 0.125887148678679 0.148640737592898 0.205389702788092 0.242690707527325 0.633579513630505 0.837233542987452  2.44759033535006 0.260109068222386 0.689108518499697 0.495934421559322  1.08839377969553 0.930006237790822 0.759776504785342 0.629672231527557 0.959372951348205   1.78515018211268   4.69198563683399  0.815174194490667  -4.68398093240778   2.80222490560641  -3.53818825225199   1.45552562624862 -0.791528362406975 68085
94042249409.0802 1360 0.334312681122997 9.51613388933206 0.0272956783574877  0.120053257905955  0.145560378932168  0.211513524439103  0.227661319533499  0.731174441613447  0.797066764998286   2.47180940051685 0.255076575524734 0.693510364941102 0.487994472428182  1.08982566119842 0.969039508196306 0.761027846071814 0.625913515490529  0.91999410385286   1.76941110409348   4.60192422040017  0.816722469385322  -4.56581780363377   2.59544063213323  -3.42930856115912   1.43819911106168 -0.799798696411797 72332
91867583197.1414 1380 0.36322403581051 9.53040658809482 0.0275600040698325  0.114995564140777  0.140605881588462   0.20764435337202  0.220757553901889  0.724475280886443  0.788960499232072   2.50323795633748 0.256909604547543 0.667102360971548 0.483125442151917  1.07571161583276 0.939636409675293 0.801099254272732 0.608554363915837 0.883737510089422   1.73566952346852   4.68512339052191   0.85354080648552  -4.73991829927239   2.68529464066398  -3.27603463682953   1.44176701329193 -0.847852762731613 70284
97070771115.8959 1400 0.363446327529755 8.92329621971692 0.0296392047496371  0.118391566387887  0.142432967945505  0.211909765004406  0.231422665776895  0.673503525041616  0.810273018262494   2.36002806321003 0.252413729208755 0.661032711171694 0.481402948201311  1.03868890346474  0.91615802240258 0.777743287540221 0.611154860569102 0.852343670500471    1.7172954987076   4.77898588564954   0.84648865729883  -4.64818639619974   2.60562911314989  -3.31748906319593    1.5667453901948 -0.921078090016592 70099
91443111590.0829 1420 0.397871651772903 8.6264631310703 0.0298186260683674  0.110539909721993  0.137382061287426  0.198868550726698  0.248884164973484  0.639638912793176  0.771419400312884   2.21897888633167 0.255940594637301 0.655599543006855 0.471776534809625  1.07818842031891 0.899504159665328 0.760605285024188 0.610941991674141 0.837757386049683   1.73793562045781   4.74663784759258  0.839639086565668  -4.85773626167345   2.53486681337837  -3.30141456829678   1.60744394206742 -0.827829300540344 69127
104891854358.048 1440 0.433240637025549 8.73425096876204 0.0286980400506507  0.109624213360591  0.141681173752978  0.201561365642632  0.298814065498743  0.625522416330826  0.747902731929625   2.18929139864833  0.25049775047952 0.634574561232992 0.462615295235573  1.07692138666157 0.880482549833745 0.754304190519756 0.654436235408786 0.875921365867934   1.78506447993639    4.8104912250699  0.737338807011677  -5.05906909907183   2.74131800842627  -3.37692087781079   1.60466709123307 -0.518476354889479 71570
99824881674.5925 1460 0.402043540054508 9.02767129753443 0.0266926596032367  0.119516139150761  0.137066334377224  0.202720789996511   0.30955987419583  0.607955838769591   0.80002326698243   2.17542103591611 0.244818594098821 0.611265113598829 0.456944592351235  1.05161761879086 0.844112692415272 0.762811334103106 0.652168064490987 0.888524986540136   1.76235308102306   4.84915568418388  0.800015426942793  -4.97559285490706   2.77037696661216  -3.53025349851632   1.72014835691417 -0.549148168195522 68669
92134851229.0702 1480 0.370624161141249 9.11165129009534 0.025185234055381  0.11566569791411 0.130736004546946 0.200203978725119 0.289760903961968 0.606378400992714 0.798622876928945   2.0909332676055 0.243312531133368 0.588774099746882 0.453739739446467  1.04790009040838 0.825083432052232 0.749243707056626 0.657097979373547 0.919913781448368   1.76665115844908   4.77001252299256  0.775929436721696  -5.08350174304065    2.7342082432069  -3.51358294516657   1.64895971376302 -0.414897718058553 71541
92282104576.038 1500 0.370312233859562 9.31680773492584 0.0239999851972968  0.108615993209969  0.124514346458691  0.207940237434042  0.285534270676734  0.614086963832648  0.782017936415093   2.08326846795212 0.237849548826429 0.569657479335094 0.460228474901816  1.04155296356754 0.842147047681497 0.798777177635978 0.681394573823452 0.936946552282671   1.80143208061374   4.74428937589425  0.743404821962631  -5.04087201695173   2.59672139826598  -3.20656063316744   1.45613741463168 -0.524573135515369 68370
97261929410.4107 1520 0.374779228369572 9.47416882780325 0.0236556697069986  0.107706623996088  0.121530266914831  0.205894606750944  0.276068079830872  0.580563753152694  0.928399957400485   2.12332995541441 0.239734534875836 0.565707711964105 0.452614788352771  1.03186330767037  0.81397741382413 0.808743987017059 0.663134480178626 0.930563383316165   1.85973898779492    4.7385087458909  0.688126638373923  -5.04476873369577   2.62148713020812   -3.0676195587248   1.44312014662648 -0.756358272788731 70616
93078498231.2609 1540 0.339070434720675 9.58407814777357 0.021987213311088 0.105018808085829 0.129506905443052 0.192294049372456  0.28518647914487 0.582010266427272 0.933792117946487  2.01962567113147 0.235145257749206 0.556433182911188 0.437345702766284  1.01830606391085 0.799218635478155 0.791823297295681 0.668284313698321 0.929112170151745   1.80595704240859   4.68186186342081  0.736297275382234  -4.94449056517934    2.5579495616497  -3.07488121503161   1.33580895474225 -0.674033513804457 68255
112645293700.274 1560 0.329040861465869 9.8914345618767 0.0203229011798533 0.0995029433318686  0.123426155322032  0.179022459422813  0.265195224721595  0.575829466115301  0.917016083292097   1.98840235952189 0.232250931388945 0.547482180596761 0.428246842659325  1.04151879686082 0.850368162063359 0.902132107106508 0.663516873701757 0.939639311338397   1.84323255092925   4.78424155313145  0.670013366392956   -5.1565573777498   2.79354741273581  -3.31261360977413    1.4324029895419 -0.661637978883665 71337
99615179371.5129 1580 0.302997825683802 10.647036887207 0.0196970649938805 0.0911406179119679   0.11401069800714  0.203478011016847  0.254668438714829   0.58684812355012  0.979288707601045   2.23284736069118 0.233169347466128 0.531535299736307 0.426630212194522  1.02720154414065 0.839510414727479 0.895103907078909 0.651873256387741 0.931799031708642   1.78467888550791   4.73037195944809  0.748755837171153  -5.11027130219037   2.74132328024456  -3.34437954228664   1.48796354586544 -0.637416700671255 67607
102724442928.223 1600 0.304997327154304 10.6169613407281 0.0189024954741952 0.0868023742686903  0.112393441242055  0.201018206618882  0.269001258800516  0.594703971484167  0.959722443796796   2.13068679681087 0.230014061079012 0.547389265804721 0.423467217271631  1.06446901290581 0.834758982700439 0.868348106093757 0.633928300192457 0.902958192675177   1.78328503091214   4.87765293056417  0.721957054061319  -5.36377351857827   2.86657506355174  -3.38028972415766   1.51722107593654 -0.579457479247555 72138
