nan 0 0.72 1 0 0 0 0 0 0 0 0 1 1 1 1 1 1 1 1 0 0 0 0 0 0 0 0 0
750180623483.266 20 0.65541317166789 1 1 1 1 1 1 1 1 1  1.00690287575798  1.02984049404346   1.0265904038111 0.989388495174831 0.973681225161975  1.02025334472489 0.971508368704764 0.988591113234384  0.393847383160094  0.345476893861973 0.0634696237259909  0.291080858408391 -0.201501650605681 0.0337525029750598  0.111781697112257  0.152409069996776 96619
289978601201.744 40 0.724087780830207 1.15458435324965 0.897282845776133  0.90174926181607 0.904654925755878 0.932987154282018 0.945062498703815  1.05372117630369  1.18572096599134  1.19613638261842  1.02814208704981 0.986442524847065  1.00837539509414  1.05238832273317 0.972716274687065  1.00084846479561 0.997096510793055  1.00947979380136  0.729203706345325  0.371927150504985  0.346639533277429  0.923661939307061 -0.371742111217738 -0.390303587516119 -0.247568458122675  0.302516552486098 96072
329031011284.59 60 0.895754978105641 1.36417127767797 0.814834213212945 0.827512362445643  0.87173118097796  0.88288402351645 0.975579572693429  1.09718876509304  1.12950596788676  1.51637654587369  1.02701027596954 0.966886292267182  1.02147700237483  1.11622685425935 0.972472546044794  1.04978304501788 0.972305363170232 0.994778832791395    1.22397690301671   0.012214176052546  0.0218014999140376    1.81968705016726  0.0116719467917967  0.0700113479477095 -0.0188581749728798   0.563672137031533 89615
424900818588.226 80 0.987113407372918 1.43111766232038 0.765784957696653 0.827593981335763 0.848164569684068  0.88706156622689  1.00146536643491  1.04738903100531  1.31584487401731  1.56840245910797 0.992540917624158 0.933043854951094 0.998681928426139  1.16349812396789  0.99890903608174  1.02864869131601 0.975626272628138 0.957345681581016     1.15805031541281      0.2224150082486 -0.00618388772862743     2.10351721634436   -0.509721187721111    0.579984315144074   -0.533723578335267    0.640270535777484 84504
638385638568.164 100 0.99696907409959 1.56897369286481 0.712206271561501 0.763820960488273 0.804422684313792 0.870492402145642  0.94758904631392   1.0527797947818  1.22656256797734  1.75322282987568 0.961940551049761 0.905642639986558 0.986026576798269  1.17040397847784 0.988121281466108  1.02556449784963 0.958672659476697 0.968146994203647  0.787322591400687   -0.2472785180095  0.302281125551138   2.15051719481184 -0.389408467762612  0.775910593133981 -0.681912245598142  0.858008713136451 80961
268249750542.035 120 0.98875278644414 1.63849815323015 0.667179591093969 0.755686732680201 0.817337141200219  0.83548260584773 0.918556003057472 0.985416617703363  1.20132031497769  1.79116116809382 0.922829876550984 0.865795001528437 0.959236146952302  1.12444001026712   0.9735805790153  1.03139957869524 0.936769722223692  1.01523174150205   1.07408144587716 -0.126977906952488  0.389512713361047   2.03430022979173  -0.59929085201451   1.08538585381065 -0.848451098062396 -0.146195086947241 84336
277737641302.971 140 0.959513308846466 1.65571152937551 0.610615825749205 0.681956767315655 0.772509801848514 0.814244266304788 0.861281897391005  1.13394980036489  1.15710374466562   1.6739304205933 0.899402445605705 0.854734866431411 0.945577273446961  1.17861511946903 0.953028619567485 0.998754028618665 0.984128061304486  1.00621484244004    1.04061986176421   0.140499669404696   0.515477254923377     2.8204187043385 -0.0467876450787076   0.667604532255687  -0.648386776379682   0.119357816342446 85017
678808032690.915 160 0.889478222850076 1.77593020039796 0.571310055583196 0.697214713423153 0.740034141398098 0.846235271087842 0.876621547689513  1.06693705030309  1.10927233626421  1.80187082479661 0.866372369990931 0.828570334101946 0.909952456924637   1.1456910062651 0.969479369704063 0.957261121033304 0.973561225550821  1.01795768409458   1.05293510722674 -0.124552558493522  0.350041001563569    2.5189307579484  0.409422717737653   0.53306712994878  -0.75084550669868  0.706662880466959 84523
158968545018.5 180 0.966016647170255 1.76791503926222 0.551202589149143 0.634208521026103 0.722133786546924 0.793847826192051 0.889850970316582 0.997229692210594  1.10677956784575  1.72279669307723 0.855619260295853 0.817932769161715  0.94365790585359  1.17568612422382 0.941308257401969 0.947418229916053 0.956158368972159  1.14697887198458   1.34368471216868   0.30428654764305 -0.385646090496003   2.98720016227085 0.0207584820695546  0.609624487329473 -0.236884046648702   1.37948679655517 86749
135739470259.457 200 1.15581323930888 1.7589749311655 0.554706277743518 0.597752464725964 0.678087215970164  0.78999528651004 0.921224334140853  0.99579423520309  1.43347128815059  1.71625723415088   0.8698548625543 0.829593881211852  1.05005337312923   1.2228467713878  0.91382220874179 0.932012713947039 0.955798000752844  1.11539849015524    1.86415900985039   0.717506276279992   -1.29096459382411    3.67851496863364  -0.149224619646387   0.833642300299451 -0.0639798717895192    1.21422615514365 76316
128227531082.508 220 1.32992983196663 1.92229472340277 0.534078347314849  0.57317185153316 0.621928680403482 0.754125700988167 0.897483346200427  1.11271816782352   1.4371806560717  1.97353539026423 0.954859747906387 0.848149316767417  1.06440405370487  1.24999539751609 0.920693364715465 0.908720135315138 0.919294095012021  1.09719454177011   2.80905486815345   1.24956245158487  -1.53490495429288   4.00923128471133 -0.309857910468876   1.25815207754084 -0.211923259190156   1.49886426528519 76674
131181826449.452 240 1.4790792896749 2.19357164924814 0.494922279297633 0.555221474437692 0.579573138615422 0.714416178505634 0.838159587303655  1.08216796794857  1.40303877653377  2.38144553418962 0.974650227208788 0.838330113987417   1.1199938299823  1.23573141114588  0.91439049908252   0.9195699951067 0.933084029051784  1.11023415135977   3.11788246009074   1.42960758673797  -2.28332099673214   3.47341684524909 -0.861504379424629   1.52056046602186  0.600534188280392    1.5952199407995 77863
121201900960.565 260 1.68253678851275 2.35540118400811 0.457627619118748 0.546933498355672 0.566422951122484 0.746168758116377 0.816346270298614  1.10283216998541    1.443933102486  2.53887901245397  1.03821245185386 0.814093508125878  1.09051002909202  1.28284281125902 0.966887470059194 0.930905954916704 0.927637071547245  1.10289623857466  3.92395313856559   1.3624543129751 -1.78840773102872  4.73669473482118 -1.82076880896241  2.24079468532014 0.895313734787063  1.53655515017678 74358
101603279142.47 280 1.84927627199909 2.52620696292149 0.440540178375403 0.542516942816977  0.58211320395295 0.690051068288566 0.787704314064874  1.12877153390626  1.47077704132658  2.81140478060244   1.1083608872019 0.786572564183305  1.06217154397115  1.27979045654867 0.969248707464298 0.924950000041341 0.915616734994171  1.13886580230474  5.04631989332565  1.47922785340319 -2.17813647932172  5.24978092635045 -2.30126666467406  2.12364058548248 0.941009239969263  2.92410180417123 83983
106761241268.96 300 1.8975849334461 2.68560406276102 0.425003684910663 0.524699427805466 0.574674233099019 0.673745117320131  0.76522401824819   1.0969278560628  1.41797681999209  3.06532597961996  1.13438990522276 0.753371116493777  1.06941423929012  1.26132766370399  0.97334607808235 0.946587451870303 0.915117416616208  1.11451247754332  5.36417462036948  1.32630052862131 -3.09794856606787  3.91634971609981 -2.36541154496327  2.78098807536839  1.26352808008931  2.64191170423691 79935
116773050995.256 320 1.74577632617405 2.78376789237417 0.397907983397868  0.49429015841869 0.544391379886579 0.670307112662309 0.806640805498779  1.04023620277733  1.47470381059524  3.08353367397373  1.10918967560753 0.718711521440633   1.0583870611248  1.21691578818532 0.939823386872728 0.935513672905837 0.906001324402617  1.09377265403569  5.40085071006482  1.20395230210884 -2.59559381302755  3.62636993875564 -2.14540397591025  2.66327934485544  1.75477771459989    1.850287451449 73965
128322494724.06 340 1.96186116211486 2.79307633442747 0.365361451504192 0.471330934215646  0.53172936170051 0.620196155493512 0.793493665173593  1.04124587682438  1.44990329118817   2.8502853073592  1.17419858624758 0.690081494650828  1.14465024936939  1.21152032973064 0.928290808585596 0.952998366327875  0.99135297231472  1.14632402121528  6.92299966016627  1.56215944144045  -4.5318664245705  4.13801409129315 -2.24004033819319   3.7373707746832   2.7837489746899  1.10636775346443 74908
111980634481.016 360 1.86517924379811 3.04921086000564 0.336541059030372  0.43974607991664 0.519184323787083 0.653506992434103 0.763249242763392  1.15228655337413  1.70616204414138  3.12905338535078  1.20975093111583 0.655728677362562  1.11168073883425  1.17534232856253 0.940677085203198 0.961960004294075 0.986713316784821  1.12693352058204  6.92540181770617  1.53357369599436 -3.87982648598748  3.98062456200509  -3.1840257031457  4.35710151292566  2.47060803576245  2.46733259491019 75923
109703138935.369 380 1.90402148296419 3.0708810976141 0.329352594253035 0.426609513572536 0.502699437683597 0.638570625024228 0.814924999528157  1.11020392266016   1.6363054343326  3.10589729882258  1.22790364968435 0.625751739298134  1.08589301546061  1.17201104154007 0.926699962865331 0.954678503816925 0.988412951761526  1.12273847093459  7.94758035135627  1.63443325459102 -4.15822880165172  2.53263193287146 -2.39784556092574  3.93637152465037    2.597068895469  2.00010477205148 76076
120049973708.002 400 1.8645862531038 3.16559440472173 0.301367250954973 0.490894031444565 0.507931145609929 0.593369672565394 0.800690923626048   1.1171003060275  1.62842092269775  3.01999758588583  1.23814685882682 0.596526544436382  1.08462264069818  1.17558353304872 0.917191374603911 0.950602892013725 0.977197325563514  1.13096059049444  8.36208873458013  1.80672400260163 -3.99149089665392   3.8033581958822 -3.01670419100155  3.06972622027641  2.01078917300749 0.874882349140245 73775
109622175069.678 420 1.77571984478711 3.25260691885225 0.277963906938808  0.49303270893714 0.507885030995311 0.554005360485005 0.753155604793042  1.26603257804689  1.63334588736568  2.94070574686116  1.24180885164509 0.567127528458608  1.05876633304471  1.17996279926224 0.902789194495887 0.918398108065293 0.965884779448642  1.09186260151886  8.39258226877226  1.83422383006872 -3.34532705311375   2.6252092983855 -2.18338625609308  3.06750488904214  1.99729197178477 0.826003541629506 74965
108311595857.893 440 1.59038254243594 3.30556171835143 0.256446901596293  0.46817840140599  0.49605638870165 0.624113914648915 0.696820015074648  1.21753707405892  1.59932110519006  2.80212817487745  1.21469420020249 0.542173579017138  1.02809579728138  1.13067296211876 0.880705898951961 0.917715847322578 0.961098935078183   1.1028348183054  7.87401935288337  1.82275531075398 -3.95847096578061  3.09775244296576 -2.58927388218172  2.55989089200039  1.56318507176391  1.89773086338849 76054
138246429603.767 460 1.53088140496116 3.42066219090806 0.234974736662882 0.460816544748731  0.51524320181324 0.581369474540115 0.651113938656736  1.20107461748708  1.46862214370837  2.74942290417762  1.24028201693415  0.53933846211658 0.998139668046181   1.1200702056494 0.861536171226514 0.901951965713919 0.949376224639335  1.11569380870261  8.56140488501987  1.33389412993225 -3.84674667071203   3.7152440300861 -2.95106150581005  3.25805450064456  1.59237926070448  2.74194233834873 73082
113994012016.093 480 1.65806888577884 3.39359047166992  0.24403585202992 0.443553867145847 0.489458369859403 0.593582254545659 0.649573509913312  1.16556918637713  1.38567407141149  2.81042822295122   1.2287260337359 0.530965188326866 0.999483185111144  1.18141258071055 0.921311296210262 0.900736403228657 0.935255262238865  1.11824385826726  8.61537597454083  1.09443138693842  -4.0809174237324  4.78602257747347 -4.26114728260998  3.65802387859478  1.03939371514178  3.29711916387278 73806
106485620672.734 500 1.59739286082456 3.41661116192259 0.241743602381766 0.419595541674318 0.491531951698988 0.572534670633401 0.650823866991754  1.20408948574624  1.56945809152326  2.82192911445055  1.22081075947287 0.507732161511451 0.979636449155059  1.17589753201067 0.928712962871056 0.888222581286589 0.905177364024616  1.13360945342931  9.28344002106025  1.16340119391209 -3.79941268312198   3.9908111834195 -4.21571654961294  3.69912627884069  1.04451673738896  3.39904654966276 75856
121348618015.806 520 1.48894738133654 3.60561694542305 0.221134419562227 0.399974979560645 0.474564939101297 0.540807774949367 0.629322807784873  1.21048567658823  1.49531423950386  2.87485217408822  1.22576095586633 0.500223660331394  1.00089876750405  1.14402717630861 0.907640809285673 0.864025335808038 0.904046900044885  1.16282429912749  9.71255954002487  1.29513442202434 -3.48554763914667  3.97682514894275  -4.1672283759817  3.30575506930037 0.866904224936143  2.56588431065791 70830
90568384690.086 540 1.60544798737203 3.63331689724018 0.216051997801625 0.375371644328619 0.453824328047207  0.52022089760867 0.617444792873279   1.1965476604446  1.57156097630955  2.85210062451295  1.25912161217761 0.484603983437232  1.00639003385799  1.17241715029482 0.889382379754164 0.838150474932938 0.939707111443711  1.12623344242567  10.9463601198477  1.65615485811284 -4.47238706383691  2.56850773452446 -4.40367103474673  3.77563709514152  2.27635864127741   2.2915797559393 77514
113455314753.191 560 1.70028293792494 3.75943827903214 0.197783981019057  0.36216176275018 0.434500472423399 0.496350279146594 0.591006860270908  1.18008058890341  1.79532023833552  2.79535540490436  1.31159508188422 0.470701478860281 0.992097835848786  1.17164137094647 0.865599799415221 0.846502375603774 0.953238103857467  1.11838298305111   11.694608818907  1.43853977028005 -4.00155584083324   2.8608769983063 -4.44921553194132  2.80578470836733  1.67769439602877  1.74872614095872 71504
117389400005.577 580 1.7819573044386 3.82649275240307 0.190787018438289   0.3428000333611 0.430583341265692 0.491636453096723 0.688314793011219   1.1912538936953  1.79522784044941  2.79351244979017  1.34065820038334 0.449723148614099   0.9671799374582  1.15947690314535 0.846235624264637 0.825579499429779 0.939583217161503  1.11642158658809  12.6466862605268  1.48645591950938 -3.65735573630926   4.1998480901509 -4.53515911943202  2.85870680021888 0.814443274199377  1.86370744603054 78097
120410824912.444 600 1.82449340149857 3.96067949513628 0.174087839769728 0.335968238551861 0.398693005373914 0.458819806108975 0.703613072534318  1.29115780188736  1.71309647951449  2.73091281988773  1.32484596794125 0.430306892353666 0.972087050981836  1.13985235976878 0.827215689626812 0.819791982926029 0.949431222041116  1.11198674194645   11.6297621518095   1.38688027060296  -2.66211786673246   4.36396488809364  -3.91789450186952   2.22560795005487 -0.097742800622115   3.24978199149796 68678
123282053215.318 620 1.87603033453659 4.02255976756706 0.164559968185123 0.324158432785743 0.376184749964743  0.45076449776825   0.7553872748311  1.23507527594198  1.71000343005387  2.66274271968918  1.31219896274539 0.417680369615057 0.960424488664951  1.14375275739986 0.836609360465247 0.787112093195816  0.93358119924741  1.14602285425855   12.6225675493923   1.58994924188719  -3.63529414746178    4.9084636897478  -4.13574310990118    2.8581885520042 0.0416760332636836   4.74597476455918 74214
122437345590.769 640 1.72544819401697 4.13327480158612 0.152903469622943 0.315642345626672 0.351856287540912 0.466485398303631 0.716723524095485  1.20053299098385  1.81497062023642  2.61219684841336  1.26556901435081 0.401812293398832 0.948380127789839  1.13348076901213 0.821929040619566 0.778604686446067 0.951952044734245  1.16088243927849  12.3243393754976  1.76610366625565 -2.60869222750498  3.96369576606141 -4.09653002417847  2.51953483514195 0.491671574252594  4.27442932001623 68104
113827002986.173 660 1.71143339825101 4.13274116504821 0.142146651435796 0.309999389892013 0.358541003402685 0.456305239336885  0.75020491696961  1.26972509203946  1.76825184075359  2.42780077475672  1.22475483530729 0.383950056678868 0.918720516889202  1.10024149975326  0.80964077546071 0.757224999273101 0.924664575398749  1.20683904536057  12.2674990168396  1.74052244637788 -2.50505197449165  3.94368947252423 -3.31232645096169  2.93437454595704 0.903957352786317  5.27781133277765 77854
98673368519.5092 680 1.83570917721529 4.14252945128416 0.131624832528387 0.285459501920279 0.381333586827171 0.448242763434727 0.734169646743921  1.32322017639952  1.67958868055036  2.25875455337731  1.19987353494808  0.37290251734869 0.900693602372606  1.06970315031205 0.804280614556091 0.770335433070441 0.931465340457345  1.19560056439315    11.70254634764  1.91120410150666 -2.03429115643709  3.08838548707201 -2.76872939128841  3.71286080309334  1.70514460517872  4.89799333222902 73918
110047940123.873 700 1.83132102773938 4.19848719623733 0.123410869187006 0.274388210259915 0.398631911923987 0.459459696425854 0.706393273920964  1.32488138488497  1.60907384739379  2.17539976490486  1.16519196526193 0.357478840443801 0.881844612951497  1.07213404936671 0.796687275403669 0.751457737760416 0.935525089455219  1.16120090420686  12.7031732773128  1.91284399781733 -1.58657136431004   3.7709119170927 -2.72185537228146  3.14269288970344  1.92115975842227  4.26050635158335 76981
100552716087.647 720 1.82871743976832 4.25223891794331 0.112592326067754 0.256979920075156 0.378111883040592 0.494697431696028 0.707691476506893  1.23615578898349  1.61350785515143  2.03584217631884  1.12161626991595 0.345946746239009 0.861813665395498  1.06705297959626 0.807332007360604 0.735604311523923  0.94633925442053  1.22006226196349  12.1509541744561  1.65895353135021 -2.04765283823893  3.64048018698409 -2.31293220137621  2.70321399737139  2.42935793492175  2.51755728084066 78560
108709606915.988 740 1.83451205407217 4.40414516286195 0.104944554971642  0.24759720993905 0.363480141892471 0.485968761985791 0.658095679537182  1.36760089439463  1.57279190590675  2.03555649543983  1.08507953105777 0.337191922386304 0.834538604175955  1.05819402189905 0.783016318785246 0.754764323207875 0.952431262917344  1.22638361789536  12.3542758824166  1.76514856062713 -2.22743545938684  3.56788683729785 -2.65272656688114  1.75247180704754  2.63134378673212  1.83532844678833 71291
98519491828.9715 760 1.59996323979966 4.42970691842304 0.100266895379305 0.253791471204297 0.337692743716216 0.457493002207001 0.637737387932246  1.39321913721862  1.55358300090734  1.96746744041678  1.08506686331316 0.324458969615596 0.795642276104155  1.02230049983808 0.757873195653872 0.735608649160825 0.932306184403742  1.18196455732993  11.7228611162074  1.63027408637389 -2.09449008820675  3.30337277103895 -2.98917239070853  1.83797175745385  1.99730349738182  2.13367704043861 70472
101888386151.076 780 1.43094868813013 4.48979685273439 0.091931573108776 0.233865332003303 0.317091170504565 0.437553217431915 0.624199080565937  1.30891474649145  1.47577844237633  1.85318200350779  1.05918990782382 0.311466525161625 0.780567961394595 0.987494884730219 0.746827055728081 0.723722240417007 0.929980471544797  1.14398513310417  11.6066157420062  1.61615106444892 -2.07473490270511  3.80556117408354  -3.5114337884028  1.77578924182178  1.49073806824681  2.91431476117602 72292
116925209633.97 800 1.337282513408 4.57970113739854 0.0847430403713794  0.226650348440226  0.296236094163841  0.449546129608887  0.585795546951525   1.20215902485012   1.43591522848815   1.77737192864176  1.10210735273745 0.300686635044804 0.760841108095192  1.00024339220087 0.739891205371168 0.705895677192184 0.916722251302257  1.10292772440766  12.9609706596945  1.75514002337627 -2.29170123091758  4.11626590396929 -3.96172121325989  1.86997627779881   1.9650407888805  2.87556728563101 74059
96810008762.0078 820 1.26769154389242 4.83840975859799 0.0780974789000477  0.229015633050818  0.273637737770749  0.419195073354102  0.557419062652977   1.20001383744176   1.40131893304909   1.82827830280594  1.08961683060636 0.295160682415738 0.781079225241368   0.9687820340256 0.761950699621107 0.682074774069259 0.880543287649885  1.07560956162537  13.0922090637906  1.58768622179921 -2.38549474563226  3.91298706234271 -4.32683092173272  2.04595693155474  1.79565304161879  3.51558517064311 73938
100567964367.564 840 1.23494702738254 4.81849921168109 0.074846067144538 0.216542901048428 0.264840181747347 0.454382606979918 0.557585228580937  1.13107314622774  1.36405410037642  1.73777109599378  1.05722546863422   0.2854996409575 0.770528933166822 0.958152139734817 0.752230929681074 0.660196897072328 0.881437989853783  1.07706657061802  12.8020564703895  1.61290021130396 -1.86411185684043  3.25318563475703 -3.75946620054502  2.37227336948559  2.46921152342223  3.50280585934831 73256
102880157981.268 860 1.15504952197262 4.80737674576608 0.0707354483788228  0.204995521965903  0.272194035995531  0.433038311143866  0.572551136205495   1.17735654202001   1.28409390746416   1.63475783504065    1.023811059701 0.273380269919565 0.753464347216912 0.961074988312198 0.735838242185817 0.637956192708415 0.854605703836889  1.04420869586272   12.553872383704  1.68416699185373 -1.63361671633908  2.79832089030274 -3.49831578921906  2.27058177150219  2.24091590263044  3.68684014044338 77227
96828669097.3981 880 1.0615194566192 4.92788516635183 0.064863824516297 0.199273405087775 0.252086697717231 0.411805236562265 0.542482981390936  1.12244953573835  1.21535006337237  1.57515650127244  1.00116570798176 0.266216852624782 0.723745642245319 0.926952629245299 0.723660337409761 0.613060313123251 0.840826785639948  1.02392926045013  12.9508084920915   1.7083147647763 -1.93461142515945  2.91711609423049 -4.05254428501266    2.167403996214  1.87014740124093  3.27394191799669 70822
105337383340.014 900 1.15496310101904 4.86326859138478 0.0615059782096465  0.191823281265881  0.243547850210624   0.41172531810411  0.514443501534633   1.08775621168273   1.14569767478735    1.4547013485213  1.00017704989117 0.259616639157444 0.717766881935077   1.0134152679143 0.724731055020047 0.606432750738522  0.85641499698651 0.992521200117293  12.5331868217789  1.71264388662783 -2.33458714696204  1.95049842615765 -4.10611349730245  1.96891261777201  2.52583058675017  3.55369446230916 66757
104158983603.94 920 1.22982382446872 5.19042211867503 0.0589972170301181  0.209806233937897  0.229261431385578   0.42084849420199  0.535796515045493   1.05206923225751   1.12530292178443   1.58941344988246 0.991320073460177 0.253233761143289   0.7987966924959 0.995077173044934 0.731470467158622  0.58778095954302  0.87335457967511 0.966580271704646  13.1959237541962    1.685524063763 -3.08608899618293  2.04529200857637 -4.40915739333017  1.95949581303646  2.89067152684968   3.4283740858388 65142
103854178254.625 940 1.2144606917631 5.22705077147934 0.0555653765290712  0.205312505163692  0.219139674008259  0.437843336926655  0.581640344356421  0.987374902281479   1.24762202849671   1.51816053853775  1.00552441233301 0.242548307663189 0.810255682484586 0.994298327317764 0.718709153499346 0.571849033929829 0.879082072946086 0.923677755694364  13.1855863875823  1.68553413922922 -3.33863320724142  1.76958871240587 -4.45853656466383  1.81412646680118  2.91993844119573   3.4058089063797 66062
101803092988.078 960 1.38846227603903 5.39115833553542 0.0513130629193337   0.19870419056205  0.211822538838083   0.40272268239476   0.57668819904375  0.908872915908582   1.34305587968659   1.49139304297022  1.00848039424063 0.232354718571559 0.823320088999035 0.991098796614425 0.744513630851764 0.568968291654457 0.880263081801246 0.984427777416538  13.8431629835765  1.72377497196895 -3.50756086192815  1.55347550568457 -5.13875403634538  1.55981552194873  3.07041171644872   4.4704885824328 66093
112608364046.815 980 1.47832362616568 5.75028194010941 0.0469580246018511  0.192924489380035   0.20840600477067  0.400707296580417  0.560373997094181  0.982934490435603   1.40813457244791   1.55270194466324   1.0211965432784 0.225050006536194 0.887205473772165 0.953812930780938 0.762569756550387 0.558300681257313   0.8704593882064 0.951784789471286  14.2869999411471  1.62985546262059 -4.15161265734495  1.85753120981146 -5.65973247088753  1.40412076550619  3.05633503754701  4.34441861724693 65303
111277231991.958 1000 1.31117932776524 6.27429663970723 0.043029666231824 0.185131874834083 0.207474282621435 0.404926697458667  0.58139801364759 0.910363670102014  1.32092426399354    1.693940192456 0.998769114034113 0.219504940726242 0.887215192295404 0.934694627501002 0.758756894561394   0.5504619641535 0.849403486209296 0.943270987803725  14.3884596324106  1.67599278972577 -3.43757248050148  2.39436884188493 -5.53156368182321  1.98891566260001  2.65658029966015   4.1748574821441 65417
101990519278.503 1020 1.25964603059903 6.29526380344842 0.0412117015684484  0.182214947134983  0.208303567817033  0.375054576370064  0.554204894571618  0.893010039534804   1.30926011007784   1.63323400703683 0.992858126377298  0.21278921749401 0.865186534249607 0.938095633926075 0.750342431767435 0.543219027140238 0.858341109518202  0.96423697332316  14.8604084613132   1.7170020967984 -3.23511051652835  2.74181828184063 -5.98557224862913  1.73616909870765  2.54142320624199  3.74132067723584 65473
109352097979.277 1040 1.39362516146378 6.2672174323806 0.0389288041757445  0.188448703972856  0.204234544344231  0.366810057110507  0.503970522453135  0.947612571225833   1.40516941288277   1.52904612883829 0.964767109194302 0.206039358469093 0.849121057237418 0.919228389781388   0.7889476318044 0.527181394098664  0.84585467074596 0.934123229377974   14.922634660658  1.75308110327963 -2.81567008731652  2.41364236858569   -6.568135392686  1.77069587755756  2.64569349534304  3.91592781005396 65104
78971475247.6609 1060 1.35243854030128 6.34967825175916 0.0361865541882285  0.185539367625628  0.268425826411719  0.366399195830423   0.46713347967011  0.887192715290643   1.35776850592167   1.45898446940701 0.940999686284941 0.198165186658914 0.842030893636186 0.915376681069336 0.766469420366867  0.51237691704269  0.82034227648295 0.948631842763191  15.0257275067386  1.68890568073178 -3.40170029970859  1.80213446400928 -6.14956263853235  1.63848671649245  2.50323300459424  3.29286957880474 64189
91651501711.4597 1080 1.26817255164742 6.43338221836065 0.0341493020458561  0.188044806019743  0.264623572697339  0.361050827306703  0.448168770636186  0.910426771268779   1.27470039216503   1.41338520390076 0.912881838479789 0.189842506526124 0.823139068582384 0.884152519194858  0.79106730213109 0.498918101968673 0.808490895096198 0.961709803589935  14.8268663733432  1.69176997859084 -3.14512366536673  1.75472648467776 -5.59546447777827  1.43860379708748  2.52502771269359  2.70893810593455 66201
97740262737.099 1100 1.14582126606803 6.53827266061105 0.0316077252156391  0.178929091367271  0.281425781595425  0.358811968746368  0.444995715796393  0.923745192541163   1.21121263735496   1.35119894186586 0.935524318987802 0.183696986588426 0.811834945249707 0.848030316475888 0.781537693902544 0.498683218127986 0.806787494392082 0.938426074537724  14.2769093907615  1.77001160856577 -3.09788957201816  1.65801279472685 -5.34828554242522  1.34918535577542   2.2097008300483  2.88928205184967 64388
105663627187.943 1120 1.1055965695101 6.89044485014306 0.0296393875250901  0.185364703042416  0.273990207909923  0.330791374273398  0.438343159743522   0.87960796011708   1.13325495031407   1.40722566487728 0.911109129537214 0.176025412766169 0.819925774605871 0.836066427912419 0.773384838152626 0.479175380946343 0.806775165881715 0.969197940525209  14.2105642054406  1.72930857434233 -2.55288775923753  2.14223915797444 -5.39653812181085  1.46019939361283  1.80294539261506  2.18311798811213 64252
102960704021.276 1140 0.966576839336983 7.34359543194078 0.0277773423943875   0.18165059942606  0.261457045220594  0.320339114501671  0.403444824840413   0.85153541847759   1.10616230328991   1.49798746125142  0.88926348686501 0.173232179250341 0.788895044278061 0.803572895715173 0.748419720701197  0.46408115732042 0.776058502218389 0.951522159992183  14.2323885819367  1.78564880786002  -2.4711223892995  2.21709598356018 -5.48238148803985  1.43579399703212  2.06907643602922  2.46071496867364 64752
90142713153.1064 1160 0.91837415349386 7.20410051119791 0.0270694993436699  0.172980350514043  0.253784700553398  0.301614710702659  0.374675791141421  0.814233410017287   1.02280819944295   1.40488168363421  0.91742386241428 0.169115957791059 0.758811732198437 0.793481936084237 0.776877319623805 0.492517346541048 0.829420054856526 0.937721814299213  13.6455922210211  1.70341854763543 -2.45350166891496   1.9596416070204 -4.94351692936045  1.62363743441681  2.25319925206857  2.10017392029854 64605
105247121200.403 1180 0.96261970801933 7.3902003593186 0.0254694628822741  0.166814443179515  0.241447118633302  0.300612522882642  0.406184463039019  0.790835519927527   1.16666730468776   1.39101627788917 0.973513799354851 0.173782889145052 0.754221596737081  0.77920005245558 0.767771241727162 0.507617584175451  0.79621059213145 0.918729208681698  12.9833083209098  1.58562471520187 -2.43130140289005  1.72305979728934 -4.87172481324059  1.64640254403091  2.20126541731097  2.26681247288002 64602
94162956670.3607 1200 0.942010428711583 7.47343914657129 0.0258125247980841  0.171301035054672  0.236251977837369  0.295271371590472    0.3874913638819  0.781454697988625   1.13982384520088   1.44168868976793 0.980274034463521 0.170084337534079 0.733121607110537 0.764970311089511   0.7565493540297 0.489711079209598 0.797093746616892 0.891471310273472  12.6530289800147   1.6107729910898 -2.25471875378356   1.4696262631362 -4.65707890454604  1.68886156739126  2.15804923929649  2.41766973898478 64806
102012825432.457 1220 0.898525417318051 7.67555341468668 0.0244806758891122  0.162295389412179  0.230853363056082  0.277007803174671  0.388964375944261  0.744447048892041   1.08446999749017   1.44225748243984 0.958424496845561 0.168107681152364 0.714332822448568 0.744094389594845 0.740695452484891 0.494229452758995   0.7792614136541 0.891312286601784  12.8480204371025   1.5489358278021  -2.3112397362998  1.64844289110824 -4.95135785860039  1.64618804520773  2.39680819560391  2.89798375969244 64994
114080758172.736 1240 0.851968523098441 7.55354447391255 0.0239455814318858  0.159458590343825   0.22491480597041  0.277096446902368  0.379149650314188  0.731568665224681   1.04299034746039   1.36623991118594 0.954193774180739 0.163266164673552 0.715046690686176 0.725553846479601 0.726180232137669 0.488024932565683 0.758741252186669 0.865398363299516  12.7756825881777  1.60892143621545 -2.61517009669582  1.61612605831687 -5.24167558718054  1.68942841290987  2.51768343294813  2.98860072864527 64739
103459624435.797 1260 0.836919359755768 7.60987661796887 0.0227707069554475  0.152047537531404  0.227816006842372  0.264148465847426  0.403977147841301  0.675417356782055   1.00013651264866   1.31865669809096 0.918713540775117 0.165956977623215 0.724186497256246 0.708979905035883 0.708199025395774 0.501371259139185 0.753600041003216 0.877458493169557  13.0291488068503  1.53826321566453 -2.20311539983511   1.6958801555822 -5.43972228205215  1.53681954769286   2.4463331817772  3.23632264330093 66665
82499606281.813 1280 0.798591190301913 7.17978186668288 0.0235004757119778  0.156967666726301  0.213109186757097  0.270503926869345  0.374924827805578  0.677033570054672   1.06196833869809   1.21143231245306 0.886415780854326 0.163014840703163 0.705622807410584 0.684127624163263 0.696081262938754 0.485189140214607 0.750692173592462 0.881299135792966  13.0231615466459  1.64266091100939 -2.29556184768323  1.61727100467322 -5.51098579074746  1.50847755827187  2.69148770211399  2.82758897603486 64228
87000403870.5132 1300 0.765137467487938 7.08946531980482 0.0231461956402091  0.145288213510896  0.209771948450945  0.267276123981673  0.355743770801082  0.694829309897351  0.979010103016349   1.16333979465883 0.865104266306984 0.164153951618854 0.696222344032991 0.695067139106858 0.703163050476936 0.462027947418517 0.777065916554404 0.868168092641662  13.1743758236692   1.6699426247453 -2.30021524800625  1.79627144898342 -5.58284422612482  1.50540783712974  2.90809115386584  2.94194078031507 64824
102568971899.455 1320 0.724544756287833 7.12200759981576 0.0230618115541246  0.136016858559653  0.220283953240188  0.248414918943677   0.36827189965671  0.647066170767732  0.995771465619821    1.1697640887731 0.870508196139371 0.157833965676986 0.674016280649938 0.680383902471156  0.70231435131177 0.449086790836006  0.76788410363741 0.868549319540159  12.9150328926157  1.66530663946325 -2.23993310652324  1.83377070597052 -5.26848820890938  1.42785507929132  2.91956780712517  3.02231181762432 65659
96508586288.0145 1340 0.664047028004418 7.42507071874409 0.0211438128067446  0.140394906735084  0.213491877743562  0.240199637629146  0.356012974721621  0.619946455806127  0.981981107309172    1.1656938196933 0.860067430443483 0.158078738788999 0.684170110798853 0.683990345134437 0.680286361012673 0.441216669161437 0.801899810601919 0.868548971405213  12.7303451220915  1.71891317698517 -2.24332358249147  1.63749680082341 -5.08250981298364  1.46688509086982  2.93284711557284  2.86677994022896 65127
97661519379.0889 1360 0.619120079441827 7.28979912874744 0.0215443207723451  0.131552889334227  0.208787141445978  0.240334778562891  0.329448082414343  0.629350943656106   1.04961011171378   1.14489044151297 0.839720036185033 0.160706669902813 0.668909683592542 0.663334734482391 0.684190254561382 0.428516020751681 0.775032745182057 0.880140119933778  12.5783045310506  1.74832162480281 -2.24138225108982  1.61957921653274 -4.96851060220553   1.4447653212901  2.83259134438842  2.67108359436992 65503
95415580867.5095 1380 0.599409456029028 7.2535292952162 0.0218326914917248  0.134527177557442  0.207642257730491   0.22335270600497  0.320016588167838  0.631929562837672  0.957474793527604   1.14869840167791 0.812094107513632 0.163881616885975  0.66833780611945 0.656803704276335 0.674544261033536  0.41834988792132 0.749102895450927 0.873958793885458  12.5763867251436  1.80664162215041 -2.27542244813492  1.48241421207515 -4.87439822642917  1.37318127797958  2.95532757246837  2.54002871157136 74606
101064948963.999 1400 0.641847151598943 7.14119319083117 0.0220988327618182  0.129688269429985   0.19062526059394  0.216515556808653  0.325771250517805  0.594122483426654  0.913618386565772   1.12696622294632 0.824593086823533 0.158844556111675 0.671088493771937 0.641383873579415 0.677038439271209 0.440258862383215 0.733511114218138 0.905352240174262   12.491435951607  1.78484740074837 -2.56142518176057  1.42926518061401 -5.04161127511992  1.23553236622301  2.80134369352724  3.04408491830191 70229
103736063982.628 1420 0.638592229764379 7.57624536014954 0.0206874453892033  0.131936371215129  0.179682591526188  0.212961421887445  0.365337410714905   0.58650642624726   0.89226797978228   1.18744889246973 0.798206070916644 0.160655177779387 0.682701094444902 0.640702986005543 0.646440541740234 0.435365752067112 0.718937603045744 0.899831361336861  12.6300530637029  1.76744713133132 -2.67613584430828  1.47387388112105 -5.08947914710426  1.17505695264658  2.71232281067727  3.19677773038898 68008
91352779928.2655 1440 0.642010668403905 7.19711791825727 0.0216730885368158  0.129475057778183   0.16800908071444  0.207838569840483  0.376647090398067  0.567603841593477  0.879640243813882   1.12263361374973  0.79547775239543 0.156608662844116 0.665538873591378 0.633204890546101 0.683619971361241 0.429892677252577 0.702951690022771 0.898491669289547  12.9262664375868  1.72172209332471 -2.58579075563676  1.49324170671749 -5.50546259292966  1.11193313290159  2.72681398735458  3.36560557238489 70296
98207505020.2982 1460 0.638124317376983 7.62690016516735 0.0203370401704404   0.12453994808569  0.181257058831175  0.202452853085342  0.346376766743252  0.540401755509314  0.856410852016483   1.18299761655291 0.769672477139585   0.1493900947512  0.65575192138966 0.639284548919401 0.685715632179016 0.427373093556181 0.701139789090302 0.886962338600636  12.8166679005842  1.72566866424767 -2.70887304850852  1.30908759201131 -5.63709134117732  1.12222856809634  2.85594006054674  3.23796996355666 68207
108956423004.206 1480 0.670212523347621 7.78709535983661 0.0187267259727163  0.124509407070672  0.181148412320522   0.20445076722088   0.34680864093536  0.546056893431722  0.827293270830339   1.13556720483901 0.801249510367299 0.146972760244578 0.648525052009186 0.648625536455797 0.667586937240252 0.419027966491302 0.704595124302612 0.866541279862409 12.3891829637363 1.70869675376612 -2.7028204496025 1.07216693520905 -5.6103811121165 1.20406279051511 2.93945441827418 3.43818958980197 68492
89632924212.3207 1500 0.640496967453355 7.65052714780106 0.0180714562960707   0.11450858194541  0.182586335945777  0.224876291665439  0.353100647799219  0.558033759825661  0.864596801704669   1.05773255893384 0.796040253455461 0.148239395567212 0.657624606653542 0.635792924685398 0.653230623838178 0.403152542281163 0.682909529539887  0.85236770945133  12.4588826773204  1.67911649526519 -2.56292538200004  1.08340979553237 -5.66906838034511  1.24617080170447  2.90339001736547  3.50794785238091 64554
86608704767.0617 1520 0.581032225219576 7.56040739345022 0.0178789048892344  0.111532061957198  0.169173898141656  0.215557522308097   0.36337860329221  0.557257088404923  0.817764137076175   1.02195391172579 0.796334997809382 0.145709795262434 0.643988011502171 0.647297808634678 0.649461748334102 0.402043317703611 0.676695866612523 0.832358869967695  12.7051624652671  1.67652514741919 -2.72372188255152  1.24166116008783 -5.79204882736038  1.30195766069025  2.86553688932894  3.65264669042268 67915
104152146523.811 1540 0.547240545569429 7.88824823916642 0.0164882890133759  0.112611247574869  0.167581748506708  0.211157471856839  0.334007847768252  0.546636799451079  0.808815472343146   1.02597488484269  0.76407685492614 0.146128864230523 0.626851202221137 0.641543602689906 0.632645202723216 0.383829654817608 0.722044098415052 0.821788310368707  12.6322593902614  1.65396038407257 -2.53004165398688  1.41041912850849 -5.80001233794451  1.23575584929747  2.58565389080352  3.32644355532444 66663
102875303647.268 1560 0.647386598153769 7.88734568035832 0.0157681854774268  0.104698314888129  0.155724490012052  0.206533852407663  0.338315607539978  0.504113510226846  0.847840294863375  0.980942317218848 0.757311007674682  0.16847392719691 0.626127034378683 0.634000878914916 0.664320908522019 0.388968905007704 0.773019909635076 0.805627700359898 12.7638674010166  1.5714953503007 -2.4049247757092 1.50330428649226  -6.048767163003  1.1214191225071 2.40461960432273 3.15400458067214 72423
97316824886.8187 1580 0.673348079221895 7.33131896596439 0.0178011606468574 0.0999638974665357  0.154163451230917   0.22600729466886  0.349540277778977  0.516601478742092  0.914251879222799  0.956781015219896 0.728534860870202 0.167714843671035 0.635167065792133  0.64884649454933 0.649997128237018 0.402919920494263 0.754353505482674  0.82938260928002  12.7150459562134  1.59570504335999 -2.40058931810022  1.63583790329818 -5.81464702033731  1.39299837523961  2.48783097150347  2.78798560797934 73042
89856402801.7528 1600 0.712553355779315 7.49936090323571 0.0172789521003606 0.0993489989540784  0.152125301541114  0.219027316726721  0.357357557036254  0.505335595509408   0.90284659936926  0.971775418867116 0.722847493517593 0.165783782185985 0.621729533290807 0.633182919144904 0.645288391648206 0.441336152338163 0.750348418562343 0.853499380024164  12.6959135425081  1.55152735292615 -2.43847843455053  1.60858203985081 -5.77197476246979  1.44027415598592  2.72549243436266  2.57316170789267 75446
