nan 0 0.72 1 0 0 0 0 0 0 0 0 1 1 1 1 1 1 1 1 0 0 0 0 0 0 0 0 0
26499337635357.6 20 0.684163188635355 1 1 1 1 1 1 1 1 1   1.0140284964165  1.03591745899055  1.03883959932467 0.977939318109479 0.977528058032192 0.988257718339963  1.05660548595601 0.993066324137001  -0.466141810654285  -0.279000808865236  -0.491254167543171   0.143934712246356 -0.0884758566235114 -0.0805757584879497  0.0308476926242364  -0.268153740766459 54918
13260028348661.6 40 0.611777132350966 1.2031247418467 0.900038808766657 0.906813580784312 0.920540012208836 0.934505980168194 0.979756210609544   1.0137962086883  1.21347688833183  1.30281440604395  1.01164637549173  1.01630822317736  1.02099377751009 0.942600982113782 0.976080661133482  1.02155956776771  1.05628869729346 0.991632489051441  -0.230533824210484  -0.192163752809113  -0.407396519725151    0.26938076458045 -0.0711984926491401   0.141175608154747  -0.340605915518391  -0.401396050839013 54892
24075625612058.9 60 0.598187213236029 1.23916603830848 0.833540575181739 0.850409699880232 0.883081359022912   0.9001668952267  1.04618518479497  1.11266317724367  1.17665840162982  1.27992861866841  1.03422887109289  1.03140520039105 0.994173310543539 0.918841383945734  0.95321386650969    1.030157385493  1.07216920538019  1.04525920714212 -0.502340569483268 0.0888247300943693 -0.152099800562563  0.207677068495658  0.197035314445804  0.390978068080975 -0.508414353842911 -0.509193146386522 54348
24854287732233.9 80 0.546677527501358 1.35004804243432 0.767744320710698 0.825194582550291 0.839917810881785 0.907549936195446  1.09290459904844  1.13320072082094  1.21220505061592  1.39931361389374 0.998094247653464  1.00355516279569 0.998920460274133 0.923652685678642 0.946571490595042  1.01168967407103  1.04625727953063  1.02104301243844 -0.380303332569622  0.258423651978079 0.0340081907440477  0.252262179144485  0.373761613163955  0.192308849957738  -0.34310658212404 -0.415252173035187 54427
13660130666100.4 100 0.529194083167255 1.36320809342379 0.722292191756384  0.80097704979626 0.850664760331867 0.888661956866256  1.06366719784862  1.08435775244937  1.15810546082522  1.34226180346395  1.03720849004445 0.977291465793973 0.967858863895419 0.899788136923294  1.07173270157046  1.01157102456444  1.04076023116408  1.00893003136798 -0.349907798206409 0.0973172233659862 0.0781074459471146   0.31652393488678  0.761753128049199  0.136594059707222 -0.222627537936479 -0.238969770407789 54108
19330634325556.2 120 0.51808831158685 1.38356414009188 0.713563529348405 0.772028634271581 0.799917886298073 0.940393852541575  1.01062645279404  1.18460328952214  1.26320568303644  1.36593879321335  1.01372774334487 0.958260692232285  1.01713048104402 0.863886599596205  1.05105988532798 0.980101654830533   1.0025329443976  1.02994665025218 -0.174463570290292  0.303470977503011  0.321717449982619  0.334363164907513  0.771297298703667  0.119356066786464 -0.333653179528182 0.0539499887446513 54635
17907312358920 140 0.550096258313342 1.44711539452842 0.653776698722521 0.729171006944271 0.760746079557615 0.939027016756352   1.0225461263693  1.11967240980974  1.26390929512719  1.36910187436374  1.01744788468019 0.919809476623564  1.08592143860179 0.842326302732281  1.04556424778529 0.987647231210169 0.965152234041131   1.0004055391346 0.0698649486587841  0.277014288536405  0.733296765722296  0.360707375552527  0.918902140312527  0.507078094724102 -0.458016904776921 -0.111086106316349 53807
10977357278410.4 160 0.56354289052515 1.56748494147482 0.640141582931962 0.694841322189013 0.734639440051323 0.876688700404624 0.954832594581369   1.0922656889068  1.20472738325676  1.57283365726419  1.00512211441869  0.95963638930028   1.0698073008833  0.84449458626423  1.07746981046475  1.02204643023219 0.938092417118106 0.997305111148677  0.149631922170574  0.389889197770072  0.700628883486503  0.510167450099127    1.3351781822083  0.406712756302519 -0.380881062808348 -0.125132879852091 54084
10764876737769.4 180 0.586549868242408 1.69280185521334 0.598258136295498 0.663703124946328 0.756935662831831 0.910666070264146 0.922300413174187  1.03910887947613  1.26365848453171  1.71435542608683  1.02227935951794 0.953412650558877  1.07058027782109 0.825460464006027  1.04281980700893  1.02567366755556 0.930172618684938  1.06550791584103  0.43882418003207 0.593938397187363 0.747474272556426  0.52497960782655  1.28303040292994 0.445887587646512 -0.43125027026245 -0.64255452149605 54224
9049846358759.04 200 0.594014701856723 1.79536816194156 0.556642402628684 0.628761715788089 0.692743579488877 0.865731479211027 0.910633031523207  1.08432084535176  1.38850113972004  1.79425152780505 0.988905775794779 0.963784193107307  1.08081749710221 0.835498611670295  1.03185176840823 0.987554795294341 0.913662519905996  1.09479487135599  0.171533786143565  0.843492998825195   1.11840485095201  0.276512187036206   1.36597398573061  0.550940081686347 -0.399894919198569 -0.749914648619993 53721
3494280733836.15 220 0.67678628987689 1.89626868493855 0.539741623120932 0.588282620580246  0.67175849302674 0.829637645891105 0.877016596286427  1.02767332149953  1.37144447317573  1.94082177915274  1.02042619762492   1.0096777636771  1.14195686798806 0.811441626962514  1.03745251829713  1.00555839063918  0.91156696549327  1.11986739015093  0.690673864510577   1.29361742496958   1.49624871627252  0.375420141731405   1.50143284393593   0.90607454368768 -0.214226479927775  -1.13647695785331 55420
8301422507355.62 240 0.666223324394771 2.20860598315236 0.496691248378479 0.557193522005173 0.655222872313044  0.81168648506628 0.847306511914044  1.00236839088007  1.40243519058978  2.42283030123703 0.980493779177921  0.97689517437457  1.16542317740722 0.778540150394206  1.02173272366319  1.00945308019819  0.89989753732033  1.15433363891543  0.417618281953407   1.02985280942482   1.66030924818317  0.340423988557634   1.15158351551662  0.743191313899282 -0.272348426677838 -0.258851266032164 54452
3460696847951.51 260 0.637974391190737 2.31191790142769  0.45076033073399 0.580494350391964 0.633042745425359 0.753041200087764 0.876349871272934 0.952398972909358  1.42987780443184  2.40929791301625 0.940134451325597 0.985882295017106   1.1757546801968 0.746706111932853 0.976840332595018  1.00371397302785 0.881616221503431  1.13209746902372   0.481774895421197    1.36414264121099    1.80867894425991   0.383582302128183    1.22078857739461    1.00384109745893 -0.0704453844817057  -0.513847889498028 54919
5617489106004.04 280 0.661632958318991 2.39010983284396 0.414147634961388 0.556611919450124 0.584067165987491 0.690304626412515 0.845713282001414  0.89256891876425  1.46705270206746  2.36587013857899 0.903406699256526 0.963818926711854  1.17596162306774 0.742961605476382 0.939417924229685 0.988487826214192 0.948774652615484  1.15612790573855  0.579067167651179   1.38837988274705   2.07918232429777  0.580915988388917   1.10593638963733  0.904383763797329   0.26670862054322 -0.222566767322795 54857
2258428715159 300 0.810190577262578 2.4283858653225 0.386815543947524 0.535820314933613 0.594945056216368 0.671511702612937 0.812131138597886  1.04777220022167  1.44631794867632   2.2810736634941 0.877540132691776  1.00793075664144   1.1850528304656 0.742296170393968 0.934353785323418 0.967619461129936 0.966281306353072  1.12134533477932   0.726740958272195    2.02325358060733    2.30156579538971   0.458119067781867   0.577103306157975    1.10035882074512   0.730838399979492 -0.0882385473084789 55661
1324869796979.1 320 0.887583149339491 2.38880037357807 0.385978516613455 0.530477235919359 0.586491572722141 0.723936674486823 0.773705182648808  1.12821233401434  1.41043757770143  2.20253515668253 0.851791360509295  0.98612445987493  1.16309525659604 0.718468165890963 0.994506290174284 0.943285190406556 0.973681010019513  1.12285098087863  0.937273788266441   2.24240654846248   2.50503538999745  0.566585964326636  0.619934854303546   1.35649513556946   1.18408517985258 -0.555210351982935 56809
1244342767761.15 340 0.997737107972628 2.52385209723127 0.349408874277427 0.487609834544015 0.585631158013089 0.690403935530856 0.739282029539336  1.21429245990025  1.36235258484848  2.22567492303265 0.823069954148153   0.9634422009383  1.25569780954412 0.733784754780977 0.967403857374616 0.935510362967656 0.970436764895527  1.10648140194303  0.733783275298609   2.07653859224591    3.4441722644285  0.880642497188822  0.557952589702493   1.71107973308169   1.30161588424616 -0.169628475046529 55839
1490931230709.3 360 0.979911352973636 2.64995337452059 0.322037769299114 0.456831541053788 0.551174488939699  0.69274850115028 0.744323645990413  1.17723910583218  1.49219484171096   2.2614306552266 0.804423093959242 0.971587075750914  1.26518075838829 0.725016219621713 0.942354984714672 0.941517300108871   0.9860074131445  1.13094369791165  0.991694966839474    2.5064870788669   3.42952495878829  0.737944457354445  0.702280294625263   2.08389227424295   1.43193410105158 -0.948819314966727 56491
1185718917273.61 380 1.03040215486419 2.89193007004215 0.300374680906665 0.434190371374487 0.505332827075294 0.633424612614315 0.757084240191621  1.15507371807769  1.44554897730691  2.51211141266759 0.775682541128974  1.00538178407799  1.26175661516766 0.726203693498105 0.958324728332482  0.92925045726629 0.981885994586895  1.11962535434332   1.06371940265858   3.26753836974117   3.70466963334036  0.958038066396208  0.406236671948233   2.22139751035143   1.75313870718439 -0.543892724245419 57209
838200686863.841 400 1.07215567450432 2.92023898437002 0.308265914178813 0.432323378914371 0.484788151881357 0.589395977563468  0.73453478441935  1.16198840517802  1.39130587696533  2.62882874535453 0.749136504878854   1.0342795207924  1.33436497194731 0.728891315251093 0.941728021181398 0.938859454898696 0.985771586857911  1.08891183041246   1.30769602193667   3.79757338769499   4.52505058515471   1.21091126415838  0.387052433802035   2.60590172566197   1.82054666635624 -0.841831018440367 57036
812961237097.845 420 1.14038730542639 3.2208086964769 0.292333845270621 0.416310694774492 0.479470468841356 0.550014027091575 0.738952441259889  1.07508267425139  1.28381433548511  3.03255690870613 0.713448485361701  1.05226973209173  1.30209817296496 0.735357872812821  1.00864894703235 0.914722759956243    0.968500402625  1.06994854062185   1.18786088054918   4.10654883981684   4.12570987640525  0.582571939179231 -0.572884025191925   2.09007195749708   1.65151582481368 -0.243162008280451 57152
1776381529425.8 440 1.12734475589309 3.27247581612984 0.270475047559483 0.404285977017146 0.443767891515207 0.510039968392256 0.791192369810598  1.06949551970341  1.40356396289941  2.89654378198533 0.692109532667281  1.03867633231251  1.25476591802604 0.726069378135197  1.02376833007175 0.892638529045426 0.980458565232248  1.05458674379376  0.805042560217709   3.85823557201336   4.23617008329061   0.25260561631826 -0.606988649351861   1.88175489221969   1.28559614078103 0.0706029277599458 57304
1645297204723.15 460 1.08134620841619 3.30772067035388 0.248116373094729 0.405127610233961 0.429772305042403 0.476276116324971 0.785844813697993  1.03233511854904   1.4857181618938  2.71464521610065 0.668030529272476  1.02228152124605  1.26051552070554 0.727728406556786 0.999276883053363 0.880774484706266 0.989174911056558  1.04915426782451    1.06084744906171    4.11040085757566    4.95097790535764   0.746947137537268   -0.76760333263696     1.6838519352685    1.66700206464349 -0.0982198003500794 57886
681176248051.265 480 1.15300288742992 3.38639281787852 0.235175100770842 0.393579010768959 0.409791220404117 0.486577951944726 0.804845574235101 0.960471209698532  1.47597467486976  2.69690722995098 0.646401590200221  1.00266707147823  1.35150550060944 0.745367645755778 0.969043485768755 0.848357172801329 0.957358249439254  1.02600684900488   1.31246025051365   4.47637920660596   6.07001469224281   1.26868808406844  -0.95768496246435   1.71238980736903     1.723910817702 0.0301811583320066 57284
1154701222299.05 500 1.29880642103309 3.60117583431695 0.215039058627783 0.384323274065013 0.395981995021916 0.488801458600034 0.753504694927557  0.95218036827894  1.45473849064522  2.78872701931939 0.623809553542837  1.01910762292905  1.43343760527429 0.722722957286526  0.98915969139217  0.81894768891616   0.9713747064341 0.999001511406973  0.925717999421865   4.65305965405018    6.7748688475405   1.32317298655476 -0.949204740643683   1.82482608008286  0.920026383790485 -0.183342628268794 57474
1429376294589.36 520 1.25907179327659 3.82049603606492 0.205393699718104 0.356749379921977 0.399654672151687 0.477232222080074 0.733158516702231 0.989201046097986   1.4361206050856  2.99796545799876 0.598831321834561  1.04043543649038  1.45020296945909 0.703109912441058 0.962546141567729 0.825398105744695 0.978332250570586  1.00734649848447   1.12519542833262   4.59063356661563   7.19446853901569    1.3910306270477 -0.489146914444534   2.08834072164301   1.88053016536424 -0.855329805017202 57617
1129276591424.7 540 1.23312820338169 3.91616635183644 0.203535861844028 0.347752270537609 0.372026419914637 0.449479029737323 0.718581561305364 0.970288935166681   1.4350520154443  3.12149902529525 0.578632125015957  1.01510241488645  1.48787712699177 0.690107831601292 0.955070886464298 0.807736664694819 0.946371025935543 0.984893525260275  1.38592959121641  4.76554847335227  7.69171171528359  1.23409416863313 -0.38295195271727  1.96653853115219  1.39472712989389 -1.06663678230702 56686
1113752817775.81 560 1.22133079510628 4.01689618788334 0.190231663832518 0.327966943840807 0.348389845319438 0.447762547822986 0.698744251408784  1.03263587940701  1.37030192558879  3.06947444834509  0.55418279876707  0.99214438828762  1.60052493932163 0.693311876931478 0.931552931878319 0.772116138800879 0.929834034664962 0.971259833913589    1.2441491492075   5.01892248212346   8.85644341358636   1.40487565442738 -0.737500385182573   1.88221430292639   1.69659777804931 -0.820796819622726 57163
879060510183.622 580 1.38182474382675 4.31585675546895  0.17912998618373 0.336343348379018 0.338545334489723 0.419302911596023 0.664760992737963 0.985619218901768  1.34543380341338  3.33658609972612  0.52740414269484  1.01339163371624  1.79477774445378 0.672172066288731  0.90719141579909 0.753782905009144 0.918476198837882 0.934552299190241     1.304904332278   5.64687009922168   10.6520532989066   1.50156577590244  -1.04775725205623   1.56612377905444   1.79716023715878 -0.723732760318826 57866
948207225399.8 600 1.31356776356776 4.88737367022914 0.166390114824552  0.31776279447847 0.339470807322009 0.413688217773926 0.635196322380807 0.960229779860663   1.2791291973626  3.97446439823723 0.501133898761965 0.991046242507314  1.77950167538388  0.66536274620868 0.881620800834096  0.75355859884537  0.90917612017041 0.922945801077028   1.27838628291951    5.6572382864345   9.39808065126963    1.5507582719688  -1.37992081690778    1.1757300163063   1.52756191951228 -0.119620161694887 58156
494288182425.523 620 1.42607577189539 4.96965002142023  0.15768111675624 0.319084134445355 0.331103415025767 0.393489478793107 0.589226088269202  0.92357524637573  1.25770114675263  3.89431697716559 0.479051986927142 0.991766498672887  1.75516476509283 0.669153788085625 0.859267644670817 0.748897898922362 0.940308245928154 0.917446143660655  1.15743037815163  6.35128704929926  10.3627020265218  1.86953104533691 -1.10484123175429 0.872481100596263  1.38477801705598  0.15337123131178 57188
1704624618261.5 640 1.42050274720385 4.7708377281078 0.165803763259244   0.3197178764557 0.328779625108405 0.383354496909904  0.61583786106271 0.897295856771644  1.28190657844909   3.7738416528515 0.457979275218295  1.01985915304708  1.79433697268886 0.661523946194237 0.855320506153769 0.737903793672618 0.906878303618595 0.925697128765932  1.05367589411276  6.21644566084345  11.3085545690125  1.80839009305806 -1.91300630188142 0.602622681419469  1.61836774278399 0.748734901290069 57377
1039740431908.57 660 1.44311042823106 4.94272777912776 0.161939031965205  0.31281284100601 0.328369557331709 0.375171957104501 0.584011933416203 0.839950764720775  1.30401843826591   3.9562608964629 0.438554084721761 0.995206743915665  1.77449262204923 0.673795776192106  0.86480569033599 0.719620019578099 0.882109755467054 0.936808245969114  1.02122420714666  5.76188597000878  11.3565145422992  1.40626220778512 -2.29872715596309 0.828363107225753  2.03396397903157  1.21133112201551 57569
598613028213.39 680 1.4730484300088 5.08283160464445 0.150259846513655 0.290149860568014 0.321204464061751 0.383094521744656 0.554372761943035 0.825083337370925  1.30090558602131  3.88198974888046 0.419507612587729 0.966602338236042  1.71810008494865 0.685750843052073 0.948738102571295 0.702897111663726 0.867487177741353 0.937510856444014  1.20352745829119  5.73765304631281   11.298761021275  1.84725276205638 -3.09949809603635  1.07776416840152  2.15366523849961  1.39007407207324 57782
771201286796.498 700 1.49759129126756 5.05663439959574 0.144322429142145 0.279380807758595  0.34095199968882 0.373326822973631   0.5446217767823 0.856892253287473  1.32830191715986  3.69025977750863 0.399434103752068  0.92412282909987  1.71110594255701 0.677660496966131 0.960815998953757 0.685904484451544 0.838017228994802 0.999056211538585  1.24912969098905  5.97327065340312  12.5946900245897  2.11261989618571 -3.46946074307337 0.906082955565562  2.19499671206426  2.28607064662051 57429
933685832812.351 720 1.46313227130289 5.25532317321504 0.133154539938908 0.261431901981502  0.32442811554361 0.350830862874966 0.514994972956854 0.811970388155219   1.4203474270961  3.67751822930111 0.383843113511724 0.918506552655556  1.69240804421421 0.650887811738763 0.943646171968555 0.696571068963184  0.83320779312654  1.00018641819087  1.32300646253544  5.80660147155957  12.4439991855714  1.97278378900253 -3.17988604621302  1.57726578354141  1.56706752017732  2.14564583125551 56930
928313169154.287 740 1.42250897222447 5.43083892042982 0.123407709304628 0.247990054372138 0.303901998187052 0.361162700196363 0.490040836699552 0.775394860976574  1.40749066199609   3.6397883825679 0.368880832076169 0.936313745050701  1.64159260680876 0.641688036157406 0.919342098371501  0.68185417057423 0.811947058099741 0.973170303352647  1.42552100675719  6.94827616669497  12.5510346935277  1.99284677589348 -3.04899670325032  1.17044476405171  1.31429881671366  2.14688583462825 57538
1018854176767.39 760 1.61072013863027 5.49882053665321 0.113397154630428 0.249813768693149 0.292334721236079 0.384136080808648 0.519997947682135 0.735155724127481  1.31215153133642  3.42879285965837 0.352998922880139 0.942941825660379  1.61633385679774 0.643220233213909 0.908710052076361 0.693065119410272 0.854260604871212   1.0503077356927  1.22334234551937  6.03111649238045  13.6055481459595   2.4236438200045 -3.22108151894852  1.65133927190523 0.447661780128034  3.40252314563767 56960
783119620484.43 780 1.79985851647147 5.66395650256873 0.103469642621298 0.250808148835367 0.283838671124953 0.449176814961436 0.521333414662339  0.82512702249166  1.42591409489352  3.31934786076877 0.336300813410068 0.902640940526855  1.63446099183723 0.632975890420594 0.915496606211796 0.678652012389199 0.854821922565289  1.14091334089476  1.25830112659733  6.20154236632384  14.5285227681073  2.61405899150052 -3.80933084096641  1.62052657095757 0.179700747718886  4.82893519351309 57041
815320026151.049 800 1.72567789828965 6.04732033204755 0.0947308720207091     0.239301714612  0.270221313736169  0.439302510806782  0.494209161607781  0.815700042915294   1.51330498998922   3.46431587125391 0.322029567076099 0.923926159652563  1.58499040649483 0.617966591916045  0.92245426675334 0.655784158418012 0.846058018763831  1.11005419789491  1.29474635230551  7.22238739391564  13.8966777930831  2.53968987254504 -4.68167105195625  1.56400478110555  1.09057884545222  3.96631297964376 56880
833797509178.383 820 1.87219783501409 6.15193140170384 0.0875349266757841  0.236652608351871  0.264491926462232  0.415460979829795     0.494319899804  0.860281460189273   1.40881772517796   3.31286959153776 0.311281255502886 0.914350439062749  1.56584585036336 0.595093485591528 0.991115608180069 0.631233142557446 0.830237597407641  1.13295268349158  1.12168710186307  6.73512152927602  12.8102188591859  2.49021926752827 -5.64535774954667  1.82509522456431  1.74875949003726  3.09709372209597 57062
621762531154.639 840 2.19430687928204 6.35641839796038 0.0810142415511662  0.246187252141193  0.273665465262012  0.418395740594673  0.491751556420811  0.984043727103833     1.324222067024   3.27330385925874 0.298007459124006 0.902908886591262  1.55497183275122 0.572588637049672  1.18727675120718 0.608330653770982 0.828469797698177  1.13802959689489  1.34697441804823  7.57454853622078  11.4129505694817  2.51246876011595 -7.04404790280143  1.49477219887863  2.33116040218173  3.12711673005177 57649
649554898081.567 860 2.02629409678059 6.51378246100787 0.0742053893725539  0.229032524558627  0.261520691294595  0.393850494692097  0.475743742436919   1.25499863638256   1.57317508547173   3.14848732427933 0.284056021784171 0.882563840183552  1.57745868582168 0.565929973016273   1.2150815928441 0.598558491214401 0.807571861035875  1.12624965300441  1.21444528964394  7.40012296144594  11.2313531951631  1.96938959573205 -6.46089137654076  1.47433748358612  1.91900312311582  3.48754642743878 56412
537269813025.229 880 1.98753294255332 6.8415426651288 0.0685016624481153  0.213742071654567  0.250801953963724  0.367179748262869  0.459392107676218   1.17504403739877   1.68256677286596    3.2063371773765 0.270585449379029  0.94165904548746  1.53321733343984 0.556531109736055  1.23756949505953 0.595475617895315 0.853744291073558  1.10238722470618  1.29067781726611  8.93057727962367  12.5791065299295  1.89355540596392 -6.71284910508051  1.30533480559575   2.9931847295986  2.88584517405394 57870
690257442903.907 900 2.03838758527048 7.01457053224015 0.0631513925577609  0.201624613065615  0.246287543477311  0.355806369016158   0.43027778829356   1.31458485991051   1.73168058503868   3.10731373401463 0.258572358641105 0.937386380873937  1.46699986589403 0.542947672162427  1.23678837675986 0.574454346144468 0.840386850376932  1.13382043751462  1.35997036984634  9.33115585848225  12.7292252801334  2.34097077035043 -5.40905628322202  1.18871676762149  2.82216459899711 0.955906628797419 56872
1059588161639.91 920 2.0596833704704 7.10080978770935 0.0577730346727133  0.190036017771758  0.246902275768152  0.344061093967665  0.426171969721405   1.39983062293274   1.66609773858838   2.91300304702291 0.247803346873441 0.997701310205706  1.61356499977366 0.544976838786752   1.2212376537253   0.5758980836776 0.847980377900695  1.11779729483502 1.20880884586286 9.83704888793901 13.2347378002595 2.45727906576363 -6.0296231352089 2.01821445064674 2.30114520920437 1.09447885345119 57807
509421967766.951 940 2.04574792110292 7.62234557780561 0.055972243693087  0.18148058969113 0.234194319146131 0.350126307914916 0.426500756837315  1.42045172084922  1.82830587922374    3.251995872366 0.238649252529913 0.997126436842452  1.60051631117072 0.529867449543719   1.2205544043646 0.577774745927816 0.815289191458653  1.07965717516687  1.11228853998632  10.3836309628286  13.3056884928974  1.99133772064216 -7.25115916258558  1.37579429937402  2.22899977806815  1.35579044932622 57089
737169921708.284 960 1.99503799216288 7.8066087159463 0.0520206248661523  0.191284497758827   0.21940135606187  0.335014035339241  0.424826195148875   1.36804282361303   1.78666962746884   3.17030020558026 0.229238469051164 0.982409136284984  1.60717388543407 0.526602592598635  1.22979225179105 0.581740289871846 0.827969443032892  1.06413177112847  1.31213939761063  10.9265286646489  15.3130917397545  2.23130819758833 -8.15705297807193  1.45449282937017  1.76834066525771  2.35582807080443 57786
566592515886.73 980 2.04990902017903 8.22144786003266 0.0483982055754539  0.206246660495036  0.219342675019177   0.32640915597603  0.447698645866503   1.32129371044612   1.70598626548458   3.27134142878577 0.219539150006498 0.987545149440422  1.69378351137421 0.546094069300764  1.22842328652767 0.563643121320363 0.815399586357506  1.04608613439711   1.3009163895516  11.7462794333477  17.5012597269147  3.02706960716222 -7.32551867931763 0.995294471862923  2.41418529133189  1.50662697377896 57271
432302342731.606 1000 2.03262283215438 8.80763810408149 0.0446025603527543  0.198039257917065  0.211544106275256  0.315218115727003  0.431362567406865   1.30603896378332   1.80962780391175   3.46002082622859 0.210943066866957  1.02439324728157    1.725871008259 0.531999055831711  1.24039955660583 0.541313985591756 0.785337301998109  1.01400649148155  1.29248809057288  12.6647681586783  18.4950087286742   3.0897231138232 -8.91682123284893 0.994258839032033  2.49101566739067  1.78236102144547 56709
418386680360.045 1020 2.05723120927966 9.48500632615494 0.0413498175980434  0.184243877350758  0.208323118990238  0.292727943457265  0.396571302105814   1.24127648376296   1.74756481933387   3.72005060619274  0.20150944036939  1.05904944466913  1.72292435392264  0.51118913072013  1.27902364385785 0.524973280611446 0.803622572526138 0.967889955119059  1.27780123433076  13.7467696515506  19.4986267056155  2.88737310666351 -10.0998708810668  1.57469695775433  2.57861793769914  1.95919531505742 57328
537808961932.94 1040 1.89732611834388 10.1211526723415 0.0377852595467425  0.168393705622096  0.195756896639848   0.27766878047032  0.402538353472224   1.16920223563591   1.76411156836327     3.870636268965 0.191676422781387  1.10368987708774  1.69464078513567 0.496875620631188  1.28341643835433 0.524348942878279 0.782366691066506 0.929674174544166  1.31330590109958  13.3620867327675  18.6163339591723  2.42627115983695 -10.2526947262035 0.979466204126027   3.0318815033317   1.6251023476341 56989
659261854083.242 1060 1.69346644062466 10.5328286153649 0.0344760082307427  0.177029292931018  0.201215748118802  0.276073910246264   0.38361317753481   1.09013652398389   1.78472573131638    3.8247848547376 0.182557228936462  1.06860664639474   1.6375935425876 0.482614205533265  1.27582343253924 0.524400525381428 0.770555673831522  0.91449649279917  1.28757909361743  13.0675481642287  18.5511908684443  2.72267030392321 -10.3587705186989 0.668574326941512  3.59253476954119  2.05971121261288 57839
737280573436.949 1080 1.71402915360934 10.6546390324943 0.031265589581136 0.164917086010554 0.197584358162335 0.268181708416569 0.393422717532305  1.03065450482956  1.78732024442951  3.54931140355357 0.178378775724292  1.10094531304363   1.6698972019337 0.500674665516284  1.23085582882789 0.513798248396623 0.774422905653195 0.891098295704512  1.42107858963817  11.8557663549405  16.9728235828175  2.56837144584436 -10.0221454293286 0.557530498458445  4.19192119235647  1.51532514866315 57357
345632145067.434 1100 1.69496592980996 11.1337100591713 0.029832929358087  0.17152016048301  0.19343293622848 0.251834686176047 0.411616733362215 0.995347726520271  1.70425290708446  3.69807499726774 0.171250945624633  1.09535502192001  1.61913067506425 0.479589855969174  1.31989701485073 0.507325551138248 0.805941213178381 0.906306080000297  1.41347164995795  13.4016487124732  17.8223349400802  2.81146826413887 -12.0518371936441 0.246793479263999  4.78916231655538  2.20804010732131 57155
619540879206.846 1120 1.5540576607218 11.5753876475075  0.02709228353746 0.156926245583417 0.184623340390316 0.236039027998642  0.41638529716054 0.960101410063611  1.93990756063781    3.630084212328 0.163238862332946  1.05742724250488  1.56774429519626 0.460659570595192   1.3161484526655  0.49441058410559  0.81663263315167 0.873407056385709  1.39175817231905  13.3154186191666  17.6250885814916  2.69789229793308 -11.9880557994223 0.558791076418043  5.19193105846337  2.10082185259557 58093
530629239104.222 1140 1.41211204312192 11.7089954156052 0.0247586095568197  0.145308399159942    0.1868643798789  0.230301628067429  0.396530226994944  0.905395107633212   1.93766810914464   3.39441957283471 0.157014007472688  1.06372234107928  1.56805997627942 0.455454525724238  1.32046667856799 0.483864536826706 0.802393056829445 0.851442899522611  1.44415194504219  13.8842923884465  18.0155355074453  2.40010772712466 -11.7903848462084 0.694609014855001  4.99197207427035  1.61839495436408 56939
603362040702.407 1160 1.42739161256049 12.3106907613516 0.022700582320242 0.146512363420933 0.175488539548029 0.218075133738178 0.369164306465081 0.882653110520074  1.91401848182297  3.44034378183289 0.151913518562355  1.09782201973801  1.53623618788812 0.476490690403566  1.35367904314396 0.474893431700708 0.818515638806208   0.8850127721521  1.40002700075172  14.7209704511845  19.0451367277299  3.03998092339057 -13.1878049004045 0.461202844958178  5.74480337440747  2.53554816497204 57990
291750598574.602 1180 1.36560659592246 13.0961825128874 0.0214141202894791  0.147471657423321  0.175694678320892  0.209623601860507  0.374680973972951  0.892690402382253   1.83223096008459   3.67273569399024 0.145579963081518  1.06603604372058  1.51041777379029  0.46334132797629  1.35543649353832 0.463640782762876  0.80757652646082 0.905009726614459  1.41436404764838  14.3465274113817  19.3782784057088  2.98153707942277 -13.7825169693439 0.394908469477765  5.28806739758593  2.79558236970292 56810
523694566129.967 1200 1.35566016834584 13.5655663114141 0.0196128304351378  0.142423003892612  0.178091416769417  0.204405690521863  0.350146947810983  0.944086402469979    1.7290573658633   3.60924306680513 0.142901113227897  1.05837917608473  1.48842182824534 0.448095534510423  1.39227557072678 0.460478335307013 0.811800880833911 0.919238720225004  1.47577535514028  14.4467739940227  18.4975964625133  2.85361665496197 -14.6061957268741  0.31983538664217  5.23844987997528  3.38697449614702 57273
483803923773.054 1220 1.40165786587103 13.7284588433078 0.0187435016810124  0.138523841225926  0.188050527321849  0.201004643556875    0.3680114454748  0.902459589165024   1.86187618944533   3.53259867451945 0.147110095804158  1.17331928789736  1.57949976390648 0.445528508299534  1.45541658475825 0.461837736946151 0.810898213565614 0.909448038235819    1.3582527084918   13.1067291375458   17.3412827613052   3.08434797965567  -13.5251883431027 -0.046558293387253   5.01558945885952   3.02808696829385 58414
605873715929.747 1240 1.35824454845547 14.9950272152619 0.0192502105445374  0.134754200353324  0.188022556358676  0.202348446645781  0.360990768858555  0.895742503760545   1.77828314452271   4.32842603395539  0.14499660777224  1.17180088704546  1.59637174242283 0.431763469815515  1.47256672622216 0.475619576609028 0.800017855100042 0.895716254710042   1.46596451759779   14.1041769564008   17.7627381762423   3.06636660676478  -14.8833829612467 -0.399463739765605   5.61177106581533   3.25276805784635 57034
761292391184.482 1260 1.1908966881281 15.293155199891 0.0184562656406929  0.130526194794156  0.179348250809887  0.199696075682388   0.32849341258672  0.863138878878102   1.92974520550023    4.3165624073881 0.141045818226926  1.16601569031439  1.55891130862694 0.425549358746891  1.51960236646427 0.463980506264526 0.814009420418283 0.894071026563931   1.44317106029472   14.6271739687171   18.6511545751184   3.12572040225851  -14.7778426172103 -0.227531175614217   5.98105027907833   3.29956993740904 57855
353521711602.066 1280 1.16077957314014 16.0264701054882 0.0171494361742994  0.124607667635671  0.181936031019988  0.187044432193502   0.32826532976212  0.860223821052047   1.87320612642104   4.40479399296292 0.142550166659368  1.13238180158544  1.53321743373187 0.406999080501543   1.4635724776752 0.473434849937544 0.797838172124735 0.884308141968059   1.54440936781351   14.1657831073518   18.1103522567706   2.96723304489366  -14.8864973392756 -0.494684604841621   5.70885361454839   3.92278410739177 57424
363424813544.264 1300 1.23278063803548 15.0390589984172 0.0180369820005211  0.115346790330722  0.176939517534003   0.18360271931065  0.326371105050544  0.852291739163514   1.85167212423311   4.07948366097592 0.137847824512299  1.11871448587109  1.57436774427952  0.40457155065629  1.46997674994291 0.473329985362275 0.825887975701454 0.866082822586888   1.53363595655721   14.2126835997448    18.444988891926   3.25635973464364  -13.5908582580915 -0.115613643529701   5.83856358052655   3.68861135800675 57568
443352289311.143 1320 1.18937507827539 15.5397900939974 0.0171676607909093  0.120218771127237  0.169724193231294  0.205746151266629  0.364686887744785  0.845168281322965   1.86145356269289   4.14573387367617 0.134812790023129  1.07224896594256  1.50655439514635 0.388763452811021  1.48074117321449 0.458778893504598 0.803397735757343 0.873128079580979   1.51321938997673   14.1358978560044   18.2310831265234   3.14451393828247  -12.8025453506079 -0.245478552403784   5.62860774297109   3.13016344469139 56805
373456281872.689 1340 1.01739318995275 15.5094629152307 0.0164074640624729  0.113578591986915  0.172527620945229  0.189848108921119  0.360423629984255  0.812111538256369   1.78800376135615   3.94670784593324 0.130909031283392  1.03138927980099  1.47100464810049  0.38298911890498  1.43795540914954  0.45558603146928 0.795274448110938 0.876294777690327   1.50846909156814   14.0534912790111   18.0164630516152   3.09873109285707  -13.2210692336158 -0.366118466626246   5.72220691290708   3.49723235439961 57601
428563404032.253 1360 0.898323737467806 15.3622079250976 0.0154518943473277  0.110262866401022  0.165098607981553  0.191701346441587  0.357918234367294  0.807120625404931   1.77290377128243   3.64660739066453 0.128125624316677  1.00558896935778  1.46357237241944 0.376234915459248  1.45796954824609 0.441701510495696 0.799700919952185 0.861838607874595  1.47095544424581  14.3404976376617  18.0069994618114  3.05212292612129 -13.8343395216879 -0.25021409271251  6.15367640770556  3.43958622607454 57203
247687149263.438 1380 0.77613294007982 15.683012293591 0.0147204431384001  0.104460989805719  0.154580192620929  0.191456589552736  0.352206528273558  0.774519197339427   1.80174679941105   3.62059418706154 0.126884385329801 0.972885559306846  1.42938322038938 0.394004732649015  1.42395535664191  0.42495986854262 0.787535646743502 0.838880560624669   1.45006830765802   14.1990253271948   18.2901837303688   3.16669774551466  -13.2872322762404 -0.224062406100916   6.08241859371256   3.16356860901015 57641
338694239965.114 1400 0.705393879821069 15.4778271172958 0.0143834656361492  0.104786462535393  0.147417336168255  0.180701974439304  0.369774470055463  0.730698415137263   1.69964461158816    3.4457480807355 0.126431486508082 0.929006182745463   1.4047809438724 0.389233034427508  1.37252700540484 0.423461348064935 0.790294253907859 0.878180571557466    1.5000135027111   14.2638034082306   18.2944913327696   3.09817669588194   -13.283008409726 -0.271539304488062   5.72226855822711   3.59293983697453 57499
364755936712.404 1420 0.658231047953555 15.0027923144714  0.014102817188022 0.0976541105258062  0.147468128177836  0.182401603191401  0.360631126069994  0.813432227614972   1.67285990655938   3.17431536228054 0.124189398247458 0.896528004149578  1.35348573884316  0.37307659259313  1.35444411711946 0.417991273991231  0.80657415913242  0.85884513439016   1.51585353440565    14.147094944168    18.354595524065    3.1476296092572  -12.7728360747142 -0.109286768333836   5.54229358967162   3.26401502385357 57311
347029979312.514 1440 0.627546392896431 14.7965776641473  0.013734481633415 0.0920561448853369  0.139138307478636  0.177791413434996  0.351139287622563  0.772372312514574   1.63446602187993   3.00700969918292 0.120644327174466 0.876060385228664  1.33509150520807 0.359087673134197  1.37630767611821 0.431016843939533 0.797646657509524 0.901287828776339   1.51459028830202   14.3159138273514   18.3418801961425   3.12443558460468  -13.5790664109271 -0.307655864421734   5.48052718490787   3.82268692591292 57779
387310321532.695 1460 0.683911349939591 15.1497403759473  0.013166107271646 0.0854289105537876  0.134897954783366  0.167063723397423  0.349156326603952   0.79808028706487   1.65240082195642   3.02181428452857 0.117533729912618 0.906393161613092  1.37468288068041 0.354092349521893  1.45304016502705 0.415487250208446 0.796907409508083 0.939545918221471   1.53295715251628   14.7064795549816    18.843000308681   3.19207285264118  -14.3183732543346 -0.315600663571598   5.31267588339119   4.17147633081746 57083
417445888963.555 1480 0.692865829951969 16.8142709527712 0.0126328210997281 0.0793575433715839  0.127220416569406  0.160455186790538   0.33751014565296  0.813603191166851   1.54993369050091   3.57154748840303 0.122659092902996 0.926953842340822  1.37702379513649 0.346511415961697  1.47753783107772 0.410989415496313 0.815445882750968 0.987590795000674  1.60107565873782  14.8103476024555  19.0199263306187  3.20874405368075 -14.2219733276877 -0.18724363119727  5.46460253232902  3.91615844167951 57780
518517925510.28 1500 0.616912389825566 16.6069590412501 0.0137633176503323 0.0745209906154785  0.120762424369792  0.147572706956818  0.329723545173709  0.903045306604031   1.49768263177546   3.79580035750189 0.119758642602946 0.929974891350602  1.38652065274403 0.343358005467618  1.50978697184881 0.397094102362896 0.820313559000377 0.974125850110243   1.57056372008315   14.8017423836891   19.0437962247783   3.28611322029394  -14.3821748517605 -0.211438128459834   5.48319534144484   4.14443606022947 57113
310087466712.069 1520 0.537892215886498 17.5072560034264 0.0130679397287998 0.0761631985273383  0.119786181347253   0.14139892900283  0.320649286392078   0.88216520318261   1.41989890116565   4.00537596550721 0.116333995541875 0.921939529954637  1.37933092066789 0.334483092421593  1.46209473027223 0.413708841925876 0.802289864539963 0.954548261014718   1.57867804471932   14.6282115044132   18.6607200635627   3.26200420503799  -14.2147510545726 -0.379341871095351   5.55363721218074    4.0230196637719 57524
395866094199.533 1540 0.488941690896257 17.8728589496754 0.0121216558673404 0.0709138462322804  0.130159990144475  0.138226182152747   0.30373112309531  0.856080267583705   1.35828249007401   3.87213068361554 0.112116330139658 0.892088003047094  1.35651214208408  0.32201464908776  1.43221657380178 0.397684062093957 0.801684323789488 0.941484378552675   1.55863493315427   14.5741963771796   18.4283749290335   3.22267641357877  -13.8149598282052 -0.381738660808282   5.61326670479091   3.75607478378352 57506
400170818647.608 1560 0.463568329581095 18.1136153713766 0.0113687862519299 0.0668757220363093  0.125060823130323  0.135588043375001  0.303842414966238  0.824735415192831   1.29309243668515      3.73013357846 0.110302650247449 0.864281793395985   1.3243942143795   0.3147724423343  1.38564558720812 0.389270915422903 0.774607636860414 0.923257815993213   1.56041217688812   14.6549082200592   18.3786136002091    3.2437546467054  -13.7357920169879 -0.275606024326291   5.47992236489644   3.66127119651307 57025
301417581175.721 1580 0.443022976837571 17.8159135905717 0.0110993887253502 0.0686542043071715  0.119046627875613  0.142292338086179  0.302129884159442   0.76417269418322   1.20580260333988   3.52302120272409 0.108760208686864 0.846889591726994   1.3634841855636 0.310172740984442  1.34000085284729 0.382258351046927 0.767597463678825 0.970816672908814   1.53935959318698    14.632718517887   18.6098145391114   3.29359481680024  -13.9628627635585 -0.251460778186596   5.44561911889633   4.06423725401067 57375
439933433785.715 1600 0.449744534990387 18.1605826251986 0.0107053728721343 0.0680224577951411  0.113495607501471  0.141735983428118  0.314477131221501  0.753362034566453   1.22525868561189   3.53070435532472 0.111726802598601 0.820293377010312  1.32577377598041 0.310609798757781   1.3147060613914 0.384345041502448 0.778929555035212 0.965447902123175  1.55119901907062  14.5865750985449  18.5382539572901  3.34376690393994 -13.8033631845501 -0.16960037913993  5.52196880465655  4.05852288603079 56637
