nan 0 0.72 1 0 0 0 0 0 0 0 0 1 1 1 1 1 1 1 1 0 0 0 0 0 0 0 0 0
12237434630745.9 20 0.699110463438584 1 1 1 1 1 1 1 1 1  0.97828312013249  1.02492419948332  1.00500202551931 0.965280452473004 0.967191584789289 0.989064287228123 0.972658351061809  1.06289172349101   0.218892267835231   0.386371708841592   0.175548310480747 -0.0287403849722941   0.171008479166517 -0.0534776582661306   0.266582355483024  -0.655340461304942 55225
15031774719240.5 40 0.72507181123834 1.16685109088551 0.900522249268007 0.907543925834809 0.926274884415066 0.939140986734027 0.962745102555978  1.02021635389221  1.05627182255444  1.22609838550582 0.945958467252463  1.01082594463895   1.0654041838815 0.971133549216015 0.967673250722341 0.957214749577258 0.940644942529742  1.07813106967559  0.137004756657111  0.530617485459284  0.728072185073908  0.333583526616106  0.529941833219414  0.069300540267072  0.174006805169039 -0.788137101471045 55244
17393312920841.4 60 0.76245865667472 1.26383627728216 0.828013072027954 0.845805078202008 0.859879071133188 0.878104283290785 0.959142637522193  1.00318266808898  1.19792676744231  1.32257048813796 0.936448149305526 0.969032183244372  1.14997823498416 0.998127180911582 0.965364424131708 0.984334483506449 0.963654273604865  1.06074860049427 -0.111228008168715  0.446253171365957   1.21396328934369  0.585240193187644  0.703514622395109  0.141829747086537  0.390820893204647 -0.455685632845475 54468
6685046786971.94 80 0.765359255213934 1.38750212893814 0.773682453542741 0.819727199353771 0.828090808954948 0.859643766619819 0.973761778167884  1.14404294441244  1.20091318522738  1.48946418172044 0.905988788190224 0.959397166732022  1.12407661338603  1.00412218015396 0.968360384047114 0.965006298548601 0.985312269090078  1.02790656508521 0.0705656671839827 0.0310049876698291   1.21376340091771  0.932778251411804  0.110087428373525 0.0925764557028619 0.0100692014645848 -0.295243301678905 54998
5429180085581.38 100 0.776383042813684 1.4161558002643 0.710243466058212  0.77081349271537 0.800699973610736 0.886540079258369 0.935346327869888  1.14873968648995  1.23268501263878  1.42439131845213 0.892847493773597 0.953939025056365  1.12825818533814   1.0388171734095 0.997966108178014 0.995000788668983 0.967466638037455  1.01004055911194  0.178196302111116  0.426757557823915   1.38401777035884   1.36213222325719  0.601326367454095  0.415342754238366  0.377370983152157 -0.409478479713773 55227
4398799281543.25 120 0.746103561546419 1.56973954890258 0.671996585030718  0.73178170933285 0.769999521996584 0.833881175123114   0.9573442514259  1.14980630309351  1.23075610833603  1.65585485816812  0.86192062327569 0.920508496437194  1.17207144892545  1.04901696963979  1.00612330354464 0.973517196696107 0.942693409864032  1.01149647540111   0.0434503496362729    0.535827564789018     1.64013789576241     1.42651803807933    0.208687357307635 -0.00199024283352912  -0.0209638361619575   -0.164515339347433 54954
3538312958716.77 140 0.781160763411485 1.68759353109866 0.618973743460093 0.704021965775026 0.726420956581689 0.770485947269095 0.907318542784745  1.09207993693892  1.35412601852547  1.76281984443301 0.829339736961153  0.88634186048813  1.27010846068878  1.06364475727565  1.02240956399545 0.949991366834131 0.981968194725897  1.02171671608461 -0.0895016187459476   0.654091936358213     2.2267300277832    1.54639441520015 -0.0840246577741184  0.0021211858114639  -0.414974823143096   0.074910680997267 57825
1528671068687.96 160 0.852671171381408 1.93508981580231 0.562066444032233 0.651446388765308   0.6941394910757 0.756782852815947 0.863306881770716  1.05965186374539  1.48180093631611  2.10469860301688 0.794673832089295 0.859316927588669  1.37671577692279  1.05641052551795  1.03046642884548  0.92808692183974  1.02595991866428  1.02869766321213 0.00301881058747967   0.659891490643498    2.90410161433805    1.73492130367967  -0.335137927521981 -0.0770218374347163  -0.758054817322375 -0.0203180861672607 55449
3254539903114.47 180 0.865790629638235 2.20154895093351 0.533009721634599 0.596272064434972 0.640809662380023 0.706008124008919 0.881114713127733  1.02786578727835  1.44681957238734  2.58340099752044 0.764480156927103 0.828498161536434  1.40565445015901  1.07008478669239  1.00943020941807 0.895482459289452  1.04095631480229  1.01775913113416   0.108886173195045   0.693291804659382    3.18769478872827    1.98369878235793  -0.270429773116279 -0.0638822614345721   -1.07647342066258   0.319804372508045 56010
1771930499741.5 200 0.864035988592178 2.37073527029916  0.49239647883528 0.564717017153902 0.610856498481462 0.712222274361633 0.838913423184851 0.982143424819875  1.36333962291417  2.76745813913031 0.735029739345619 0.805338030542436  1.40950645500026  1.06091884246888  1.01412363555358 0.917121672124255  1.03575103692569  1.01138641142568  0.038942685757032  0.643161147310115   3.27867580671272   2.18284407659451  -0.60151325661211  0.416442741380464 -0.310706561886802  0.535581495070605 55933
881856082898.102 220 0.982630135130476 2.50170763177074 0.447159477465202 0.524527563674121 0.669694806949346 0.695992853556284 0.804154716343229   1.0607114116485  1.26553010516533  2.79856595672889 0.706358783972584 0.815748183498052  1.44989429156579  1.02180150279678 0.993722607084622  1.01511862556762  1.01334260579626  0.97862162865562  0.166260136404217   1.18416775662979   4.01552450213131   2.17858968292607 -0.379114304958685   1.24700242894576 -0.751154973316317  0.159469628021503 56120
1262100499330.76 240 1.20301594576603 2.56628505006882 0.422943352452171 0.481810004437877 0.629486357042968 0.683308300784525 0.831614451765538  1.04662901815825  1.43195373753995  2.78542834882702 0.684153504454094 0.804336501580511  1.44216516908712  1.00480141557774   0.9675750418272  1.06928075916912  1.00944555842284 0.988360990863856  0.427393215848441   1.18542235194736   4.05053257065476    2.2429934327126 -0.229581009594279   2.41587301818817 -0.916585059488023 -0.330351871355697 55912
1638842602470.11 260 1.2624948641905 2.67768804298025 0.391931866052106 0.456122924406009 0.611133452504083 0.683269607983378 0.817125022662885  1.01632108233562  1.49382944148575  2.81015667485405 0.656017371484852 0.836226277277039  1.39146103895507 0.960769713161392 0.974349238634995  1.06309205771328 0.994500939042911  1.00837664672369  0.349265640417157   1.60616205023282   3.61451303830851   1.97574782546347   0.44841790571674   2.37767813849732 -0.548262721945219  -1.16606189082637 55881
866047865358.726 280 1.43803689183861 2.67564302958235    0.362227665188 0.420989079945649 0.576661754783714  0.63177661252833 0.825461124003359 0.961718065464798   1.7022062575643  2.59321162509512 0.654901060987373  0.86855667727052  1.45816783580093 0.941265070993974  1.00940872445176  1.08684298334303 0.987046839682392  1.03437723859672  0.879029727912827    2.0839875246301   4.67738042723133   2.23354149948645 -0.285061534569016   3.26242199725076 -0.875074923565601   -1.5423426368316 56343
1854012767585.8 300 1.53608653239912 2.90397080179002 0.335577311218863 0.393876268065222 0.548550101350694 0.700999967442412 0.837374870264819 0.934798350509235  1.85873494037678  2.82993904221851 0.628981443551103  0.87764274482598   1.4447007494175 0.915053778545265   1.0183709008539  1.12994109214993  1.00764018816756     1.00882843264   0.81432689532283    2.4031882478053   5.09659858025035   2.02319699193613   0.35500228559264   4.26369358225375 -0.143976106714972  -1.09479714360057 56151
1167842306089.12 320 1.7771791683306 2.91699658511804 0.330608344884097 0.391284911627689 0.503992702451721 0.688289898038583 0.832505053008893 0.932440533370606  1.94505326966378  2.81310312257761 0.609751686551319 0.915462338249124   1.5643147844359 0.933929969558229 0.983558530537994  1.23463401536417  1.00244131791457  1.00135404633055   1.11900461126089   3.29947727791133   6.66397643995186   2.86630799354679 -0.235632154473543   5.41628195733046  0.404762525159825  -0.64858573290839 55609
1380635495224.53 340 1.8095771161124 3.37925387990952 0.304106420672457 0.378650936740023 0.472844824006823 0.644732446328401 0.871326071218848 0.969738863280181  1.91438212122229  3.47269971823266 0.586098059082131 0.909371469177153  1.57799865272296  0.91425853417378  1.00678686227881  1.23893486783112  1.02874762800493 0.987136802057865   1.09922457859761   3.44648064684024    7.0375408850627   2.61605195211391  0.458963667826492   5.59814000928229  0.886868496559844 -0.439366654565554 56858
1837201747831.16 360 1.78689046876421 3.54133818279346 0.286040589412344 0.354828513707536 0.441137772452069 0.630963341322388 0.870123847950134 0.949493189891699  1.95791189863531  3.58725680663457 0.564193065515761 0.907793610076659  1.56776838270036 0.899438849181531 0.987652758196078  1.26087130092457  1.02235469673847  1.01485227077826   1.28632761519795   3.77669553019699   8.05896274433959   2.47947141668511  0.472877360908275   6.28550363020117  0.875357976662911 -0.238530777187966 56307
996132914551.459 380 1.80246918094663 3.69575262024503 0.263517540681125 0.357756751729002 0.400813801804521 0.606681351079183 0.842550349448787 0.923662854868394  2.05541964624313  3.59927736874438 0.538430792081557 0.910273893897851  1.55993132260718 0.878299722253888   1.0163424556199  1.29444812293203  1.01232790480937 0.997147017929261  1.19532934443694  4.16075068772868  7.51340464059897  1.79740621250991  1.47029882812906  6.66909115653862   1.3895019774732 0.191444575317341 56150
1110254297265.88 400 1.90351543131149 3.91960890611046 0.238172137365532  0.35327274373762 0.372044264962767 0.645346563981116 0.785368378410436  0.89242492858885   2.1052131980388  3.65911809032935 0.514019124185139 0.957065434442637  1.55069954064318 0.861523749450042  1.00721290038981  1.39247795225877  0.98555087635833 0.955978982418207   1.14494090082457   5.37488505039076   8.19443653885814   1.64139504990186   1.73076005525597   8.63573609836608   1.70440738958131 -0.119464066187396 56283
601386067259.973 420 1.91002199397586 4.23496507553748  0.22182340169206 0.330486863007367  0.37107103059304 0.637446026686556 0.763234587736544   0.8415161294756   2.0217961195549  3.97838700225876 0.488720837128411 0.942781626363076  1.57120401458905 0.859026637310628 0.998449866191636   1.3780642287726 0.953340648784368 0.973646961530685  1.06815986504642  4.75528208088671  9.12977709791291  2.21669419922516  2.05489696116491  8.26556277084926 0.801877725153985  1.13994835170903 56323
811889879827.283 440 2.05525224286368 4.48555713112426 0.201913283036088 0.312836777771795 0.370730312368128 0.672477675881326 0.736181007071091 0.803092905980833  1.92733182461854  4.06254023623668 0.469495697981855 0.935893206684159  1.60559829566804 0.838056569415006  1.02495835789675  1.39847130116426  0.97077089339953  1.00201976419564  1.35674785185117  5.20429352131342  10.6285920222353  1.86805632987783   2.2760212416706   9.2905761924822 0.420972562716172  2.19716099708344 57317
875855273008.132 460 1.92623270719509 4.76718354086008 0.188789535846106 0.295147131703543 0.354926024825738 0.672971752313361 0.699497256408208 0.884172764064038  1.94336555322094  4.29043833786371  0.44749712079202 0.902251232250773   1.5894831079929 0.827677762847216  1.00749190702628  1.36525387597771 0.945107128229631 0.991743479064228 1.29863916716256 5.32219899484777 11.5730524774469 2.37688438815728 1.82487944617079 9.35062874112559 1.05895576257919 2.33984716993775 56307
998524434905.709 480 1.67557061614694 4.92013397027933 0.171241286334799 0.277763320938928 0.338275224119336 0.646439641338681 0.688015110092671 0.846301132671256  1.86816215567967  4.14536081843888  0.42814145116477 0.887942566293235  1.57185139796491 0.817858245267361  1.02934053109995  1.35112710899604 0.934539305132226 0.970855372788433  1.40011420445595  5.57037268254259   11.529240620737  2.42868198506345  2.15716037799425  10.1776814769065 0.688582521150974  1.80079376860449 56286
910930726734.669 500 1.56471201364191 5.14450327740368 0.155198921457441 0.257736920043784 0.327157984267373 0.625400679120624 0.652718822934345 0.845935757429267  1.84073590224409  4.10748130371832 0.408047810271019 0.874720644660726  1.54052042429257  0.78017622835698  1.02521185450999  1.37000157710388 0.904141207024449  0.98644540513613  1.36868568979947  5.74830995333839   11.945243994087  2.39173442245763  1.52912381350741  11.2197009534867 0.810362370429778  1.52274632867625 56942
439793119048.729 520 1.44919100033356 5.32876122797282 0.141624756703425 0.250963535810984 0.301482032170457 0.616381328020573 0.628863076501467 0.840698775162573  1.83047980044375  4.02153356925405 0.394380243448305 0.879077112223391  1.53877878523837 0.765819975723347   1.0083935944344  1.32907211626951 0.889693177949015 0.991210463503626  1.21877667769967  5.32537759087454  11.3927511567592  2.14126512654464  1.60239469007023    10.88778599375 0.727048257394364 0.669765445266413 56214
1294586353448.03 540 1.43057782796815 5.476590407521 0.130778846241712 0.245040976226929 0.295154701628361 0.569948693329382 0.625930163586594 0.895038707202271  1.75562761559841  3.92245549234983 0.376383083750995 0.922556531895144  1.55640621921535 0.744456200543403  1.04612663893618  1.31353462008533 0.865085515709918 0.956377690992777    1.226920502323  6.53566721810614  13.0299116616871  2.15323113652042   1.4840234303899   11.700178852831 0.459883513732874 0.645432660023335 57565
1016867879435.4 560 1.3467936774985 5.75164637478731 0.120751782080208 0.235709885126463 0.304229378971741 0.554829214359028 0.590473328708428 0.853702416798918  1.79783715488533  3.99464235326031 0.360780730326186 0.907828625248674  1.48983155541218 0.728280216568706  1.03223244291939   1.3271592118963 0.856183575506534 0.916107689472846  1.39069395969187  6.15618722471238  12.2756676950218  2.46260165301115 0.680398247281266  10.3216083211174 0.656519877085877 0.830707031365774 57132
759185367818.98 580 1.29403473715135 5.73931712407303 0.113600803156854 0.246528086716217 0.319865549867059 0.515851967630205 0.657397413093475  0.80027964927032   1.7079579082718  3.74198331115189 0.347954453934472 0.894749546902033  1.46004020190132  0.71980801424652  1.06805482437779  1.35779593998951 0.911020842644806 0.874752584717837   1.25092162359773   5.62530553801845   11.5192147541139   2.64526340472166 0.0431049959066934   9.23597743008113 0.0831847357867912  0.852904275956648 57069
810652601783.157 600 1.22502965873819 6.00741680062429 0.105492452189971 0.233771637246241 0.303731519181447  0.47456712725442 0.716472663850842 0.781456718355721  1.72837680720049  3.80712307968915  0.33548346825512 0.880835672061346  1.40655884969652  0.69935718067229  1.08916702815266  1.35312489500005 0.889013070368705 0.858581234321714  1.40855046413649  6.18602149733903  11.6405272692275  2.71078628785879  1.02623610460655  9.61808304359944 0.145293840819471 0.884521297229223 57042
735171543481.145 620 1.26176299668615 6.19553116957352 0.096360624885716 0.232983496463765  0.28650119528449 0.485763762981738 0.658717466357542 0.788936357329052  1.65263910531733   3.6987646657457 0.320994298547772 0.873207311463653  1.36519824764918 0.682602796669349  1.07977679997673  1.48762310600288 0.909637957793874 0.857172133007273   1.41686691183557   5.50491019042573   11.3216191758315   3.03184042533153  0.288134895689159   7.97045014361502 -0.274002640425059  0.537006233913053 57242
818232520474.879 640 1.17611498152898 6.66496197321061 0.0904634154091039  0.219639477340837  0.268636310640514  0.506933735821145  0.648619397487802  0.758513296913188   1.62502093337234   4.01854033805933 0.307521661213981 0.841878124670365  1.33311536419857 0.678730939578624  1.11355919839926  1.46418763438806 0.899874756057257 0.844431520825695  1.34697746526405  5.59548590296114  10.7233266229962  2.68948662820761  1.11626175242032  8.11591992233024 0.395291618626724  0.28479116273071 57367
945676703016.84 660 1.07970044852299 6.75690250510052 0.0825075801909902   0.20855445649177  0.252668063741859  0.518592734023174  0.612858171636195  0.747152505682034   1.75862186184193   3.76694392489757 0.297387782651842  0.84174508436957  1.29948711858822 0.673756217497606  1.08246915869047  1.47727976981222  0.92643850187747  0.87176559358562  1.36512423473857   5.1931534664112  10.6470069591287  3.00744383599443  0.60465991084492  7.37498749438684 0.481491684204534  0.42562078435958 57042
807905599600.493 680 1.10182634582116 6.97328406490851 0.0767166141693745  0.194151859329224  0.232098608168421  0.526189881170484  0.607468880246979  0.904963337202352   1.63988279284819   3.73047506492245 0.283864397072625 0.831447999857438  1.31756359614943 0.668952655665594  1.10377414603109  1.49175175385793 0.927613929853168 0.876691112028641  1.35912028228812  5.07512376138637  10.1953573518404  3.25904559355515  1.39033731879589  7.06222157249976 0.445564967041446 0.505588692871133 57931
795441590678.345 700 1.1041456879533 7.37032430605434 0.0698441934307192  0.193311369713723  0.246670666269236  0.537849910010188  0.599007512009398  0.920553269517016   1.66676095452278   3.79405395169206 0.274321192535838 0.842533329608305  1.29141466862085 0.651817450455834  1.13730011049454  1.44473740036807 0.924144527111511 0.882093727998368  1.45032746191183  5.70999215797535  10.6845231949192  3.04021270760974  2.04703625430844  7.43467785113661 0.940471812959849 0.650055866283304 56840
872743808042.432 720 1.34875292766652 7.56790792462236 0.0635629329995001   0.19374962169473  0.244437883708736  0.535587312930278  0.624431357867079   0.88181310635123    1.7065457932333   3.64045450375551 0.266345440838374 0.871011419606256  1.31064101880923 0.630199062489985  1.19311082221576  1.41031039060959 0.923236159265294 0.856034758555912  1.34409954225955  6.43380954080369  10.9536430346436  3.13206024427575  3.31262727922789  7.67365449711349 0.896726709868088  1.02054359379811 57177
547459289976.361 740 1.46594917307898 7.76263959358336 0.0613399936989245  0.191844392615032  0.243085234138925  0.581952811918645   0.64862529783266   0.84338692543673   1.67568569909359   3.69626051633448 0.257557512781937 0.865853550178985  1.27813807919616  0.60460698158788  1.18371759670531  1.38742113675302 0.903825419619533 0.833756220516989  1.29033566114835  6.78687262449594  10.8895530193524  3.09906605307151  3.31261111456914  7.80352206974863 0.876523188712497  1.28184452735423 57501
770244214217.35 760 1.54555903057195 7.84765819665328 0.0586300024409547  0.182292238236798  0.237302839000468  0.591925669844962  0.627127171221869  0.789927216605139   1.55542220298086   3.61077203795301 0.247446143870199 0.872653479098251  1.27419768984412 0.600092213243782  1.15691212734046  1.44053231153831 0.904300457750792 0.802090981715619  1.23376239139133  6.81955628423936  10.0498769306655  2.80768544409725  3.62372161714936  7.24838045985277 0.598199998060978  1.36986704369498 56791
876656447863.888 780 1.63780023641422 8.29688574904364 0.0537860271915434  0.173517416340649  0.243313357335024  0.564089014467219  0.629599645076686  0.768349216163981   1.54593831915999   3.70253938197449 0.238343279459875 0.847268024333914   1.2531074996563 0.582940011100855  1.14169366570251   1.3966021594571 0.901080042603608 0.846054428563211   1.21242980423788   6.46798917061473   10.9531473565302   2.77396651546172   4.10375163423564    8.2805742443869 -0.027080696578313      2.45316606619 57700
506313625353.481 800 1.61786859898514 8.3771045949409 0.0502701728002492  0.169976545212116  0.250621499675106  0.562134839852275  0.644076215421106   0.78863016907243   1.47302031738629   3.52775368411533 0.228706736471902 0.886270035658138  1.32255259266558 0.569007339224148  1.15070302408437  1.42489396338088 0.882335436175267 0.829934611268802    1.27081998372835    7.58854741417509    11.9195138105119    2.87363010821624    4.79842837676442    9.53257235047574 -0.0553061113047682    2.26444339430172 56948
677373126029.437 820 1.5655913684957 9.24524080259153 0.0462672861084433  0.168772386486889  0.233998065999987  0.534154812652271  0.638262744610943  0.764732178911599   1.39158401716387   3.95467210536519 0.220032268276354 0.870693594994006  1.27973372243869 0.558779266584336  1.11756384995162  1.38467926355938 0.857498975452405 0.804728089369173   1.3259087151713  6.63129894738946  11.6141511143827   2.8331954131747   5.1702968592275  8.73051113603953 0.740682170853163   2.2141597354128 57458
723885075937.54 840 1.53718982653706 9.1705600317308 0.0438329396098575  0.169483479351649  0.235202883327041  0.520399625275892  0.613562040612889  0.727653715782869   1.30920303633112   3.68631389663815 0.212265019826414 0.859050869682548  1.26107605834602 0.547114253298991  1.09764141195108  1.38790287786462 0.841131760020267 0.804002429277488 1.44059199951336 6.53322900158386 11.9261860750408 3.27790048269616 5.31549547956268 8.06949140678892 1.16119633811771 2.33536788676447 57577
434063076790.11 860 1.62792623740734 9.48226259147569 0.0403067641173122  0.159290771363617  0.234103232812154  0.483924749682153  0.593851835255351  0.732441041173861   1.28965255421071   3.62411432943928 0.203707962608674  0.84250735500538   1.2447476348423 0.537649238595437  1.14012228578208  1.35856539487239 0.812976156307239 0.803341691532473  1.42714546816754   6.7048657367029  11.8636198987109  3.07738383485457  6.06897837450709  7.14971954406833 0.758097212541274  2.68451033177178 56487
799878924699.801 880 1.57830212601914 9.65930293638033 0.036868999154373 0.159347466549021 0.236463718173026 0.455258751367825 0.655516650030352 0.756957031206962  1.30127693108447  3.43995627067013 0.195811670473205 0.807391475312461  1.21266645939695 0.532782623156628  1.12064806977483  1.35767921202152 0.790244479773488 0.796145644026847  1.40598627285869   6.8077580165841  11.9442301990196  3.01558814383774  6.45088409299413  7.07706997244229 0.487075013167805  2.45019813892936 57557
884013995472.954 900 1.55421674022084 9.80844301815062 0.0343902493622475  0.153736554543298  0.219434356336846  0.433735241204347  0.634426052602325  0.745230780819793   1.27263339124124   3.30853300723546 0.190403169661001 0.787837519948881  1.20100744592583 0.517265152429636  1.07532938990817  1.32164597382923 0.773660765247477 0.789602530514755   1.30688776445072    6.4038556994239   12.4099877543069   3.00915056443084    5.9548732347086   6.65030803949811 0.0412137515476853   2.68691180616328 56531
676655346106.318 920 1.45801475818071 9.7603986996844 0.0319728319718194   0.15323823079243  0.215617515625206  0.413026525314063  0.657405128850842  0.780907176672624   1.19395647528074   3.04590407625371 0.184502639790708 0.763349209987707  1.18737493664051 0.497001366817174  1.07129566586986  1.28225771355794 0.764083589663634 0.787587424085831  1.34130448107653  6.29695371495111  12.9102173585203  3.26978194929675   5.6488114813526  6.52023501887034 0.590344736767124  2.96839008015086 57128
563140062597.156 940 1.57024600811023 9.73807673132107 0.0300979765670889  0.142850562508606  0.209181168989831  0.410220017663275  0.624542967231006  0.767716835986098   1.23078495640232   2.85419528417236 0.181335718408265 0.777963837010633  1.25618352661553 0.489918303064585  1.07002767063032  1.28480332884174 0.750159633630325 0.781869494516481  1.27233975853914  6.37768185819956  14.2110214276548  3.48529245187436  5.08522854732255  6.57309438569168 0.866909179473564  3.19740044018115 57866
838092828517.412 960 1.40605496586229 9.88803415953249 0.0297247766169946  0.145771310919408  0.206779237283579  0.398757122787818  0.602553612731297  0.825540635811158   1.31045175668252   2.90628710995329 0.180196453046567 0.757028880734636  1.27849032969708 0.485316048350705  1.03195980981883  1.30188877973489 0.729660182826541 0.781803908507921  1.42933821870716  6.35185695465924  13.9121882315063  3.57672222284302  5.04807540789452  6.47936027828735 0.943476565535887  3.08428730986111 56529
691389727539.288 980 1.19444877261505 10.1262985056318 0.0284407247309694  0.136911422101765  0.192269992086039  0.385102485568456  0.589723955622106  0.880198821442673   1.25009549332454    2.9163665606377 0.177916112789096 0.751895973769429  1.26949155534751 0.471549509968498   1.0190932040399  1.26195763974961 0.706126196091215 0.803857647196067  1.27663396266394  6.26342533538995  13.2564960050696  3.38879594946123  4.91436965224595  6.64096546231842 0.859580137839657   3.2428907378045 57524
655418604111.153 1000 1.07168512540147 10.0945614156188 0.0271691954214476  0.128090555154141  0.185400956720781   0.37249830995859   0.65010439235857  0.870743830617782    1.2043059356561     2.768545636928 0.172108333514373 0.727708848958158   1.2242562031894 0.463008308788685  1.01507807888689  1.20848611975882 0.701524511072038 0.792760869244567  1.30131912446436  6.20085242105021  12.8279961598044   3.5023132974131  4.27750275959159  6.40414368505931 0.489216275915313  2.99797338681168 57004
804798549720.798 1020 1.03364635525914 10.1991943167983 0.0252039174382183  0.127048626146057  0.180693773277904  0.359418013565931  0.621169800742923   0.82021325972329   1.12824130817892   2.62180133662563 0.166887492862816 0.726395836486638  1.20298180320431 0.449521654956973  1.02253345456869  1.18219735724803 0.700121559241607 0.765103098892193  1.33520093870349  6.47256929054563  13.1272917994183  3.42635659296383  3.84910741950312  6.70396331401743 0.747811923358012  2.91802593273035 57275
525440705073.497 1040 1.07339856583108 10.1632910027475 0.0245032787750764  0.120372270122118  0.180401576567011  0.331945645631582  0.626149653620457  0.814417367139164    1.0946611676634   2.53100453098207 0.163447174192092 0.707861937975209  1.20153066574744  0.44862811334294   1.0472582772666  1.18748185483724 0.675405024030517 0.749146834972308  1.38724675005298  6.48678142277964  13.1167891366949  3.30165176771886  3.64883652494579   6.1362064334209 0.828005045486364  3.15591881664622 57772
633095487088.362 1060 1.04473118383233 10.5312037829284 0.0229674228059438  0.125748934800476  0.191114040469154  0.317618040508235  0.595226793594373  0.840569584147678   1.05650698500432   2.54723080717415 0.161083846216866 0.698114325712675  1.20054726565547 0.438568533972266  1.01606260402878  1.15125612652062 0.676236851798192 0.742094360112389  1.45772915869101  6.14398908243978  12.2181881339994  3.41859693493587   3.7661158394189  6.11912637024299 0.486337566060511  3.04346596814428 57486
577837044710.406 1080 1.01382218630015 10.3132898994638 0.0227780258375363  0.123511468001343  0.186147037712437  0.293780154380062  0.622207037474601  0.830294165159996   1.01126325970932   2.42276076826297 0.157543194686502 0.680921801183987   1.1916517563302 0.422383379708771  1.00724612687752  1.11996479891199 0.661628281456562 0.761439012605965  1.38866776584294    6.097331549174  12.2601193077965  3.53960222124815  3.84007117157793  6.48053038895721 0.716177401991558   3.4276986590438 57611
489913225851.294 1100 0.887573111998354 10.1740233778053 0.0223268569879501  0.124400087623452  0.173195546804537  0.305336651213516   0.58931225606725  0.775549743566979   1.07213235698294   2.31106974974535 0.153910938486621 0.657372570908237  1.13624600338944 0.406750593479595 0.973699850313049  1.08086826945266 0.641116164821154  0.73042138799937     1.38465873856  5.97627681580326  12.4483832828414  3.42066045742242  4.02546974744795  6.68200055940622 0.732915870714966  3.26326253688402 57561
417841664330.502 1120 0.876762706252403 9.90996557648762 0.0215347006033709  0.117064158832215  0.170639318814523   0.28662878325169  0.539861731359604  0.728707004059836  0.993938220027944   2.11486733778478 0.154650531579347 0.642674618870728   1.1438218635626 0.411844121913297 0.972050792634471  1.07038937046189 0.641651613524319 0.774552194726764  1.41054241433166  5.91823558339481  11.6814562151672  3.34365135999156  4.13280467169485  6.54590555363559 0.626543847913677  2.64148850227225 57700
717756403517.675 1140 0.834930950949148 9.85965724461151 0.0218915336439147  0.112140011534796  0.160100158929613  0.287081678269684  0.544182587518845  0.707183620766827    1.0564377627057   2.12813817896091 0.151725696773784 0.615423445805695  1.11076521883567 0.411670625487523 0.946213327652613  1.05795726686341 0.634286332491733 0.756480968410627  1.42101825375666  6.12423418556146  11.7699142103084  3.17052213089525   4.2838714887796  7.04097019468441 0.481981983430526    2.790790384307 57828
501606106614.39 1160 0.812228533830645 9.70822857029631 0.0211514827165102  0.103643761189965  0.158127521943498  0.278510680744073  0.506584345459011  0.706449162994534   1.02622672969478   1.99352094232064  0.15361779272501 0.645987007737302  1.14856386670591 0.425160481469588 0.989513387513853  1.07364180569184 0.622114578416637 0.753570180443035  1.35995829795086  6.59895605922281  12.5228440654664  3.14018784771567  4.75015689933939   7.3669043419844 0.776810591806508  2.90243670441217 57746
499208142235.092 1180 0.803986761444995 10.5433422036493 0.0206503115261267  0.102943178728027  0.149716105516482  0.252445335010033  0.487348220790663  0.676924743371231    1.0420369044126   2.29553126848766 0.147252995670066 0.643976940022122  1.10529404223908 0.412493377219132 0.982169291708012  1.14793530880408 0.597153954604352 0.724075807439439  1.39285989712804  6.34206985467629   12.355801875809  3.12328089429118   4.4911752540653  6.44271949506364 0.852432536314118  2.85320542778577 57461
540306400950.32 1200 0.764972550429673 11.0519957340202 0.0188517107008991  0.103156354932747  0.144481856692999  0.237640695090069  0.471439322908917  0.705870843643212   1.00739272804557   2.30267254925052 0.142939483003939 0.709961878357253  1.09419063120286  0.41251021173806  1.00070044308772  1.24056302655464 0.604413661326259 0.696844530462109  1.40082720008009  5.97036893486985  12.1017732041124  3.15243266922277  3.92228419069983  6.28006340671583 0.489765180730642  2.77652221072956 57348
558085246467.18 1220 0.790297622585161 12.3910770071899 0.0171807509961939  0.101066048528537  0.140585385562321  0.226340900640792  0.478743792420396  0.718991830227113   0.96238113272411   2.63791170890597 0.143019000680055 0.695444986636996  1.07909248703159 0.402643877820474  1.01451028197594  1.20913396341193 0.595900197472198 0.679968695967581  1.47952132960532  5.86479992061965  11.9042018692284  3.33538382662993  3.43616718819144  6.58224484657986 0.291059718802498  2.62754554626673 57572
633534591594.774 1240 0.748691030884312 12.4591154980424 0.0164682116797023 0.0945481288457617   0.13098051322153  0.211929007439805  0.458071807116732  0.755246386930116  0.915754086776347    2.5563532364528 0.139945956974588 0.685128580410212  1.05848476030039  0.41830172339963  1.02915312888896  1.17301728241131 0.614329257228291 0.669767779675845  1.44777027612019  5.95668428730135  12.3354744894527  3.40635247601008   3.4759630844307  6.66286679740956 0.189085825021241  2.69094959791184 57137
563506422860.121 1260 0.682224898586761 12.801307217442 0.0152435871564396  0.103748149946968  0.120679190733666   0.21669037401352  0.446973058936142  0.707036251329915  0.937077303710612    2.4980194688446 0.140815064346738  0.68369138418961  1.06511663996666 0.419413175874835   1.0414323251671  1.16674133047758 0.603701548256475 0.655721040222993  1.43313168110675  5.71431353735557  11.8126966951513  3.43863829831834  3.47396299808327  6.24062676600452 0.422546805673897  2.71771574477127 57228
605562839889.879 1280 0.697329389849733 12.7328305078292  0.015692670446726 0.0967829180123259  0.119422118557421  0.218012665839846  0.434632701459221  0.654797044362601  0.954422035010516   2.54417376841064 0.134481333962242 0.676175650419359  1.06532221657261 0.413847955351046  1.04506973610529  1.13136368826876 0.599800595274177 0.666608829537037  1.42388047041286  5.69020781329865  12.1417610695363   3.5066804976181  3.75903301250317  6.40458668659326 0.544608817812436  3.10144178133474 57883
601413844931.67 1300 0.754858547529111 12.948089311634 0.014485957687385 0.101750321578011 0.119918292556906 0.208485662809515 0.429038565803341 0.701342895023304 0.954126725534868  2.42861450784668 0.133933811387726 0.718984367871999  1.08587382787117 0.412172223284477  1.08129277764196  1.13250529872807 0.661582242048706 0.675623542951826  1.40651249904704    6.066968054398  12.5206338589787  3.49109613310075  4.27224506935065  6.49241927979111 0.911507388268809   3.3488867887829 57397
456702911173.604 1320 0.775397158126198 14.2109126259435 0.0136497806813054  0.110333963506683  0.114340030341439  0.212390641580402  0.411796229780035  0.708843238947965  0.901877648684582   2.75657372267038 0.135736238636785 0.743154474212555  1.09518608653557 0.424493868248308  1.08004773153731   1.2053263338176 0.673834573206441 0.679869106210485 1.34299056225223 6.43453547159521 12.8384735406415  3.3628844134884 4.50977515410845 7.29981653592078 1.08369666512548 3.34448367867856 57735
632912354351.22 1340 0.777667907124514 15.4650649741237 0.0130443661184162  0.103845642214409  0.126868305649228  0.205280723001639  0.416709997064959  0.659925824640796  0.840447338953954   3.11979801672032 0.133986466722406 0.731137199998162  1.10775257129819  0.42589656944502  1.04416620670265  1.26729097713972 0.660985209304804 0.693809609864249  1.42547788007366   6.3732034244434  12.8796301788704  3.23461736537849  4.26702451161404  7.63834239983747 0.917536928839295  3.19582005839561 57604
413914146927.032 1360 0.765146770042865 15.3284475027699 0.0134992585665241   0.10863524883523  0.127477793236653  0.206083642520736  0.439310615269915  0.647533193368522     0.861257203156   3.17180338023437 0.134423167239052 0.727230774716864  1.08532384384056 0.421545903849318   1.0311597380565   1.2243512173988 0.655384584019302 0.695820230129689  1.47789837274758  6.04922426206898  12.7974259531087  3.43632756017394  3.91793729593314  7.49177401581689 0.682974857779723  3.48460561395719 57788
588068728558.884 1380 0.719612820221605 15.148949850786 0.0132471206292384  0.103786341178191  0.127035510419749  0.188398104644365  0.429825762238447  0.619183718848848  0.857016737052587   3.04009074219798 0.131258307053612 0.707782499359149  1.08141566881799 0.438238723986822 0.989376501727336  1.24566153299522 0.629572118887536 0.681574217140205  1.41896113622885  6.17557382212884  12.6495889820208  3.18569798697597  4.03653148711685  7.81193895155094 0.783399656610855  3.12049253268294 57760
470755101517.355 1400 0.670761372466116 15.630109857315 0.0122022320438085  0.100556905203291  0.126512256048658  0.185930104702372  0.406283564105059  0.628541745218925  0.830104647819815   2.98100936569943 0.127372503756457 0.698717635522563  1.06963327205361 0.421728845794647 0.999920132048246  1.25753694717727 0.611712816606586 0.657315248641633  1.38505290056093  6.11416000515347    12.62791073201  3.13719803413265   4.3614569389335  7.44044132430732 0.794469982899461  3.05939686383726 58031
581851420960.332 1420 0.615145472758854 16.0561187171039 0.0113713621936429  0.100482629130814  0.118733827331262  0.190386078225438   0.37763975126189  0.588103465896455  0.895653667233276   2.93152521377891 0.123636792451719 0.673556805054816  1.05230174029144 0.413655980325982 0.993387683657973  1.23730342377578 0.605725851844952 0.675023585549224  1.39578526833996  6.01742931354793  12.7036617371771  3.24770857018175  4.04453966229281   7.6006747005038 0.546001367867156   3.0453188931477 57901
340138766258.718 1440 0.587821504935697 16.0922746349456 0.0109260271540964 0.0962683344657253  0.110924924513795  0.180454492194851  0.378456396280799  0.567989076327281  0.913277071363093   2.82941822763524  0.12011166974608 0.654032934374224  1.01641749454214  0.41003752545487 0.981211606471939   1.2052528503838  0.59255347671614 0.678951404826659  1.36903735362732  6.06622756714165   12.709619433926  3.29123997497307  3.90244268102088  7.49945196821048 0.507279429129174   2.9018786495798 57722
576811878705.009 1460 0.559347984291347 15.5701654356159 0.0109363401069535 0.0928453520289599    0.1091540523274  0.179950630018317  0.383082424381205   0.53922273443211  0.904437440115954   2.65129749745494 0.116256872402974 0.643662894118653  1.03712333761259 0.412339269355223 0.963384254743018  1.17360912338669  0.58732566443596 0.717751863822327 1.36195486622267 6.01825733235306 12.9466021398572 3.42165424982806 3.97815216236034 7.62205919769475  0.5719102947039 3.16004353696824 58084
446855575488.595 1480 0.479227014416814 15.7093622891326 0.0107353473042884 0.0866662094143496  0.108963165308624  0.174880746225495  0.357211176597754  0.587329829873745  0.863953737132517   2.64931263117123 0.116818438506863 0.634801972724692  1.02878047317235 0.409364303534755 0.969244858954869  1.13397227845353 0.574037469850391 0.784417077540308  1.36965455594276  6.09832282362078  13.0158357226044  3.40719976805075  3.99164198475055  7.62650015374382 0.697313803475141  3.10420064397023 57766
477807658436.743 1500 0.443484738837488 15.4520082520202 0.0107961662392591 0.0846663995111955   0.10359117377699  0.171943195832605  0.344836344998388  0.677824705985577  0.841346522807464   2.57774187122872 0.114500100615058 0.647439605717578  1.01594578002977 0.399458963643207 0.955195202269707  1.17583689559072 0.569269071716386 0.768282485388577  1.34902396422681  6.28396537481846    13.20514171541  3.37008295491061  4.13318892521775  8.04134661281043 0.770343840032583  3.21577344960843 57674
583296795107.98 1520 0.452670576034593 16.2051215608086 0.0101465424388724 0.0818205240866955 0.0989088796325142  0.173096582699789  0.338644028929859  0.655685571449133  0.810472444739928   2.66454256655016 0.117953074000527 0.630245516530931 0.999733359575279 0.393255326280912 0.921875609806991  1.15843797821415 0.554141790473988 0.769800826031636  1.31627791918633  6.15015588193638  13.1171809376199   3.3839478358669  3.97179412134621  7.95881224412167 0.748956214217014   3.3650676840454 57783
470183584289.12 1540 0.43504314594397 15.1521312989947 0.0109105824916441 0.0757844232967853 0.0953575602370308  0.181102242053087  0.312419900068548  0.655898877730362  0.820336112808712   2.50492880701794 0.116012554680397 0.638032805634515  1.00043480512143 0.394311538375677 0.933012068032681  1.16555597705362 0.547012127299251 0.758679909111284  1.32822857584594  6.08060359249642  13.0270731728993  3.41193875083003  3.86590613113483  8.02281119045492 0.700719058304344  3.40855395896033 61159
518074169476.199 1560 0.397736624848495 15.8833550824638 0.0102585094535887 0.0743208618924493 0.0915832912644672  0.189644677749366  0.301783229045544  0.609502107790772  0.815626509829827   2.58802670211946 0.117144626347455 0.620934853048247 0.978932555096179 0.383542926455523 0.928094811000236  1.11297374406946 0.529689469289603 0.736002107433618  1.36636972129724  6.01087745217456  12.8626146615452  3.42653302571438  3.67791638272017  7.91082669857366 0.642085462581033  3.23387125122664 57768
442871302599.062 1580 0.436607681458245 15.3775226970976 0.0102564946649002 0.0711748055977002 0.0924048632067428    0.1795293956402  0.291970837402237  0.577894648866787  0.778471727092405   2.42533487581893 0.115052077402275 0.612805281124405 0.956873083588585 0.383891148411518 0.997359639624238  1.08754376949972 0.538729268530017  0.74675696300442  1.36612674400944  5.92025865150991  12.9474356998593   3.4509346303168  3.37439094573237  8.11552383290857 0.518780854279578  3.43590836288733 57525
552561418664.943 1600 0.403180906467444 14.8807840695538 0.0100168480678612 0.0652022434656847 0.0926900185012767  0.169337871502291   0.29504592208895  0.563087255198406   1.06361039085947   2.21810814322518 0.113939165467929 0.601486803110573 0.928199461675538 0.376173022071257 0.988968058425109  1.08665847896384 0.532476906035394 0.781213428091907  1.35181774366701  6.01974125105462   12.894411037021  3.41275739591988  3.50542584465151  7.96514099696987 0.682866182621864  3.12249122031863 57979
