nan 0 0.72 1 0 0 0 0 0 0 0 0 1 1 1 1 1 1 1 1 0 0 0 0 0 0 0 0 0
9043492856654.25 20 0.664426531488557 1 1 1 1 1 1 1 1 1  1.00129775422125  1.03808210709581 0.968637040392713 0.985316315020901  1.03353743806761 0.975662787424802  0.97424639242065  1.02153376949179   0.388285093532939   0.505815583178882   0.146401104086074 -0.0260424119191779 -0.0760006590698707 -0.0705157884682017   0.123988549472035  -0.215538483326193 52266
24532459498566.8 40 0.634660602615737 1.15548868041566 0.896692759991309 0.901085369620297 0.915702155890933 0.941121545437939 0.968957537960353  1.01686065221201  1.16447936875914  1.19722300648576  1.03525300878014  1.00726207122372 0.974699307096198 0.982910676906817  1.02215391441303  1.02792057745245 0.933876132769816   1.0303700130579    0.255504948008247    0.442073430296015    0.382184284740957   -0.127109065339194   -0.366655242187483    0.491300087884478   0.0620949528573573 -0.00747941887215098 52113
8180634256048.71 60 0.666776977774341 1.26038466813229 0.816494370175433 0.844180822178792 0.896987113458569 0.950515197479539  1.02165039164464  1.07654417063653  1.13425401533295  1.29705806290513  1.02087203748933 0.999067516234748 0.945608533552461 0.989560845381279  1.02138498973862  1.07470123766221 0.923892442446945  1.02533485589712  0.577163856590636  0.633184186157421  0.432846030108291  0.155043456552989 -0.222979975664119  0.897540661241588 -0.200505052229388  -0.31038710046338 51828
6884387831904.36 80 0.76892326043509 1.34422239044283 0.744550059727824 0.772914509279707  0.88004729195472  0.93719215625379  1.01880704443896  1.08656428491476  1.23139260246693  1.34535269474952  1.11572322062563 0.974983400679053 0.936482635448902  1.08184146368377 0.998110375222231  1.04860837617202  0.98357911858786 0.980785022944684    1.0597518958429   0.60105999126459   0.35515494403576  0.901787907217775 -0.190671814264605  0.799405587220552 -0.566585661898591 -0.195847646383588 52615
6304606124184.35 100 1.00155040655645 1.51673039219142 0.703217661173618 0.801344348821598 0.880124619220489 0.905707190809782  1.05031795361605  1.06964881752054  1.23989012168116   1.6177318943015  1.17801703680733 0.975710228878837 0.938660355750351  1.09974638179351   0.9824791404225  1.08353179078265 0.990446062354771 0.981807222994362    1.9673504399656   0.75501841056528  0.123893079557379   1.51549732554785  -0.19826470976124   1.29572734160645  -1.08365485129055 0.0654525512576359 52582
1488795113267.57 120 1.21896555269748 1.69854487632998 0.664037837906246 0.745224603732619 0.852204509624126 0.928906402800412  1.02710475991132   1.1171900108567  1.26404157802571  1.91578548317526  1.17308515492405 0.937676200685436 0.923284447809743  1.13075083627615  1.02301714178005  1.06042202527274 0.968614020710419 0.950597603115471   2.51932399378888  0.957581264489544  0.548156929496654   2.46661133818559 -0.110945672789862  0.994186522014863  -1.08999838723044  0.053964570000834 52563
4686666949442.43 140 1.18168326018871 1.73289541064347 0.630857030504635 0.755713011458575 0.823382189882112 0.876773454355472  1.00945076854715  1.10697420229818  1.30175697723883   1.8944172972817  1.14298898469293 0.924334091172519 0.885181735535812  1.11363882379228 0.998957721133376  1.03878370519727 0.928119445697615 0.944072284337047   2.25424305041132   1.45338507179503  0.529647372018398   2.03018185703101 0.0896862578639996  0.610439724781241  -1.03641787758411  0.119529814494556 52294
3479165699383.44 160 1.26972298270069 1.76372338978482  0.57642527621236  0.68638949414941 0.779060066102162 0.850784139748983 0.954088704000164  1.01979522728411  1.35458110883954  1.79309774801078  1.22292723893088 0.891707850482483 0.865013108669656  1.14502012152147 0.978339662903488  1.01523520404863 0.922597141145804 0.946551222941858    3.6378478188017   1.17402249873697  0.429239013667075   2.92495330929731 -0.451914311499592  0.955194304102324  -1.36159943319671 -0.290973596510348 52399
1805293061508.4 180 1.44277127070761 1.98417788635749  0.52439346435012 0.658595406470758 0.736541166985246 0.798347775624451 0.961312872485449  1.03402676887496    1.307273860715   2.0645170817375  1.19742120840757 0.856741831299624 0.902143393828579  1.21523490800657  1.01393677050019   1.0012260550703  0.92249810616888 0.944631282474837   3.41348107615548   1.13469128860741   1.51641536483233   4.18094607156379 -0.766788255415563   1.33261956683213  -1.06294891681631 -0.801565073363652 52762
937788829358.128 200 1.60251623096892 2.10330187181901 0.495100918953454 0.624506081572543 0.686887315212313 0.789806653885205 0.984335471480245  1.09664878119656  1.36478344045428  2.19026644139377  1.18030638322234 0.815737308931231   0.9511834481649  1.22567374022842  1.00849225692267 0.981532412583101 0.908059140197368 0.955980853876295    3.6862464861752   1.33843942462409   2.40643145470747   4.74353666106669  0.232198433979685   1.64924450527167  -1.42436316322416 -0.577223965536468 53213
1184641229379.62 220 1.66536115756523 2.1727326886758 0.473206167915587 0.582954936574606 0.648008150590079 0.773542730623968  0.97678000247797  1.14500705128774  1.35111462893642  2.23389622089802  1.16493308768274 0.778000548009405 0.969286286627702  1.30311848403952  1.02579586225382 0.979945533363947 0.882094203443559 0.962238873116709  3.47996289324115  1.08012027129467   2.8044593230381  5.82623592444039 -1.01162270160034  1.85194929663125 -1.34008910064956  -0.8207334671366 53220
2181923196069.09 240 1.53108603724961 2.25473892287295 0.473346908396418 0.559469650156435 0.598337224127487 0.722902893095404  1.02747589824449  1.11099271568234  1.41758303362836  2.40642354910268  1.20134487368594 0.761380634333872 0.946587249844228   1.3259353257904  1.02019363118742 0.994074551655179 0.854407255344169 0.955071039826412   4.31450705847936   1.30890772995074   2.47651670587706   5.84424260053887  -1.20861813321416   2.21813486886886  -1.59869613405828 -0.549977392495791 52888
1245939928343.6 260 1.520670608259 2.48434049183465 0.444747027012371 0.529037776132343 0.553639791054883 0.694930234744884  0.94599589126191  1.11295170065951  1.32195579193911  2.74495538127537  1.15841009134787 0.725939573378919 0.916058425725732   1.2723393878257  1.01664510059378  1.03324618122625 0.862227804786807 0.933443214611074   3.91907712339248   1.21647883516596   2.37073436342564   5.23643098219046 -0.168230854950328   3.17099505023323  -2.27339893033693  0.146271034112197 53482
2058228798993.17 280 1.42820009185254 2.50092087292652 0.407165501611164 0.499916960191399 0.541689598391171 0.665098468639109  0.98400623761652  1.06859252204064  1.32970195764663  2.54665946878418  1.15858861709549 0.698166439137628 0.880079936253049  1.22619873411686  1.02523359412523  1.01622156893739 0.868444880409765 0.959534401791957   3.61949277009285   0.78968896626556   1.80844556095317   5.13255512137699 -0.426813571461023   3.06932867622144  -1.40460682149522  0.634458831672262 53484
727585418023.905 300 1.36534042168072 2.53161451703114 0.370738327140423 0.501618423161497 0.515147372423705 0.723288686369852  0.95596066654049  1.04195547344507  1.38178336419323  2.37608865510076  1.12218565358087 0.667701675171491 0.871134826980525  1.20320792829367  1.02455995126796  1.00038403745006 0.908830937445799 0.935301334891231    3.5490000710538   1.01433115141652   2.39906152770452   5.56558885406082 -0.888889755775173     2.607475128249 -0.430492058742541  0.585157222568382 54149
1084783840299.97 320 1.35329231536803 2.58530828555311  0.33634322279025  0.48612121688766 0.515080363255413 0.709448286080559 0.889743621886648 0.977547704649317  1.50062333418526  2.24805719991659  1.10581948379948 0.640393131839949 0.858755822160268  1.20249253384893  1.05059908345069 0.962307135988004 0.938190629927798 0.910702657081344    3.24948985375047   0.935430736616555    2.80971978359616    6.51809792161129  -0.998419723128338    2.64510174752713  0.0336484450519965 -0.0443476774844469 53721
1108641314046.14 340 1.32404615363906 2.62326862085689 0.311469083799693 0.461601192590249 0.489454479206079 0.654004522521616 0.869654685385105 0.917917899828572  1.70827611650977  2.14338641609404  1.06429502311755 0.613118958036456 0.899167766523725  1.24679556932401  1.02453743866954  1.02963115502675 0.907201302775499 0.913062239568771   3.45660473972448   1.03615713356213   1.55060191186936   5.15612739214119  -0.78564619084331   1.32859350221536 -0.414681585386459  0.353838731981634 53198
926408713978.007 360 1.23472747072431 2.92914865756459 0.288676486227519 0.428779654341674 0.472402502135245 0.636548183708159 0.798875746748503 0.951938633884493  1.58411473831162  2.47681880734172  1.05245261438335 0.584922930902728 0.861992584664792  1.21560866401628 0.999863290285129  1.03223633861714  0.89382127712792 0.945887821260925   4.21030533519663   1.18956939070146   1.89282015965419    6.0772213184321 -0.516673638664456    1.8993690535971 -0.147809550099527  0.579680248048529 53568
776140404096.232 380 1.17875345871495 2.99406516654133 0.264436467795177 0.393870406660847 0.489979835194446 0.668355458990453 0.828853351345929  0.89766146029735  1.51570749843745  2.37052120582292  1.02131718087372 0.556773805599819 0.864088947521175  1.19222824262616 0.964610571953291  1.01414141915646 0.880826950849415 0.933056864972291   4.03711381108907   1.22418225415438   2.68197407365078   5.84814863671094 -0.394497967641448   2.45097487786404  0.227975363075386  0.500192553746045 53943
1115985193296.09 400 1.08929801180554 2.98813852784271 0.251760229133897 0.393190345766497 0.504921074586536 0.637948654584977  0.77778217927412 0.891115250091135  1.42187361524286  2.24796000180099 0.996992782736585 0.535493343215562 0.856890712377908  1.15106931117522  0.95012109803263  1.04359965731243 0.870249358295775 0.930225899763713     3.74703363910844     1.06966801247775     2.16024298203794     5.76805731089201 -0.00842081788667828     1.50596530022414    0.266847479458402    0.941225148911011 54529
746105657251.292 420 1.0247719557575 3.05392293486272 0.230015368520009 0.393353024869126 0.472349422685317  0.60839256378403 0.774965513509182 0.890114802054561  1.44003805115887  2.14522575083961 0.961128909983871 0.512132888035483 0.870863294269046  1.13665700177491 0.939944223320972  1.13798128972474 0.865048162292785 0.938428871944792   3.74926976107563   1.19865482376068   2.74875562363024   6.59986126555708 -0.127717842648534   2.60863141512264 0.0938209679532377  0.281027767162961 54559
746364770971.727 440 0.984004414081722 3.30373353335125 0.211051425993283 0.368745354246193  0.45170788588779 0.615423493032815 0.833998798741608 0.902757195872073  1.35665681261414  2.30355355671925 0.931037656249939 0.487128913750559 0.840411838577769  1.11448661081601 0.934584495300502   1.1323886900666 0.865337163969578 0.970419763286723    3.82290939337698    1.16744141237333    2.83702633915925    6.41875969388806  -0.670023473333037    3.00845518706214 -0.0335413291129377   -0.34919147224162 54544
809633964961.763 460 0.938315137316087 3.40163842559144 0.196699419256727 0.344191295850333 0.421016637622506 0.647813920154829 0.843551051768607 0.881754014640431  1.28770976865569   2.2760373006991 0.893343329410213 0.468761475525355 0.811208391441368   1.1201850908151 0.923016639794414  1.10607367804347 0.850263537592575 0.981260740733839   3.80079006852502   1.33129618243664   2.93314770327657   6.06356236754025 -0.961394417245891   2.98520284230935  0.308807350487093 -0.570132302668949 54575
539601629777.227 480 0.91975857727891 3.50003112867405 0.179157366955589 0.321818535100947 0.427905436725503 0.594263662035519 0.866878654601026 0.890066848784478  1.21704545232911  2.19471678389853 0.873107208281246 0.448604487059632 0.799281598504761  1.08524871809545 0.893874570328888  1.07269610971825 0.841038202720584   1.0835441015548   3.90116221283493   1.20607780779982   2.76485453032847   6.33615534851502 -0.902202008453275   2.92266504637827  0.269716663009746  -1.25606377806504 53866
764877360469.467 500 0.845861587301758 3.53509089133279 0.165858819288132 0.329373210817257 0.398890156902543 0.563855785086447 0.861346933390065 0.999574344659352    1.219664849798  2.07271570659206 0.845246568933504 0.426913410659415 0.779575521130186  1.13119359736173 0.867443124742522  1.05495131990699 0.841753969818527  1.06942470228985    4.1491960742272   1.19080763249977   3.00219204958629   6.38691596317152 -0.923133348800231   2.87425573769601  0.717003422892213 -0.879728542765668 54202
687283932235.478 520 0.824754293506238 3.6330457224411 0.155950692780772 0.331507994089574 0.416323577878279 0.572616788850797 0.893351545974192 0.934998918085472  1.13848655080549  2.05839650349726 0.842094942321526 0.410350452092147 0.757021694244784   1.1927572390892 0.838169166846044  1.01331517902499 0.841031413855813  1.05688426258231   4.57764919659984   1.28531469106233   2.98041145661182   7.09538378005792 -0.968923722868943   2.78319141724438  0.596352173271496 -0.855640154789768 54886
585036417872.375 540 0.750559057418965 3.80610682111797 0.145414725520922 0.305099753958543 0.418176733041925 0.569813437428704 0.853927574764395 0.898268736048831  1.12969246493103  2.10654302455861 0.824006248287979 0.393827349603224 0.773236898110543  1.22484200617891 0.814212087077715 0.989620283901222 0.809480891075051  1.01053724428461   4.33012011829463   1.23997453813269   2.67529832530767   7.09586126261555 -0.821322709943312   2.69258995070687  0.522549508755409   -0.7531623493429 53798
673918255032.429 560 0.649638608055575 4.00995145379479 0.133309004159422 0.305602894960374 0.385020162785634 0.544574182987721 0.792006102587346 0.886552179047822    1.060319241344  2.14357021549499 0.807259475646753 0.390192386865372 0.745014665983678    1.226962803529 0.802426322117651 0.957621125230484 0.802097537404053  0.97252501459524   4.17406297659279   1.11909543139483   2.81493389225571   6.66119423485874 -0.725698538919284   2.73749728379002  0.762334022403789 -0.764769204314487 54373
751721174371.328 580 0.604537008442914 4.02225012947918 0.128319326984334 0.286524519845917 0.373935859704676 0.539077650255748  0.73369974793317 0.842888069614496  1.03403521296724  2.07601373169618 0.779477394627104 0.400800673452671 0.718077027763065   1.2112994110927 0.802558200481921 0.944330830490149 0.772819789571991 0.948240068592992   4.26809549573086   1.36510595494072   2.75099239536492   6.66117591601373  -0.71764168231618   2.38409661262082   0.64444863595355 -0.789440372143513 54586
744506366664.354 600 0.585112711698159 3.81478677581368 0.134163347687188 0.276038497290836 0.359332154933549 0.545475798219578 0.703902664338723 0.814856821319788 0.997182538644771  1.95242528466923 0.765601839868429 0.389432370989773 0.701651016588566  1.22031109613796 0.808444345403244 0.934901085373818 0.802007517177716 0.939229211607563   4.47350081215035   1.42795726220161   2.81864409493717   6.74999874113797 -0.940462230097575   2.30701950644592  0.503539961255575 -0.649095993521147 54181
609871082374.313 620 0.561313281728574 3.98149764048061 0.122902166722723 0.269986595782879 0.355225007434238 0.581853539369669 0.706086579364777 0.780411553208818  1.00751659496779  1.94828490096511 0.747532643331877 0.377793893572319 0.680552747999474  1.27149986331516 0.804169769877244 0.923719743066756 0.824174111503773 0.929016013651147   4.50010013816782   1.35194424674632   2.87295275918566   6.75914575820443  -1.09461461531231   2.15387375965236  0.769778032089837 -0.481486135778915 54144
634622227017.941 640 0.553233404998444 4.26495398410829 0.112775951831584 0.249114262515655 0.344104940477731 0.566832763675572 0.697775104600519 0.797851250065842   1.0038481808005  2.05137567232901 0.739338030254896 0.385059496283976  0.67810957480947  1.28223185239288 0.803037175556972 0.912872769473835  0.79650061512792 0.900958879871869   4.22570824841925   1.17738796742232   2.96399999558463    7.0223061249205 -0.839558458910045   2.02474378564208  0.733436475067275 -0.683532646800213 54413
574326952388.12 660 0.543838851680021 4.27782896730451 0.110341556352175 0.241835221067597 0.324307426589408 0.589775188574188 0.656787386045552 0.820931255474966 0.959979460906656  2.01923069408074  0.74740732211743 0.381979788964781 0.698152244722722  1.24960806225838  0.77441479108876 0.939511090858261 0.775732599441903 0.900018660358271   4.20452119664218   1.15777062210945   2.62175087852549   6.76895443464038 -0.944447539334364   1.80316308484953  0.901699568629594 -0.650377848178237 54374
649814066537.58 680 0.527729963460726 4.37246264456244 0.101664544356744 0.251037992604005 0.307321521246567 0.604659879596452 0.651847091186759 0.843865483495343 0.943594199378259  1.94366643187343 0.745137672534156  0.38985525354432 0.674544474648619  1.21287436043885 0.822587446962627  0.92286887919363 0.767017146992714 0.911051664206903   4.34839938763889    1.3664378616022   2.60652075603962   6.64345300249954 -0.625902293804206   2.04564607088063  0.760296836185213 -0.503284437434798 54446
615962185213.877 700 0.48946932793055 4.17576147528 0.105591993521421  0.23227616414873 0.330312428861352 0.594449244746816 0.656394297545103 0.801881710259291  1.01784751703514  1.84120589083641 0.783050726373792  0.38173121042819 0.667077693092533  1.19689952670092  0.85431737667073 0.891484767872628 0.756200109810751 0.894706567592062   4.43913090183551   1.38582434859796   2.52766000227132   6.44618617736156  -0.90408010758026   1.85827464705146  0.897613833371175 -0.607927756406481 54352
582000376274.89 720 0.485308141785396 4.2176727661442 0.100987584871374 0.216278048179107 0.311635594742038 0.578803396924662 0.732599121690922  0.80648631328027 0.990155672638293  1.79644427000199 0.785821062849533 0.367880319699641 0.662099572048663  1.16542406340984 0.875580757889874  0.89667046247716 0.788058120857147 0.857739767614687   4.23842055145652   1.31204479128294   2.49463658937881    6.6253550284565 -0.571814932556927   1.82118388637316   1.04323251643518 -0.695298733888942 54456
531544206219.383 740 0.46681204013368 4.25064819376172 0.0943574875671185  0.213982854450704   0.32543692448058   0.55511521548202  0.682323644626727  0.914087515829968  0.986696778275715   1.70485203527177 0.779455995569923 0.359945066777656 0.638909580641224  1.14134046817153 0.837921398123449 0.921088446718529 0.774462723685987 0.842145918165692   4.50723759491984   1.38620014271121   2.54652515238654   6.77806212575077 -0.661047572599105     2.191240825491  0.830961044548818 -0.864038910500481 54552
697419204844.884 760 0.4204065768408 4.35008815307537 0.0888611586900186   0.20016408424254   0.31569692578586  0.532171596297164  0.657271502753023  0.849935172065181  0.981850204341739   1.68154342644686 0.751893217136865 0.344895525432996  0.63106449381091   1.1198487098721 0.840238973615837 0.912121393835505 0.748307656590659 0.819987528224319   4.39485200871413   1.36140499117906   2.49602783605076   6.86787960987954 -0.547030407405601   2.15453608329452  0.856954890522328 -0.739343248472742 54513
566946737218.135 780 0.377038234328325 4.34774152665539 0.0859355905835631  0.193020553835433  0.304595936475314  0.492807024428755  0.642298943985351  0.846745978306634  0.917078572451833   1.62442812695533 0.757504417394134 0.340910158552757 0.611669086916754   1.0758034334702 0.863868662903613 0.898509846950146 0.724218429396303  0.79853959414796   4.38233854623179   1.40639152639733   2.51613244717718   6.80287333181029 -0.442645874743147   1.96445011709131  0.930697604261046 -0.729865945991223 54853
534557567161.875 800 0.360705966167347 4.23603770327386 0.0833584412546906   0.19160098451561  0.301497091205029   0.47112735503529  0.639252101086964  0.849275764802067  0.905374713186886    1.4957851555579 0.735350683054699 0.333701895410106 0.587803012565711  1.07067468393638 0.854002600116073 0.900324779634655  0.70592616717809 0.807837984510149   4.34753414317961   1.37910256589838   2.47251465565611   6.51814662407074 -0.377969799582665   1.88853303018758  0.977363533606335 -0.507338161477996 54448
706233440665.59 820 0.340508382866445 4.342308518859 0.0812062796226276  0.185264091902299  0.292607076983765  0.457047711686664  0.616168968848895  0.813802287488335  0.857500298405559   1.53119664008814 0.743481565694597 0.326338662948667 0.572678167889598   1.0352503850578 0.860516288114141 0.893604219256521 0.690352902093441 0.800192260558166   4.51293063490921   1.38880628623156   2.41692136898526   6.65460240985373 -0.324530530896053   1.89070702582414  0.963853840853884 -0.555839079748123 54459
479297654904.093 840 0.318626213944492 4.28111480573169 0.0796080417814049  0.174314774501729  0.292931905010509  0.449165407631865  0.596479322514261  0.781250967427469  0.882074822288568   1.45905173011555 0.801539755736121 0.344156511032432 0.553444541027878  1.01188191755373 0.835015135169605  0.92523892250787 0.695370385343321 0.827732734204118   4.32085872033468   1.30918855977596   2.51797041638716   6.79783371277968 -0.389083233482639   1.84431947469973   1.04791384226129 -0.761568188891022 55137
518710397099.984 860 0.28506051297178 4.38451116064462 0.0752809987416883  0.161528973119361  0.281935153603229  0.450391511082419  0.580748818517426  0.835442626036578  0.980589008590297    1.4471972612577  0.76801782308738 0.334996086062166 0.562613397127652  1.02734740248245 0.815985622788378  0.92061635386073 0.693831937932008 0.834412940954724   4.33346519611975    1.3497172291629   2.52098937995921   6.69832637839957 -0.393554319152199   1.78597581474316   1.05601470379534 -0.805037709473394 55364
667531734271.237 880 0.273149804012444 4.61384404573662 0.0708695639867128  0.167841810121192  0.266947486756755  0.432514287459185  0.583505337615709  0.783721453845283  0.951025181894243   1.50863987431309 0.754855752042606 0.326034107164356 0.578423356681354  1.02405075236784 0.787337321974027 0.927254731796654 0.709942321482466 0.837606306211455   4.38297255868405   1.37119596628342   2.54318003410546   6.81434146675877 -0.436773936034778   1.69049751619008   1.14098645725323 -0.887800527658207 54998
506494480403.972 900 0.242314472146529 4.63546569671153 0.0678053680074102  0.163594964898275  0.269142289970115  0.440969908860681  0.580980937044659  0.765717614686301  0.999480997020841   1.45697070816729 0.745801790913158 0.319207645492225 0.561469830804354  1.02108857441023 0.786485644447838 0.903194325826681 0.686538450094997 0.814957755243784   4.29216537945355   1.34529334675102   2.47000326407141   6.73215603710772 -0.469700629971131   1.66485995951047   1.15246343879221 -0.851767712172239 55151
568112655762.58 920 0.253330258102522 4.68573703941011 0.0665637208496977  0.153144304009007  0.259547879003168  0.400576748990761  0.550401599058524   0.73749652577478  0.956582332769462   1.46148181492802 0.740107710819843 0.314695553587298 0.537698002840565  1.03927340978759 0.797805444712491 0.924511734508822 0.675132942500183 0.821302143820912   4.26043481934035   1.32377519128333   2.45899358747271   6.65151033463146 -0.612807559735594   1.53478113700102   1.16906894516756 -0.932700512893837 55333
516403043541.969 940 0.283718397192941 4.72119674945724 0.064783792866285 0.149220963352246  0.25490283099037 0.404162289679419 0.600749117287724  0.69496764403208  1.02476038907284  1.44401122668309 0.758751720250232 0.314843247103875 0.590556415251522   1.0723169827264 0.813721671483197 0.917184874692723  0.67873052605856 0.896017570992528   4.19794416321344   1.33352718979115   2.60255284354935   6.75105595596654 -0.689014492125255   1.62512787450114   1.16496534939249  -1.11992533120991 54789
650534065288.233 960 0.305885311120257 5.13338580091156 0.061013454289379 0.162793141985417 0.240756760509794   0.4367347594169 0.643700894456701 0.721359622671658  1.06618088911272   1.6078051793628 0.749718112749163 0.310415710050038 0.573100852321122   1.0780610453158 0.833307329873373 0.890476020979162 0.673359859462661 0.901828913837918   4.19391829826984   1.29817506731251   2.60014278238078   6.66942145523424 -0.498431174875444   1.76177644085784   1.07740239843767  -1.17744579836195 54455
457018028686.56 980 0.292229751564234 5.04660949810211 0.0618108724356505  0.162020843329326  0.229710007190954  0.430752151350131  0.658538257555255  0.777785826720969   1.00831911848939   1.57421582904619 0.737699557306105 0.301340115192702 0.559395129363511    1.067535691077  0.80995770417208 0.869563698473558 0.663864464439395 0.907598102341302   4.37072179679723   1.31371606936594   2.55314741744422   6.86270849516715 -0.443472930564398   1.64920117645888   1.13383401917214   -1.1279729433306 54484
682049366944.343 1000 0.294860418581723 5.13354420196957 0.0592389128163067  0.152002953260664  0.231004872599348  0.415395685639796  0.628627063259064  0.793761607046399  0.923014196754318    1.5611394237466 0.734873844316866 0.299454731288175  0.60683608019396  1.06581300488062 0.786720094590926 0.890268883147238 0.646027520978797 0.870019718458405   4.40377243277836   1.29229296705294   2.36976538689721   6.76631928681458 -0.509632608777717   1.50204810832916   1.11121633017216   -1.0590224381102 54506
546622277969.086 1020 0.277258634114002 5.14524016794694 0.0578588382876624  0.153902228395474  0.215222229613267  0.454933199174442  0.577620202857141  0.798378316265445   0.93007239175998   1.53172574629818  0.71004518858768 0.294555022166015  0.59698322257268  1.06829961401724 0.793744255847248 0.867839546288701 0.623341514253394 0.837941131997228   4.37953724796053   1.27412253096835   2.40348703592955   6.75707647155577 -0.647538016180363    1.6130380599803   1.08713906075176  -1.07007393155181 56550
450338879234.583 1040 0.3117119661481 5.27958889897656 0.0535947185138643  0.162183631065176  0.204655087238641   0.43798198670868  0.575433039391594  0.737543239701656  0.897161224674478   1.49390234284588 0.707573854869945 0.299552559332181 0.622170043531444  1.04694840183735 0.861441474468117 0.922173664128436 0.608214853252604 0.802361666978169   4.46960386045771   1.32371546729961   2.56977003443732   6.67680427878497 -0.834607139733982   1.73869054919674   1.10090198423751  -1.01408713533081 57786
481783964030.302 1060 0.355701767067995 4.98399794794175 0.0551738205970502   0.17035155555651  0.207217234295799  0.415081186126503  0.678816592637442  0.822011689917027  0.960601469491162   1.37053069955313 0.712825795775701 0.288872943279607 0.615522982295989  1.14727272025973 0.849631361182126 0.925658108450782  0.60116398492067 0.822652145481995   4.33659108038495   1.28942053805106   2.53229036759824   6.34552720494759 -0.654582282599789   1.67299695047951   1.04546128682503 -0.826413839829014 57436
469207028152.144 1080 0.363841507698028 5.42456398373422 0.0554014954511512  0.179797586907958  0.202904048999766  0.393773114225244   0.64238625896385  0.791566475698969   1.00747496599617   1.63023855550258 0.703403511439406 0.278273800014167 0.637701017914004   1.1430196145641 0.825585610058758  1.02013605487496  0.59408335474668 0.827013530349167   4.22579747731135   1.28718541401433   2.64166721337068   6.35906470220428 -0.738085955770821   1.85309272651912   1.02620318410933 -0.972354377079026 57271
524521790149.571 1100 0.394299618198528 5.61768285952873 0.0513797089588124  0.180612095321106  0.190763958939007  0.376843525492701  0.643072318538341   0.74616231892307   1.23423150228348    1.6214593885095 0.696596994967188 0.278335547785556  0.62754419418763  1.11714997771214 0.886745603738182  1.01485110045465  0.60134621748788 0.813210599973354   4.26138139748929   1.22835176002867   2.53450307052156   6.26326468869069  -1.03084699393427   1.76603038589342   1.01375568102597 -0.992473384356829 58070
680700547863.651 1120 0.378934434189649 5.4936132896631 0.0502501477004225  0.175706182590147  0.190675886235097   0.38946659086138  0.658167848315458  0.832047738698653   1.23086996642757   1.51653875312953 0.686943671579116 0.265942981120861 0.635282400300171  1.10274886857317 0.863929919786236 0.983918679574338 0.621207538385219 0.779621956116512   4.38555025176578   1.24147189036342   2.46490696246071   6.43595647232027 -0.865244401388272   1.77570862569185  0.851296123987377  -1.03044041201329 56997
549291158189.025 1140 0.379004551113139 5.66624902919955 0.045933085367632   0.1632220434478   0.1797329116581 0.404416009520267 0.630609602674217 0.817931031152845  1.15384645878545  1.47474500431701 0.689108742520574 0.260227756182993 0.625394651456319  1.14904058637983 0.857974988544118  0.96158488776661 0.614758206152167 0.767000402504771   4.37714520333839   1.22904924762461   2.55882930358599   6.23748997939499 -0.849732210888933    1.7353861419182  0.971477417055223  -1.13536018458233 57791
645729397496.697 1160 0.329419079272602 5.80791891789214 0.0451863262012199  0.156504255340358  0.193989554087121   0.38836529763491  0.646666419661611  0.801683151653498   1.12436928759645   1.52422163797175 0.679724018534129 0.256822856332554 0.612155519204407  1.16314255289173 0.828471955391251 0.939887828414534 0.613520767177733 0.777675367729376   4.31438321994434   1.26293623316458   2.62108063517347   6.23455034365393 -0.818861702153718   1.81249810742781   1.00833581049898  -1.07503966251816 56691
711267719990.22 1180 0.300140672111232 6.11234294069221 0.0427299020304537  0.153480670100919  0.205471156878681  0.382989852261699  0.610805870594554  0.733945112719865   1.08071615589963   1.59642059866406 0.666308092117288 0.254033679996853 0.597608288559494  1.14207304838045 0.820425923692434 0.938751471298684  0.60102993338179 0.768834383960097   4.36585879610724    1.3060746333918   2.52647660459742   6.11815083257475 -0.724642388082027   1.71834225951012   1.00171862656355  -0.91609650260423 57794
700191667914.602 1200 0.275520154311653 6.24316098208118 0.0401824380352379  0.142107587225545  0.192648907131747  0.360511916301675  0.594104183068875  0.730772495644256   1.05014162309132   1.56619325999934 0.654438152040875 0.248395906233449 0.602226052297267  1.13395770649754 0.798920952179266 0.948461939686633  0.60946796251119 0.742927911151471   4.4608100698969   1.3288242985548  2.62227737191037  6.34189827198628 -0.74010731565193  1.84221655141012 0.986268622765424 -1.00651768721667 56981
620592785987.966 1220 0.291412358945936 6.52316244027652 0.0368826000249317  0.130919488816844  0.202133789469015  0.338586336584895  0.548831071450911  0.719785590794315   1.05321963770835   1.56941542178226 0.646555685690351 0.245044225605681 0.583212492217528  1.16713769749849  0.78345580884019 0.915915560888685 0.647224985824788  0.71420052844931   4.48757741108851   1.33698237164138   2.63420618580084   6.23551917395071 -0.804958551658593   1.82019727203446   1.14637651064446  -1.03364620460984 57248
588697197830.834 1240 0.310436835064199 6.86464326798301 0.034207656978898 0.139947801755245 0.223152322623629 0.325700287258548 0.506724504877783 0.732625189296523 0.987778664160005  1.61197861244787 0.637144058883788 0.243696280642702 0.589055245035963  1.15554713914766 0.914593923562327 0.943072176264155 0.641912921874559 0.749398608901036  4.47851367433928  1.32819639454913  2.74895285032395  6.19730138938144 -1.08493607489689  1.97828287955185  1.05342055617123 -1.14103493279123 58420
479135319806.512 1260 0.31881549291148 6.99142118542969 0.0330716704439978  0.142034968604262  0.222151880275759  0.327485191751121  0.481720411731359  0.825449791939293   1.19867717016925   1.61654226550474 0.617188123457556 0.235305611747173  0.59845422730889  1.12311227542753 0.894862277172406  0.99198112742782  0.64931909633762 0.744178552553573   4.49053010999479   1.31399248937812   2.76237999919797   6.16347179773691 -0.970304978076098   2.22289994262545  0.962277714854124  -1.20028080994371 56123
517721156778.944 1280 0.349123343313489 7.14114280261436 0.0308144106599085  0.133213338186295  0.225049624260585  0.314589196554952  0.466565003351775  0.854379286930221   1.22002051823228   1.57140923710923 0.617950917927481 0.239008521118914 0.594839078671094  1.16146089996387 0.875840080383131  1.10976309489113 0.659187180394226 0.784293296125309  4.60572112437403  1.32149948884982    2.728918812258  5.99611493667672 -1.00040064601002  2.40736753610753 0.832098795251515 -1.06213027508047 57436
554657208822.408 1300 0.371591609618038 7.14464689838784 0.0325760467203031  0.132605043922982  0.225207838612543  0.295906083767317   0.47159978485562  0.845857346930271   1.52349869666953   1.66287620664652  0.62871989667225 0.233257591542181 0.606743044044149  1.18168462293487 0.875767288562488  1.14042689366134 0.712703777157447 0.781604937263985  4.68788232251765  1.31898422450419   2.6379259484733  6.07859748579916 -1.05253282421595   2.4743697763298 0.656051075472853 -1.10455223423795 57153
391937618357.805 1320 0.368783668018109 7.45285483854123 0.0316593468206728  0.122106766290322  0.224025829019369  0.293092564253802  0.491444166729714  0.913068449339887   1.56669130347722   1.75851985156139 0.645691311165571 0.230971200592022 0.581513690443529   1.1686201626746 0.853806112746418  1.12318533650495 0.717974319551602 0.762638234117309  4.79736861927486   1.3430332904474  2.64350468317708  5.94155719018162 -1.17139478252413  2.48958016844913 0.672319454185172 -1.04723012891207 57422
671469093540.43 1340 0.337367575238082 7.55422695577403 0.0298446978983795  0.115905910886919  0.218633220556083  0.272171522035531  0.497592619881354  0.847176292213074   1.57727851241958   1.70312782368562 0.634743771269363 0.224338828798685 0.600364987888641  1.19947264246525 0.866125356601218  1.14581721656352 0.725810244660071 0.799899062798706  4.74632707499696  1.32439585295542  2.65596275940426  5.83913076233417 -1.23959100709422  2.59430346920478 0.655456429936025 -1.05377303681782 57630
854795987375.337 1360 0.344702334380349 8.27270139357266 0.028091063031392 0.112459351640546 0.206271151288064 0.256446894934461 0.468840203450376 0.887290832744955  1.60022544794987  1.92248460797819 0.636478160203954 0.221861528028328 0.578055242619312  1.20828350414998 0.858792949050312  1.20135287606222 0.731995656780604 0.786641913381287  4.77828482464556  1.32747356701691  2.71491860105646    5.586680259523 -1.35763462565701  2.85442700369919 0.580153621280337 -1.02044242097127 56421
748422137887.827 1380 0.308501520772985 8.72609102973846 0.0259831110988486  0.109502687885611  0.189890187710905   0.25005662000069  0.466585302197108  0.840341370180477   1.72298651905131   1.97847528142669 0.629472115099622 0.212780167947776 0.557290643680501  1.21380148390155 0.844490452046161  1.16308539872922 0.731006953907214 0.775358927203286  4.67275203907573  1.30420757183331  2.72925034626605  5.85673906479285 -1.39045084636849   2.6774538573495 0.702595369904114 -1.08188977670494 57323
484079818037.36 1400 0.300954414346558 8.66633853355042 0.0251156628874847  0.113939040895406  0.187092774972348  0.240747065698825  0.441476373662494  0.826562934878628   1.70562549579957   1.88632249960933 0.632505414606125 0.206508237428699 0.538368936345349  1.18609992682762 0.832430914681626  1.24260241182388 0.730969284824167 0.759391637164949  4.60693190258986  1.30021683199587  2.68560934824327  6.02185774285055 -1.37774825202203  2.41617641214465 0.755677606618203 -1.03699845096505 56856
668855539775.23 1420 0.302887130139882 8.85882150521469 0.0264608510355497  0.108890325105308  0.198331876946105  0.220375179019687  0.418481075315481  0.797503271623268   1.64072037750521   2.07661367866409 0.659072213405669 0.204430093605243 0.530959914201641  1.15501043749316 0.835277244185644   1.2013551932324 0.730201524551999  0.73237524227901  4.50767742986756  1.31973525719191  2.68710822035778  5.87778582680608  -1.4784163575254  2.44956050868659 0.822883639542018  -1.0364661181783 56858
735099520340.565 1440 0.28754104769024 8.52634166759733 0.0268549625791441  0.104821609634537  0.200088047366906  0.207807893179138  0.441288191359202  0.832099615138646   1.53736964751015   1.95231555701647  0.64272059114569 0.197196760295819 0.525030601630807  1.17734145137104 0.852263343533302   1.1461095548062 0.710904358080946 0.737922156989613   4.50743680326963   1.30400451734124   2.72779579321362   5.68012682705729  -1.49370416951894   2.46381221490413  0.801744513333512 -0.932484139980576 57772
422784127190.531 1460 0.315654283887182 8.45528557427469 0.0252404703613831 0.0984551749725604  0.193001144086811  0.227473470469932  0.423336198296752  0.858144709636507   1.57346118739343   1.80448802556505 0.626171722051458 0.198936905637077 0.531374372797581  1.23238629808548 0.859223829075921  1.14138447027843  0.68632485867693 0.801419211270225   4.59789725973214   1.31456336347899   2.68888117519153   5.53983961596266  -1.55357548103036   2.54260597506649   0.80045556506013 -0.732965934406664 56469
919553232092.735 1480 0.378007649565062 8.41495956828409 0.0275031423156317 0.0997651907084014  0.184031980687943  0.237288892192037  0.409001731881169  0.829980461566309   1.65202890466094   1.94753998695934 0.628926115892886 0.195396013535684 0.532663280238298  1.27169739936834 0.971390638052447  1.14107492749899 0.686052513558006 0.828931362330093   4.72506767789059   1.30029704188204    2.7802349198792   5.29056400797459  -1.81545020962023   2.76765671463785  0.874171275441736 -0.911646118028483 57560
652671771267.325 1500 0.38370243075753 9.36800112648543 0.0256912180269185 0.0958397546236236  0.191189478554058  0.228270436457167   0.39294445620113  0.984095667035277   1.56544107467513   2.25464703813532 0.639634821358662  0.19109846051896  0.52830312988449  1.28549380825204 0.992166863062576   1.2064352443532 0.687894678894698 0.850115316908059  4.65180148086581  1.28595967120104  2.86636429594031  5.34320670210959 -1.80495583672356  2.80608684213203 0.929684266396185  -1.0931959383325 57527
516905184666.544 1520 0.365627782967309 10.5086540309707 0.0239090769446898 0.0885633852237934  0.188340673510172  0.218088675182521  0.385585218274445  0.948528400612587   1.51968801743318   2.64032263149625  0.61799590994068 0.190913004863085 0.519685629424633  1.24544052397228 0.994647842434656   1.1637616729686 0.688911384808715 0.827019544956182  4.63536449821823  1.32052537374527  2.88212771133144  5.54273075095898 -1.59432356558367  2.69985289850383 0.955939671370663 -1.15311473200847 56459
574120260224.653 1540 0.312834620270355 10.1623081435728 0.0242180731172769 0.0954344268315993  0.190523693855046   0.21062203968577   0.36714357178825  0.924212715263609   1.42857211675351   2.50106112080619 0.598696911914741 0.184684946914013 0.507391130055018  1.22934052496309 0.967521820115975  1.13763708616628  0.69277165248225 0.817721690365283   4.64952198965036   1.32092444223447   2.79909973194916   5.55422733427509  -1.51001240559964   2.48873896677347  0.953690520743462 -0.987347406441566 57912
597578690500.714 1560 0.299774091652584 10.0527682246516 0.0230327659125671 0.0877125059720698  0.178323235226693   0.20661932327842  0.342754066216328  0.920138026835613   1.45395973230389    2.3276486889806 0.594562951079066 0.181556798982171 0.485277651184235  1.25507937748677  1.01317014869566  1.12155226575728 0.679399887796965 0.812040193072136  4.65820053254389  1.32585490128758  2.76445210175635  5.41082634502223 -1.75422625699001  2.67053510497773 0.836419504206213 -1.07943302176229 56309
477431262707.966 1580 0.272582177651932 10.4859943000703 0.0224711092109272 0.0823954869886496  0.172186994456404  0.229994793351827    0.3332315253503  0.882217979282737   1.40924044311696   2.47083500256259 0.580467044841984 0.179130496901769  0.48017655335919  1.21500209840498  1.00137952566511  1.12688768618134 0.681494625419223  0.80720688973064   4.68143155833576    1.3262792413456   2.71299252389944   5.37520274309724  -1.59286275574951   2.60313108326705  0.753957829324579 -0.960244684734754 57437
474316822524.917 1600 0.259333115428947 10.6022451804208 0.0211912321847396 0.0773401925589858  0.160792310752877  0.217684857214392  0.318983082096507   0.86818445025011   1.41825230886875   2.38205561165823 0.578143348542908 0.188805100423321  0.46591295929381    1.259098674416 0.970163277264171  1.10382582286474 0.675785040688925  0.80512977912076   4.74866535105935   1.36712907225315   2.72429045246175   5.36875892289961  -1.65562864340775   2.67707765865555  0.715563786780135 -0.905726541340334 56999
