nan 0 0.72 1 0 0 0 0 0 0 0 0 1 1 1 1 1 1 1 1 0 0 0 0 0 0 0 0 0
7776073844475.16 20 0.775133499664537 1 1 1 1 1 1 1 1 1  1.08498736844088  0.98989734026005     1.00529315378 0.969519719237313  1.02119170962908  1.08489405282768  1.00417558051499 0.975084438959689  0.742543779966239  0.368245165023776  0.153932017793882  0.123920064967118 -0.515389853206203  0.622112238016043 0.0617950264364922  0.270652380641488 54673
3606495896306.62 40 0.827605216312592 1.31048583570114 0.897234398748278 0.899169333431625 0.922199937593346 0.937294383933182 0.971750588555075  1.02392752024917  1.09420061197619  1.54088624375021  1.08588035615153 0.988112576585184  1.03706815616805   0.9940876941877  1.00812805569115   1.0931702922592 0.965748198069944   1.0038543774947  0.926671228774351   0.63640813231173  0.302500521954699  0.727267534562859 -0.491484226016018  0.901691817885468 -0.010036726760216  0.355930196755802 54195
2865126519492.58 60 0.90917926275751 1.41923595481492 0.835159248324228 0.849470562023939 0.888904034121476 0.929760664634065 0.975507867723548  1.00066480993544  1.20928939367766  1.68220339355477  1.09505985140717 0.951127342926248  1.04175915996185 0.978988911342289  1.00452300066641  1.19758336657684 0.965320137036396 0.972866122731954   1.26572165263921  0.622484016790962  0.290053146317736  0.924737577989761 -0.332591865606297   1.65555011855553  0.458972658608224  0.320298156704101 54868
3908555356514.02 80 1.02446441444159 1.5906732410725 0.785943837865558 0.807173089265208 0.843821005563448 0.894337376135556 0.939804945997982   1.0020636801492  1.20729303494356  1.98862760509774  1.09713317759361 0.920527460848294  1.00474863228731  0.98176773126849 0.998126921441551  1.30761619324127  1.02532320081644 0.940310886974276   1.73053905729196  0.808761344053494  0.171980757297817   1.28531132304231 -0.532591422503754   2.53577437239025  0.185673568731927  0.209586073592737 54761
5538222288937.66 100 1.27378578733148 1.81302378063137 0.722163286540972 0.749397498297678 0.796578883647438  0.84120653383716  0.98083166974128  1.05942917610189  1.14265174274361  2.37379060731373  1.17021685249463 0.900406129247249 0.981628099470588  1.03534296506736 0.966340286425541  1.32031175923503 0.991996424969554  0.93165832259876   3.17222022083014   1.06377812595632 -0.408120514062571   2.05414945833121 -0.154692338691768   2.85013035878258  0.466986514749484   0.34187235209233 55216
1795282722692.32 120 1.48175026060316 1.96001531413329 0.674335962494673 0.727505519358993 0.745027610488166 0.829941619750631 0.986943467743816  1.02741734809028  1.16300724545853  2.59056951501127  1.19993542611119 0.860788706756153 0.998226553965261  1.04533579475975 0.965084497804509  1.37190409106942 0.981543701120992 0.945025512041446    3.9443365249811   1.08282534275305  0.576812551553917   2.74106029782636 -0.401842840786557   3.51542189789738   0.69285586465697  0.117805251116005 56032
1236824949547.5 140 1.8990411245096 2.13904613037893 0.633235803779826 0.669161215723548   0.7653262444022 0.802514294324097 0.984264489952574  1.04878144143921  1.13933005162167  2.89738203873487  1.22558893177706 0.826923209879315 0.993130092502434  1.07971050192511 0.964830434104767  1.41470625280789  1.02689702141105 0.949454770312673  4.53775717538309 0.865532743027243  1.49974220020121  4.10915562132989 -1.09419309822686  4.86021534383158   2.2898407553071 0.154198501696893 55184
1702554680180 160 2.27681027003185 2.32559876836756 0.590654145413982 0.633256788640595 0.785644666558454 0.851251786968904  1.00737858335266  1.06678869085987  1.09675154439662  3.19449956890264  1.18491531347992 0.785763362240855 0.958591205127762  1.12451012275582  1.00904291210386  1.40367744024821   1.0012665413971 0.957288392884416    4.67810217049054   0.941423024479916    1.05816350363314    5.56407187347477 -0.0224277365736226    4.41222180108605    2.87876689459633  -0.734358766937548 56713
1166087658540.44 180 2.2112236268884 2.36698940769527 0.539411872921454 0.604991299300423  0.76081881164313 0.907358867573876 0.972460463508532  1.10198616243519  1.20312478901277  3.02212991869386  1.16000924158845 0.747060755279635 0.938784480511894  1.11167586569103  1.00450428092745  1.40434326131186 0.978323314678693 0.930723696854602    5.0663478370283    0.7828521796988   1.22205864268516   5.11050358622817  -1.37285956823379   4.66212097982711   2.76726079721552 -0.847377320158911 56631
921932696511.481 200 2.00132484003429 2.48202583226913 0.491366554005273 0.580273049252198 0.720798656970837 0.881692378301177 0.926925644244085  1.06055495395602  1.13678127667699  3.02704018437714  1.12509669636546 0.725386906896992 0.903597196413029  1.06948368943413 0.962609110974246   1.3790926934006 0.943371887601583 0.913042737462529   5.33646196007939  0.873239021347186   1.46894812581339   4.41517142098368  -1.10437798969178   2.98769531186531   1.94294220718022 -0.922766998725557 55547
632177007252.835 220 1.87511487553322 2.47403111113908 0.458860609554205 0.561142796483103 0.657105882433681 0.825218776633777 0.900233275198756  1.02741493574107  1.06583847969419  2.80860775673397  1.10135844526932 0.692330439556664 0.914133117926889  1.02957240177713  1.01148005900097   1.3295412982366 0.955319077813767 0.908102034571908    5.5039441308687   1.19947393832651   2.65548461758092    5.0150626024299  -1.80418693141495   4.14197580046449   2.79506301191193 -0.863985452956849 56794
827816616444.192 240 1.85325139423172 2.53168755296689 0.417837268875457 0.528812928710156 0.658155470020848 0.802363011372142 0.907192841804753 0.973417170220953  1.15014399415048  2.67810368424172  1.08843418677181 0.667409565142242 0.898202408316047  1.01529585811132  1.05897956492197  1.29922457562342 0.962007836330508 0.949232476642428   5.0657740850423   1.2225410368256  1.96636489981395  5.04777120015594 0.232874739866364  4.08193876948059  1.33724909299964 -2.37863987436417 55708
1316091631584.63 260 1.78884560577215 2.53909351416881 0.389394600666955  0.51900485807815 0.615631868566233 0.807520146393605 0.862546387507294 0.928761675448438  1.47035642068062  2.51042538373864  1.06922549085927 0.636408028944502  0.88012150936001  1.03602689538535  1.06014684492684  1.26666345442165  0.95255025172289 0.924212922302762  5.77458090942247  1.12826922062535  2.09173461857432  6.08614433683355 0.952225772829254  4.35486595661047  1.96031799297174 -1.65663663171599 56071
1406047299141.66 280 1.78739348674732 2.60545737748603 0.355595705045614 0.471848857337548 0.591114548687246 0.758580080511193 0.849417649924893 0.963975607338642  1.48163184657015  2.41392878077742  1.07364022365739 0.604262397529669 0.858315890564541   1.0274440985754  1.12965933131322  1.24485609294083 0.953502667012921 0.922544063827863  4.29465536601282  1.23386676536446  1.58265399987815  6.04899750461942  1.96656523571457   3.7651154220377  1.63121243050846 -2.00659022406184 56338
1558364762528.98 300 1.88325879435895 2.74886948062845 0.326931922631057 0.451006752479821 0.589333781973762 0.733119755709144  0.83600591365559 0.937236295183827  1.55221101269678  2.47039026694615  1.04184248508553 0.576029799935973 0.847082675491204  1.01839677862606  1.22620208087797   1.2193417910589 0.923323724012751 0.889974434865417  4.10995069028952  1.24223209652203  1.80003605247106  5.77163738676042  3.60819548686707  3.08099177997066  1.87843935569688 -2.40697687085563 56253
976768130879.633 320 1.83416963275322 2.84117232849333 0.296392677205179 0.453327808529347 0.572672182236637 0.696282095719453 0.811242556782015  1.00781310102815  1.57658505925394  2.39255881183298  1.02645032291462 0.549293147900284 0.837387503335863  1.01095785463196  1.23842211480359  1.25805751513596 0.907441175098676 0.862606136419235   3.4272643162752  1.23365190625551   0.8890261331735  4.67454824688917   2.9205732906049  1.80168617650192  2.13403838622772 -1.82649864304535 56266
1715127676387.31 340 1.84863644525467 3.06444310039443  0.27424621423381 0.417743552834296 0.545850602912437 0.652515408586199 0.813020698907303  0.94838542335569  1.53535731345015  2.57539450672423  1.04778102640019 0.530427828963558 0.836096436140089 0.998762537550725  1.24156973557733  1.22870475904806 0.874948075742676 0.858742505387326  4.97766141095305  1.07150365065921  1.88462012437292  5.45757649548942  4.11397131342088  2.64997559285394  2.18759236479903 -2.87423769565778 54664
1755129421766.62 360 1.96225883669209 3.08578093452686 0.261780738735953 0.438466516347028 0.493066721468543 0.661236485261652 0.752805228295493 0.900225740174046  1.62969710041047  2.49268770628458  1.06473226542664 0.505088866489547 0.814624073632411 0.966554310800062  1.28789795562897  1.17377036870459 0.871295840631956 0.851660919263605  5.91679687445664  1.23157862746087  1.24463359612103  5.19056045765769  5.44595176274686  2.80762028427855  1.33609074616627 -3.38897119210441 56638
1365708035951.59 380 1.87089124905004 3.12981571452806 0.237856953501989 0.428219356016665  0.46148561525909 0.659082665382311  0.72071217804305 0.889895796910313  1.78027100028724  2.32998639762491  1.05156679379487 0.486827481979434 0.793246088024039 0.937528216183309  1.26849012207509  1.15056876429073 0.851631732582623 0.892728778871381   4.9054451541825  0.98161959889681  1.50790179941993  5.26698532018646  5.08004265385711  3.34439953227591  1.16786847519693 -4.41234889577422 56440
1440300933565.88 400 1.8423601172724 3.17414817800545 0.219925317688705 0.400708160941077 0.444999342614082 0.652944214261158 0.709497897852142 0.833390839308604  1.82884818655333  2.21579522383911  1.03375165409924 0.466341421585331 0.778130034901623 0.911359695100821  1.30735067393481  1.16800495698136 0.830550030135122 0.877641686850339 5.61608811018896 1.21173559800116 1.69716759758912 5.08726077348688 6.26394337005135 4.39333035078018 1.11243290498432 -4.6765183270539 55787
439715504040.779 420 1.63737623740918 3.3154593455562 0.200828680855722 0.379088619338432 0.430590484697914  0.62039468113883 0.680189261098709 0.827474392497046  1.90951995783453  2.20756321867402  1.00675920351281 0.445290857126637  0.75459736888454 0.904239615466926  1.27164749542395  1.13390738324753 0.826566587119068 0.867448626442806  4.95797912099685  1.32593410062567   2.0871414396896  5.60377535912447  5.66978258513166  3.37632132675085 0.539015943423678 -3.87075548018583 56427
987457105329.643 440 1.5108409331451 3.39173226867136 0.181470033996867 0.369475804303916 0.426278430879179 0.595582520456964 0.628136737883481 0.831669291275592  1.81721079451281  2.08760364815721 0.996751910024239 0.422883897988598 0.737391887849548  0.88344440800376  1.31805643511009  1.11307255842776 0.813532583082716 0.877558421338541  4.42288686463876  1.32866159870502  1.78797005346945  4.95792202079716  7.08378493781635  3.21903152790586 0.612707676409621 -4.63086465883666 55541
1369286766572.14 460 1.4609537261343 3.718881509862 0.163934534898038 0.351640858631345  0.39569132292832 0.560892202455516 0.617919297232251 0.830579955145692   1.7168274607189  2.26722768066385  1.02029083776052 0.405876253964699 0.724052827016341 0.847075145661156  1.33901350379295  1.09749736765908 0.808625212577981 0.847391863035367   4.13112038088115   1.14846700506599   2.02135498543466   4.94894522552105   7.79674292766366   3.81374322064228 0.0844755315997243  -4.90593153043756 56564
699312981607.241 480 1.34108615244373 3.88871307813252 0.151135506167781 0.327361692407518 0.396356552512481 0.528519676135976 0.661850456041592 0.779688223544222  1.68652632196811  2.28548463639385 0.995044711030077 0.387231880459719 0.734859396152238 0.831951290570398  1.30549611304971  1.05448190326805 0.779323724242328 0.815382840952407  4.92087468067776  1.11350219545693  2.46868097354415  5.57007670068085  7.90254035700854  3.74097204768935 0.471511155990243 -4.70940230454856 56395
848940335900.613 500 1.14770166382856 3.91246959214754 0.139110406429107 0.312064309888791 0.381454165350374 0.520214005142827 0.622680690819117 0.784326202957859  1.57139965518249  2.12942118241199 0.966904296837427 0.369838797040608 0.711478694544681 0.821333161275538  1.30683205393033  1.01322186055473 0.790938071189791 0.812691686787833  4.74865713297044  1.12770413003002  2.20890569368536  5.74415710607639  7.16762874305509  3.94381675212074 0.383495218698043 -4.95475422320861 57321
567782042047.149 520 1.03725075976704 4.15832026760384 0.126399691247943 0.298808343185183 0.379090395867711 0.503376737204467 0.620527942913895 0.726106930734928  1.43298770400688  2.18565637059722 0.957408965614128  0.35289193304281 0.724446330324754 0.824368794698243  1.25593129485388 0.995942946983289 0.780700731226348 0.799082995023011  5.06336312311246  1.25281869172142  2.67829802303515  6.05271290175907  7.36519365779135  4.06340389264378 0.111862149029102 -4.75457922196472 57590
764291545238.45 540 0.970989309589802 4.1958743640414 0.114704360289411 0.292679093948533 0.367522232555813  0.49870222786214 0.602314868033513 0.731125574768298  1.43640396825921  2.01941174903273 0.951052036702005 0.337255025203906 0.701931328627651 0.799399340258536  1.20014291967625  1.00955204328366 0.763032385681757 0.793687931158668   4.71504225374883   1.21093159291887   2.63947578801198   5.97195909504181    7.3142519059188   3.19424087500117 0.0229369695390223  -4.34229178807832 56698
628806123343.266 560 1.03993148903039 4.21174173245994 0.105033127552894 0.278408715011604   0.3424917114941 0.475795184503141  0.57149141403514 0.759461646211927   1.4258450082713  1.86315832618834 0.975257542529108 0.327719415621447  0.69526992880002 0.806744970659473  1.23754455524149  1.03919533145286 0.771491280832478 0.816606873239665   4.05198616086835   1.26251042862441   2.65685132992975   5.39591705749978   8.35214434964931   2.67277328144138 -0.301596410450058  -4.35373412736336 57775
388065263252.359 580 1.0668801743063 4.65336442836834 0.100072419820849 0.279976977987297 0.388627877840009 0.483167445569203 0.534535622890458 0.726113979377352  1.38681151799851  2.16694821467352 0.959578997956037 0.317580302209059 0.685441371572834 0.807219762292037  1.23715444534087  1.03954745483514 0.813889145871181 0.794757068782915    4.2688261881861   1.14827132500212   2.89381777972933   5.27989696043562    8.6424199442348   2.49107732598588 -0.939106908988798  -4.70544458380548 56395
739634192065.133 600 1.00867970402841 4.86254075217301 0.0942738849903826  0.268003709974855  0.382638482527801  0.497498926831487  0.561528478854556  0.711003151774497   1.30436019700652   2.22904026083611 0.937963528953161 0.305824880955212 0.670143829049348 0.807580316530464  1.24398247332767  1.07258220396322 0.802503942454521 0.766608634545908   3.86165671678579   1.14036800015634   2.55386121935134   5.29028336724666   8.85132937201931   1.94724962851955 -0.828619064012584  -4.79496632915673 57588
620242117970.103 620 0.909121955054382 5.19630871623217 0.0869184750546509  0.258605925765593  0.383480228931277  0.508909472419478  0.532229635455084  0.667862596786623   1.21926317279695   2.34694000592866 0.975593062684045 0.297035833067292 0.652752567995838 0.790318542901448  1.26109490635743  1.14143792314522 0.785940733725111 0.754542173899917   4.69265513459844   1.21508399339184   2.33551391018437   5.57289671230623   8.33768281838535   3.02539069870478 -0.456695926923457  -5.00655059566392 56478
491703030003.708 640 0.800967893070347 5.6998024071398 0.0813473542169122  0.250740022166319  0.379334064378747  0.477640001918824  0.494214960328873  0.648202351858047   1.19670799185056   2.64279230200068 0.955931139694862 0.284442634318023 0.625326704552311 0.770960234845239  1.22423687516438   1.1041081373695 0.764971274516131 0.733096977365875   4.46526695956653   1.14869906308646    2.2655174273756   5.81861822859569   8.21797377702543   2.89949167173594 -0.497913252325858  -4.71966005449746 56612
701063324758.879 660 0.800937081213011 5.79749908289615 0.0744938909151205  0.255131782014562  0.352995551797744  0.435698621430786  0.452419793226109  0.605884438998547   1.14011014240728   2.50381384098043  0.95601849970897 0.274534431741004 0.664105831315167  0.79722930871048  1.19259622843696  1.11093589461638 0.743218252879427  0.71534363114219   4.83045572544991   1.19262531638289   2.90395908757393    6.0937127230867   7.94633328805508   3.43791491134244 -0.410206559832326  -4.80856906437752 57850
632284950382.9 680 0.758217238142452 6.04759665023963 0.0694723716494487  0.254037247098554  0.329432352291436  0.418201361598318  0.468052551578104  0.607283822738935   1.09918356191038   2.54084259104377 0.953650348003653 0.268371969902915 0.647059732187121 0.783172129629817  1.27710925441895  1.10378158939196 0.723216301341544 0.691769866288735   4.83249192934878   1.27084068672347   2.94678098880004   6.22935719061974   8.51181400307963   3.18373390679257 -0.487140743538685  -5.05183175317686 57166
524139372322.176 700 0.71949549121367 6.41413459455831 0.0653055728324585  0.242408281868208  0.329529864666447  0.415151223949227  0.438222013677768   0.58739802249831    1.0996870356914   2.68674457817465 0.968570096947336 0.265435788241789 0.630058016689201 0.791893621816144  1.24894071337486   1.0709871231485 0.712152860906812 0.674099201658525  4.85571692380757   1.3620681234262  2.90950313049559  5.84582391700919  8.78641803336986  2.87661726530459 -0.67298119219627  -4.8658233317947 57642
606107669777.235 720 0.650618386612919 6.50392461176388 0.0616301147967894  0.234631113470048  0.323179779197869  0.410257101395031  0.445531164040619  0.570687949525148   1.04815567008866     2.607017664983 0.948520799773501 0.265208215030358 0.619790775337957 0.771923707605081  1.23179251376048  1.05296673736822 0.701070547811974 0.654941808483939   4.99916100120795   1.40299589280697    2.8492251741646   5.76247948656809   8.36057157432975   3.27921838441094 -0.420506222153516   -4.9030194920815 56871
361315259326.701 740 0.613332082642352 6.42677765718646 0.0602495738988868   0.23214803296829   0.30723051380014  0.394701637712549  0.429222423606614  0.543262710264607   1.04120292909471   2.48851653160339 0.958491096834601 0.256680107518795 0.621933783146638 0.747355733326749  1.20177852012073  1.01598579240857 0.678667359306689 0.637136886930769   5.28591371634336   1.40710737099681    2.5687902074601   5.94486095465219   8.18815974644166   3.30940632267087 -0.372033430136776  -4.74834079397627 57287
457074664537.138 760 0.656776256297955 6.49208070680462 0.0569733320120765  0.222751790581822  0.285446847256877  0.367105711817647  0.435993482411903  0.526404717702773  0.977026340517559   2.40126139983764 0.947267479682036  0.24867721986917 0.641216979126366 0.734569444933492  1.21325531633472  1.03700778480973 0.673005236888319 0.678637313237882   5.33335121179933   1.42979144469649   2.41668523601104   5.77605520115151   7.85926545341952   3.56674289040249 -0.461325463609736  -4.42183418451632 57461
513408265119.881 780 0.720064215961669 6.68825286408826 0.0546678649101885  0.216994164023133  0.302350362451743  0.389659341894471  0.470768799065235  0.544224107517583  0.946658499323361   2.44544264247743  1.02295948522991 0.243260655588015 0.629708990075394 0.836341875649024  1.30938447856021  1.06350092602422 0.668573483513286 0.671617855674543   5.83251262331646   1.35623643070582   2.56573978423301   6.37000014658348   7.15434527687994   3.88072465201014 -0.280526274216018  -4.44540408094656 57212
528722834064.386 800 0.729617752374203 7.63768750072026 0.0527334170728635   0.21469007146163  0.277575752556802  0.358919802676019  0.478923305749853  0.566752156141418  0.919446065268664   3.07616540846432  1.11020068157067 0.237766094427822 0.604886899820575 0.814776386125686  1.36603846894038  1.13984821204126 0.660661085880181 0.704042911122218   6.07790149062188   1.34548304068344   2.48933669371936   6.36989565539458   7.07008669942206   4.21801923513152 -0.331846789730947  -4.32049015196545 57859
667886917264.532 820 0.730241946111248 8.45356759637491 0.0506837787049775  0.209087525581634  0.264021575742648  0.339357762130067  0.479557231309272  0.567129392347688  0.884449260728454   3.62200499965376  1.10603845145789 0.241353691743216 0.587275048191169 0.838827188100451   1.3277953390865  1.13963819588777 0.633859483110741  0.68776696920394   6.08797881265265   1.25693555259485   2.58348624014962   6.74936053818846   7.34401587720163   4.30322742186346 -0.259421164784197  -4.62767720622029 57497
449574714492.858 840 0.69666892825731 8.31547387233396 0.0507416905446394  0.208562150556419  0.257204743933654  0.317880608156576  0.463185562472019  0.529764061523421   0.93073276486651   3.50864104057623  1.07761684970343 0.245331827875052 0.571327371029599 0.832049400487684   1.3149748920618  1.11116278738504 0.634977386817901 0.696846996188167  5.82449120168441  1.34555817679734  2.62808023715438  6.61899187329932  7.85858428600155  4.39659203741139 -0.44680494429169 -4.76939210812578 57609
516193582167.475 860 0.712661327962084 8.10488507695388 0.0509526222003224  0.199697055908615  0.257352622521867   0.30688018699375   0.45701719283319  0.535432050505093  0.938433884320083   3.34703505967865  1.04055036224187 0.241786334521369  0.55126247897655 0.819068887354143  1.34053974370075  1.08283398540059 0.624216260114873 0.701453957536533   5.95549718287761   1.40506316430454   2.73122006480752   6.74105843142145   8.12344614399781    4.4917868180595 -0.561694893948094  -4.51467373354788 57216
411047585793.87 880 0.704405445765383 8.04442918328394 0.0481530897930017  0.185334498921529  0.266770979901722  0.294578632145221  0.457494676305367  0.515689278557086   1.08308529568382   3.11612323788939  1.01429109864489 0.234641412095572 0.536943529245638 0.840545406009833  1.30539734059332  1.06279078862829 0.604080015786475 0.683701518589847   6.05733620955977   1.43712679714011   2.81670578871414   7.03666607158379   8.11966047066158   4.42890213644799 -0.660529870467327  -4.46214044951655 57465
394091363812.034 900 0.639078002808848 8.02885635663566 0.0459218861866994  0.190180997451297  0.245283683989646  0.280141205022369  0.427929898872579  0.520052634919723   1.07486339318123   2.96024116781583  1.02674972377149 0.228176468483109 0.537705832663214 0.838702117463787  1.29209736615569  1.07781885709492 0.613786323243655 0.663781611837425   5.67394550231089   1.36357557961503   2.82299000602541   6.83746322360404   8.46572696318133   3.90458936902905 -0.625735951347175  -4.46904479901983 57473
596340288114.293 920 0.620127481035298 8.33288508119707 0.0434681190551233  0.176806987629087  0.243948516924948  0.278189765842606  0.420990781118665  0.494830746405169   1.07084751158562   3.01829464294163 0.993656336062211 0.222660583526752  0.52676590545674 0.852654532325061  1.28420919077656  1.05989407261142 0.603626970435328 0.654560233606309   5.84493505145872   1.39677570891952   2.71229952836784   7.04689361250459   8.78614886433675   4.06616495284839 -0.734453185343046  -4.39555006809753 57614
479474120392.994 940 0.601979446834654 8.32742212495955 0.0413052664998324  0.162869809878136  0.259455885590706   0.30133350959903    0.4006115673607   0.47882596806322   1.09806069560022   2.86435332739483 0.971853747408359 0.221305574880385 0.520285116479731 0.839940924424673  1.26309659915922  1.03696280743629 0.594371452246428 0.674914899628287  5.83179570548651  1.44088143188444  2.73024217892803  6.92061744885221  8.56783941672458  4.14537529530522 -0.67124560707582 -4.07106575693379 57596
569598495147.718 960 0.572872898405959 8.39984149216831 0.0395684318658816  0.159831239377299  0.276300567827681  0.296192161040923  0.396888624144088  0.459822474688068   1.02871896620984   2.79184318542426 0.945386948159624  0.21580823540627 0.505620953564694 0.832114879539907   1.2876220430183  1.00687878771146 0.580792533960161 0.692684654873601   5.71677875628286   1.41795781028745   2.67331210270716   6.72038607246254   8.27603598679344   4.18537090969445 -0.563547808253345  -3.94243256070609 56898
583290369071.47 980 0.499044705775965 8.48235040769262 0.0375688561493443  0.162250341484111  0.273717422291116  0.293978358251718  0.375993490513415  0.438333768186187   1.09237329330327   2.70308928488711 0.917873893682903 0.212256837730956 0.492473165939173 0.850502339523111  1.27013636540846 0.980134020372674  0.56928030182113 0.672497138327036   5.91906531193246   1.42689665913125   2.60619636222913    6.9270880454723   8.25937000295271   4.16488185798263 -0.584941465327125   -3.9469739806967 57542
675127343488.968 1000 0.443394171610953 8.25924788047088 0.0369760777310927  0.154900117432436  0.268932359849645  0.289890908193961  0.367556377223794  0.429156746580081   1.13392882566988   2.52232963361623 0.893249842809652 0.209084755409586 0.502448374067984 0.851201966652978  1.21706099784093  0.97454338809957 0.556891572239987 0.655566214757354   5.94735209238676   1.44620488418946   2.59660462871847    7.0035832676791   8.25044713281956   4.44692667653431 -0.565588864199738  -4.06655971561395 57123
505748691919.597 1020 0.444610214174085 8.22790253979532 0.0345958171780512  0.178704501073971   0.26620549895476  0.285829862765459  0.342224408666146  0.428092153892529   1.11174541884747   2.34208078480059 0.915210940325576 0.208178612970808 0.492999992274899 0.836630661496319  1.21107693516489 0.963741020966387 0.551296036569608 0.691202818024186   5.74974335082071   1.48237781371332   2.73223953145377   6.89436177986214   8.37604881008161   4.31083735762336 -0.550871924575268  -4.35158071231825 57187
543959489205.224 1040 0.431092848921559 8.42691225121338 0.033746875216017 0.172943743765146 0.264145407024762 0.286173029781453 0.330175233080522   0.4756913419817   1.0418045887338  2.39646179070914 0.899294633792081 0.202382477756577 0.489332625202826 0.805420339647869  1.19052781334223 0.939229277930719 0.569429144316152 0.675930535045203   5.83281628962068   1.47872448381093   2.71897125910009   7.00959061682981   8.16181010245298   4.17614540157431 -0.416659132365393  -4.23818032424603 56562
544782395310.317 1060 0.418377175381421 8.35268620694246 0.0328747047493972  0.171196762261067  0.264550508803669  0.284366567766063  0.359918578045056  0.443463061451053  0.968525826618736   2.29358158704826 0.874643690204141 0.203763616197677 0.485240461001407 0.788886935113441  1.15823229856121 0.923584393398581  0.56150265118895 0.677492169295521   5.92321151669795   1.52026811576882   2.81578519327604   7.00027773936812   8.29786816324624   4.29668140478668 -0.404359043186097  -4.38226453425251 57606
453097898888.246 1080 0.389969898970732 8.25081625106572 0.0316400713175639  0.176282886858766  0.246845679844463  0.269553549394202  0.357375096220123  0.431226663832311  0.966260697802498   2.15392850812427 0.843834689192624 0.199368277614784 0.476938050190736 0.782024356450354  1.17110832339647 0.888775803593653   0.5504638624501  0.69014084107851    5.8782422269988    1.5250260182919   2.73320665187311    6.8738052872287   8.51954365243685   4.28986779447544 -0.416789322836039  -4.33307936831813 56856
563152445731.847 1100 0.411115234687488 8.27611112788934 0.0293096341954038  0.168409907244423  0.244316771543936  0.259485371488551  0.366074739680214  0.402407383595291   1.05402032544471   2.00753453598276 0.829899925475861 0.196075261092188 0.462572777501467 0.804458234287571  1.14352768133845 0.887529638158019 0.539821763138728 0.698330434184216   5.85259948630924   1.50602794543807   2.73136833238008    6.7636305371955    8.6105694532154   4.52137856460193 -0.495912790580124  -4.45843283476592 56319
620679980900.903 1120 0.451402378400049 8.06292517397707 0.029165948947263 0.165567797314742  0.22621406224125 0.257024265079437  0.36954427108169 0.509090777465154  1.01003566920046  1.89610057604804 0.891716987939303 0.202765202931879  0.46493707458785 0.802582097472291  1.14914300818707 0.884278150110527 0.519791250344906 0.694331047005788   5.46891595705203   1.43225894198226   2.67976200999567   6.60189917309479   8.75383332327153   4.30843246900775 -0.526526404008474  -4.40772759361969 57639
622353393936.837 1140 0.463125686051215 8.08953375055697 0.0301832104205737  0.157469088420092  0.221995432718789  0.255657698299069  0.344050980630071  0.512513218740702    1.0542577572944   1.97520608088457 0.877319237149994 0.204425081121225  0.45239966634398 0.803045972994293   1.1306750684704 0.859283197164194 0.506782824023295 0.676668187641278   5.44955435929996   1.39755697940079   2.67488480676116   6.92771244900256   8.83491765009882   4.20192628900774 -0.487181347189488  -4.48368202507601 56748
468794921473.863 1160 0.459216087845941 8.00921859757776 0.0294238843827771  0.158827103256494  0.209548158805519  0.243573509844917  0.342045605552095  0.532313537965099  0.989326488785488   1.88747105220299 0.875714729178802 0.216332514840382  0.43811851177199 0.797309197601106  1.09813332953404 0.838364125345053 0.489250134938073 0.663048021802677   5.41492676421038   1.34668571250711   2.65140367471703   6.94998587972267   8.61771509680544   4.18837579938808 -0.428617677255877  -4.42121100922735 57583
583294140437.154 1180 0.437769171433826 7.61069648083805 0.031521825320354 0.149523521575508  0.19371708651196 0.242457836384813 0.326404476165855 0.504684064932813 0.954937349183846   1.8258292605918 0.876281762172698 0.220787551749995 0.439795211488581 0.794937362079972  1.08360883785023 0.859344032438799 0.507050375443861  0.66209159187443   5.66485973206111   1.42351063290917   2.77083269338439   6.88352497680073     8.819274031675   4.43676857485196 -0.607463070910368  -4.38026931029394 57756
493633539540.6 1200 0.457079828201478 7.65119453305067 0.0305817031832126  0.143613585934191  0.195231229709447  0.240884711184301  0.343406720826981   0.49721361278956   1.00889949233799    1.7902766902614 0.858600499080132 0.220005279885841 0.438884568385371 0.770916406663074  1.04384460435904 0.875024846186714  0.50995673323732 0.637803865923646   5.68952976587017   1.45711471533832    2.8582422169645   6.93567000487646   8.75131373519223   4.70814081269179 -0.699679897636352  -4.38052133455191 57575
396894409926.846 1220 0.503317215658806 7.67009706952499 0.0287357473648574   0.13690282764004  0.185500706701594  0.260493846256843  0.325957124092881  0.478928556157087  0.987604585781265   1.69053519728764 0.830556393796629 0.215037022656569 0.471648339609115 0.771525500686994  1.03011548157938 0.848011426300281 0.505889692016025 0.648589912395016   5.5982535031985  1.49807165487611  3.04377729340454  7.02724025318191  8.90424787156113   4.5442357227033 -0.78155553489448 -4.25783462786419 57944
662732727939.843 1240 0.496630994185044 7.51786498585549 0.0277797678136465  0.129905669178932  0.189276170892805  0.252607957236434  0.371319637907988  0.514925820599191  0.954743031669953   1.57006508303086 0.817908595218371   0.2151781511704 0.480330293359743 0.748229325140126  1.01804070047654 0.831573269063961 0.492015980363402 0.689727271694404   5.72494291878769   1.52211519601811   3.11142288474994    7.1124804700491     8.877056580566   4.62877164382887 -0.788830704606231  -4.26191223964678 57444
489219729921.878 1260 0.513523959225388 7.48542068413518 0.0269317659547431  0.119789630990712  0.189520077396111  0.253407419951997  0.380314727814845  0.505577280210945   0.96699606353789   1.50902785863512 0.794090375214139 0.218648738426415 0.477964558515968 0.766126294860238 0.986879486615937 0.814649804858838 0.492915864207408 0.693015432319389   5.59434996684527    1.4422355315486   3.16969611879222   7.33573459743884   9.04287205672525    4.4334187293778 -0.862124115669262  -4.32329212067061 57922
453146457207.768 1280 0.464361876903406 7.26231685568122 0.0272897573516897  0.118243629316011  0.173471817507186  0.238073075190351  0.392998332147343  0.558764389169655  0.906471468463911   1.43929580883073 0.788198736418313 0.215096085640309 0.483278896401991 0.761698455873868 0.970606570093006 0.804066470394216 0.483393940002411 0.659278720555716   5.42503652404751   1.47550407665227   3.13535167847257   7.18355666825111   9.24055449511856   4.35051804372104 -0.793292002210231  -4.36359455905713 56807
454541272447.028 1300 0.42996723293426 7.17005061222377 0.0279124451236289  0.113965264403272   0.16807956689273  0.233130565392334  0.365566238162637  0.526395998451939  0.868166301977183    1.4349683584622 0.789333227131748 0.209272295727246 0.471472685140875 0.787590058008514 0.955922724287984 0.802476511540056 0.477229894024288 0.640695824838386   5.52982619211995   1.45623963146545   3.19053816470487   7.05318949944191   9.08314448367834   4.52420348517436 -0.899701124499608  -4.30338139934573 57839
648675441945.889 1320 0.462279623657534 7.31345113767718 0.0271118377288142  0.109393910827045   0.16357551466724  0.217485764432791  0.380672334144673  0.547169286590289  0.809894959327278   1.45011913990228 0.806948456813418  0.20676533465949 0.458179011103039 0.765821178193249 0.927136833953179  0.83643040737407 0.475035901324171 0.650469744788272    5.7944929730458   1.44587046697502   3.21795149127027   7.18649206471391   9.02498591773964   4.80461703042748 -0.946109684099728   -4.1210442207157 56890
451391495763.29 1340 0.473484878943761 7.33252179444821 0.0275643680900953  0.104892958146235  0.160452608285692  0.218526643309475  0.397895262321038  0.516168998847414  0.790773098381187   1.48202239305839 0.810668816326809 0.207153102826865 0.445900201601327 0.766955837749468 0.912843981282423 0.865571527307012 0.465138281178251 0.636411558815521   5.86865988053386   1.38940579598626    3.2116436628646   7.34257949881922   8.84676207803057   4.64012077429523 -0.981722087230575  -4.12811037751268 57637
421391269910.982 1360 0.502072405143722 7.43170438162681 0.0268791240679204  0.106489042664238  0.155486069395666  0.217069365488197  0.368935847410825  0.545308384213861  0.786308042343576   1.48454020489692 0.855301403900119 0.204541229963878 0.457774760871705 0.770096938017547 0.879250289417218 0.899362552375087 0.473161594643961 0.628769881783842  6.06763332633087  1.39210102005924  3.35063840979391  7.42127601097003  8.86128951072447  4.84077027772428 -1.10795617320624 -4.17222551176143 57856
522310350988.174 1380 0.457380905397179 7.6154746148821 0.027540703309611 0.101724393662915 0.160399957506411 0.214091268829645 0.353183305328624 0.557702608872278 0.765274344156745  1.59723558117694 0.837411504532247 0.208752397807943  0.45625411973517 0.772713571875149 0.852942799142973 0.895163840288906 0.475124629310145 0.629878794367533   6.11949686771753   1.41403317478546   3.27047981667477   7.34408046142985    8.7549260493866   5.00535380101169 -0.993609225657939  -4.04369368350514 57661
517832520547.065 1400 0.478080155945385 7.50943406558345 0.0273031593322279  0.100135750488371  0.169672564514024  0.200844517940778  0.338702270520863  0.600600305098595  0.724482698696532   1.53966883939914 0.866597829111391 0.201522506876257 0.451729955625511 0.793224155434459 0.877575467406892 0.905109708942555 0.470163387809345 0.658618649644481  6.35156505933276  1.44417193339835  3.37479722351369  7.58089096791603  8.52995564318801  5.18172278551893 -1.04025504533414 -3.80022288024295 57944
482707989644.666 1420 0.452797645546425 8.1125735106154 0.0268903186529293  0.100024712375223  0.163737775587608   0.18437471866431  0.330646871801222  0.569673289719189  0.723958997635967   1.76975537044834 0.862876410498154 0.212191893886464 0.440716616813881 0.764386493476113 0.860362919716373 0.906410854722356  0.46814233626187 0.677475650829805  6.10604767319856  1.33625107421328  3.32076657403728  7.43794617827032  8.71018697063455  5.00546802923059 -1.06598923860184 -4.07884835465402 56972
551904111575.365 1440 0.410027481316499 7.59337144492176 0.0305725563181884 0.0939172854534202  0.156508232429146  0.185507845102889  0.325820331980162  0.561052159206125  0.691864144777927   1.76279188775141 0.862986978758208 0.209605560150723 0.436779458661939 0.750878515733728 0.889407322359727 0.901682778750474 0.468813306759196 0.673794664160162  6.25426073723173   1.3774284985191  3.38882102855954  7.51197567276131  8.82759010727062  5.08128906495709 -1.11591480593987 -4.18487385947422 57765
360481306973.107 1460 0.428175248635999 7.88839346195862 0.0285037151187545 0.0903892351287099  0.145088491218917     0.172569453275  0.319272438874845  0.556164170959626  0.735457142308112   1.77369359497533 0.833041630066409 0.218638318621796 0.433558379889115 0.766314245788987 0.861534130889085 0.885171725801164 0.458540775502156 0.666028696961376  6.24788987409363  1.30163121024225    3.277252914769  7.64556324371122  8.87531722772277  4.86384267272869 -1.10155286061999 -4.26716192326064 56857
441792002901.77 1480 0.445043393516102 7.77071008803319 0.0273618639926972  0.093275950261157  0.139662330821557    0.1660775590324  0.318270509209696  0.602734160117546   0.69699597698501   1.65221702426343   0.8300269782957 0.217172068841416  0.44074744567433 0.770524412238677 0.849436876402923 0.921504044112845 0.443229529726042 0.658178454561977  6.13143885985225  1.29438931513858  3.25083045186063  7.67766334757613  8.99693511123075  4.55714262671151  -1.0470141372058 -4.29350019896545 57663
510616399014.945 1500 0.429831816444839 7.85763163539182 0.0272836295280355 0.0871746122694557  0.136775391006118  0.173165295193215   0.30786570409947  0.634132831630169  0.673485130131115   1.68455608343042 0.812989773092101 0.220440839724068  0.42783140517238 0.767853802597902 0.849477675778751 0.915860540929242 0.454473196504503 0.649906841191008  6.31254919596771  1.34359706109958  3.26994964697174  7.82628021352351  8.97702740733223   4.7145623272431 -1.10149339531731 -4.26848427165408 57392
422124365250.061 1520 0.382335678728192 7.56801426532811 0.0284789637886251 0.0831257171190186  0.128023176380582  0.164166237501942   0.29260244175981  0.668883504859378  0.675115215535687   1.63112809208696 0.800340288070911  0.21823930736636 0.418220441448896 0.784577680311886 0.835440666792689  0.89962280114674 0.446615860421192 0.641812078627768    6.182796612507  1.33697760845209  3.31498307237667  7.76816790745684  9.08899682954558  4.54311722054347 -1.10881732795047 -4.31960269728487 57279
448932248311.506 1540 0.356304988825734 7.73764857406613 0.0267009543587446 0.0789848561766936  0.122033082608244  0.156541980434923  0.279514868078065  0.624855968140926  0.710064175130315   1.59861832427694 0.779302350068392 0.221620233341687 0.409700224168358 0.761392098550875 0.842152274656444 0.900655591242325 0.439349383240341 0.639924753244273  6.13306543801886     1.35086830847  3.24702977078353  7.78571248071842  9.18293975529103  4.45816262639167 -1.07993833100891 -4.39186125244654 57310
457476911205.191 1560 0.349556902157414 7.613303380905 0.0269122016690659 0.0761744491956238  0.114922436270635  0.160431819242498  0.269131620032462  0.622167302818255  0.697297085926733   1.55989548502607  0.76780555520092 0.212341045480291 0.415799000786111 0.741844325348993 0.830944758104355 0.875648441706958 0.429041520691227  0.64538596469944  6.12019783559698  1.34313343623966  3.17826400959309  7.77982567541604  9.22745010705213  4.40292507633497 -1.08567708756594 -4.50794663562628 56641
456696803737.673 1580 0.309293339007226 7.4989935941405 0.0270982173590229 0.0714657530244561  0.115528607062479   0.15710907586691  0.277062184404578  0.571333552435748  0.672201889719527   1.52386567682056 0.754362014886844 0.211208874623084  0.40657817734576 0.714051517546128 0.798733697682964 0.867383887030522 0.421006742975821 0.633389942342301  6.00174534841554  1.35086028059589  3.20685897373522  7.70533863865199  9.19971002547686  4.43493871894685   -1.049235401482 -4.51037725652874 57845
415867184880.468 1600 0.296477870019504 7.45769179704626 0.0259105488993387 0.0660886883816269  0.114502799002942  0.159046855895931   0.26108219975202  0.552520481445195  0.637383549201752   1.44107132363458 0.738066448715802 0.210473158958277 0.415415824782397 0.696518035537729 0.788976188626492 0.878361790856405 0.428996037761442 0.659308592005714   6.00853442530296   1.32517029904752   3.13869340175444   7.70590325973601   9.30991737875193   4.32089961407755 -0.999818260482386  -4.63418200839154 57278
