nan 0 0.72 1 0 0 0 0 0 0 0 0 1 1 1 1 1 1 1 1 0 0 0 0 0 0 0 0 0
26348858186806.5 20 0.719106074720082 1 1 1 1 1 1 1 1 1 0.968638617708703 0.982432790127167  1.01958001153796  1.02966121289802  1.00767473791723  1.01369807920776   0.9985251358077  1.00550704040714 0.0934569371016917  0.090784615789376  0.550264052060427  0.164841170196448  -0.45772926173818  0.164423877043297  0.425209833960976 -0.405848685270753 55605
7091845094519.31 40 0.711690549432862 1.204765231293 0.897837099098954 0.902017800883011 0.910844958097404 0.921097005423136   0.9563584659863  1.00740175833465  1.15553853892631  1.30317397373246 0.945482749030807 0.943251911156999 0.985777689173752  1.02891965415965  1.00095759918576 0.995971644851998 0.980435750332851  1.00321267552043  0.253726299353113  0.202256836374445  0.540839914828743  0.613700843952495 0.0595965744380166   0.12387341187545   0.56125161393815 -0.577473539558771 55453
6688455360880.23 60 0.67945253089698 1.24889091005418 0.821294362023015 0.863489799184994 0.870256148336249 0.891090799933394 0.937074471713109  1.03719563014972  1.07426323041653  1.28099622762044 0.959919758434979 0.908610916654572  1.01028967301906  1.01345282707686 0.966100834606348 0.976117054940611  1.00712438722899 0.974173345897802   0.533241605486541    0.29952477654857   0.244786345030695   0.606476966901858  0.0550205477753375 -0.0676783187303095   0.860201097337175   -0.30827359523741 55481
10510167932849.1 80 0.671818097585014 1.27761501059913 0.770353114792471 0.802262552616301 0.853403399391978 0.858703745069794  0.90678558182875  1.06453329899717  1.13077099259862  1.25744747810379 0.983101867569556 0.887514353119135   0.9996573278411 0.991031028760922  0.93700492061199 0.976247018936149 0.995317040460622 0.968432907967086  0.936581484082888   0.44506240832432  0.287225405986097  0.826147860162242 0.0798515991404308  -0.12895368993551  0.914357747631076 -0.507229013240174 55584
6850709331769.47 100 0.685235939897415 1.35165229334437 0.702055886464681 0.745324989803445  0.78421729733893 0.802798893713267 0.879058639799253  1.10115422061593  1.19794234997567  1.28263077587107 0.964118597381962  0.94165480020006 0.990748991564477 0.976621710088966 0.919337762477901 0.945391511066279 0.974667377424876 0.941713811228619  0.967502791045965  0.814247975524138  0.557707418139044   1.05362915108474  0.258722173537037  0.133148844724492  0.591293761441877 -0.387455017890826 55758
4663494441654.02 120 0.758364836555613 1.39993456903667 0.663369844158278  0.72472932820702 0.763934938796476 0.779587353139574  0.88673487978993  1.02510227697047  1.18381840639603  1.30008336359199  1.03190813495597 0.934803211170338  1.00062531274533 0.980599047714152 0.962410492605397 0.938933641972894 0.949120407238825  0.97340641232667    1.28088182756729   0.893947161512394   0.452395051719766    1.17298447448742   0.809556232042604   0.395033035573786   0.402508267309547 -0.0061085622304186 58737
2603788446674.13 140 0.86782309198335 1.57606984159479 0.623671390645151 0.678163612997595 0.697734090955203 0.727959739899762 0.979892537329691  1.01079776009079  1.29028042039644  1.54919733047395  1.08622083792555 0.904432693072871 0.967474731863747  1.05423313814825 0.984926486801045 0.949751944402075 0.929335102447514 0.992537123050287   1.87073957731328    1.0187691122641  0.341971775751943    1.8702218023685  0.796156915861448  0.733868316165048  0.300230361366592 -0.626975625196795 55275
1634588433728.16 160 0.857343453440739 1.83383962737909 0.581410676008967 0.634693543782885 0.656118626227444 0.745155920799765 0.909689149434537  0.98582485002275  1.29803354894968  1.95526536975329  1.07054238505697 0.864396240489089 0.937605382361133  1.04950298935288 0.990021278107444 0.930060637827405 0.900700580958303 0.998398131792968   1.96220091683659  0.763656127642159  0.408861740371071   2.02548679109732  0.920788221398908  0.537288719138466  0.640242313280969 -0.254170908210564 56152
1694814681273.64 180 0.977648208439978 1.86066752137019  0.56403798083522 0.592133510997088 0.663042827136788 0.695763769994569 0.862819730211476 0.958660585881793  1.23781246128526  1.95274665737386  1.06443891910495 0.838714415458025 0.907433434705963  1.04295437009056   1.1187794531465 0.915683717726852 0.870474955771796   1.0077287890983  2.05741973242307 0.492243620255717 0.366637430254271  2.19596084949633  1.94625441507173 0.129799117162006 0.450084101666571 0.196794653420955 56671
2513227301707.19 200 1.18108372824669 1.98496337053243  0.51415137908943 0.570753624436846 0.616112322015301 0.711781876042301 0.819940570755512  0.95513320286519  1.39737911021722  2.02579735099016  1.16077536022343 0.810256674038722 0.899812656763994  1.10272837240698  1.17837298340905 0.884073539822447  0.84836047555156  1.01192554774861  3.11349803345788 0.466768331187354 0.264576842103505  3.21946931107297  2.56793468502191 0.188268039827141 0.720299827629304 0.361005310418318 56546
1158661762785.51 220 1.14627795793725 2.22051613327892 0.504452957913467 0.550285300050893 0.586331648355192 0.714076261083588 0.769858697687508 0.940462106449045  1.39067663369467  2.48730211258272  1.14930339284658 0.775411498385459 0.873994194852045  1.09270327449264  1.16878872279587 0.873710449313782 0.816448305003333 0.991641327831519  2.63633915556938 0.593641458102227 0.425144326233191  2.90989258912641  2.81152733754598 0.468870833149931 0.712347764163433 0.422107478835591 56941
1454470756729.44 240 1.14131982187257 2.33312909312923 0.456502303519565 0.515117050541936 0.545581674395856 0.664000645171597  0.74390341361396 0.884367582300998  1.36496594799092  2.48496634740541   1.1347689648806 0.749354072841277 0.844668505806258  1.08413511117615  1.19002000184469 0.850990187210701 0.780898993905115 0.970221259570017  3.20032396515871 0.965844710920777  0.48107972228527  3.55634030563794  3.48077160328036 0.520183435518202 0.674950123255373  0.67669274509304 57897
723740672454.727 260 1.17939270003848 2.46184560373869 0.421850770895905 0.482176586118786 0.537018791084826 0.617929786267174 0.702468899566886 0.829367022622309  1.28199440895795  2.55670412333505  1.10538243013782 0.715603408548572 0.868575207242368    1.095481692764  1.23765760069884 0.824547665279682 0.788439882716258 0.954526722436676  3.55612267392943 0.990117917036809 0.889679668622886  4.15707875648437  4.26452536581381 0.646677628623048 0.382143061815611 0.595907230198661 57235
729202738150.611 280 1.25587977147428 2.60708223758618 0.389244862136451 0.455301517565148 0.527852765830339 0.591480828926646 0.688467049653873 0.910208632015272  1.22469007055855  2.64564975970376  1.09113149966192 0.686168247484021 0.865038705575241  1.14123117241896  1.23907971286724 0.842454790708579 0.772397048394348 0.954518426427345   3.94790951094269   1.08859693862209  0.812080719606492    4.9320972244117   4.59920794127439 0.0573274306268687  0.408406602253397  0.135655267882106 57701
562652050204.681 300 1.24356622942996 2.73734784218365 0.365111423511615 0.422074362699113 0.532782794441185  0.56685533360344 0.669938227064877  1.01566178242794   1.1566160508363  2.73580662585398  1.06672537043757 0.653024982500537 0.866843777698123  1.10436081804298  1.26815470267431  0.84373344779163  0.75111166298705  0.96218860945872   3.66383312623498   1.04273099896173   1.48125807914795   4.52683640331122   4.57137959291486 -0.443683443570441  0.266738343543735   0.39455343893127 57167
559746786335.563 320 1.34091271825923 2.87347001131464 0.333245126887216 0.408166449402325 0.508469158644209  0.55341763449072 0.629801678707814  1.01268759915923  1.14811774937461  2.75154832968599  1.04640788673919 0.623924202391257 0.879740039970121   1.0601987025439  1.33209589581504 0.840853363343448 0.779802122852165 0.965265343652563   4.08289123085119   1.11020455548036   1.87718570387309   4.41917914317138   5.48670406784718 -0.574400370635582 -0.541809068747191  0.618240377072606 57669
915290206212.42 340 1.22844069994007 3.02410988275309 0.304823319828916 0.397501185599495 0.531432397005478 0.579113566744476 0.604305949492371  1.02293094351462  1.17576713399781   2.7876825951335  1.01758291413571 0.596524498132865 0.871067315094179  1.05636108908201  1.29732017050049 0.824328647460137 0.768306399243528  0.98142798051713    4.28008299435558    1.00896010923698    1.77848812471481    4.86688645322144    4.63813200476372  -0.123602520291456  -0.422070495704921 0.00504996798559638 58136
1127774556514.61 360 1.13102689113955 3.03333350067614 0.280466335911457 0.387612169468844  0.50055001489469 0.550885354796853 0.581049997723735  1.00194483142451  1.29891552123617  2.58060220438062 0.987204879509859  0.56920879988538 0.854214014288734  1.08103797091398  1.27515098952426 0.874783427645794 0.756487203634541 0.947295950390364   3.93592354249253   1.07215307173981   1.33752793861524   3.91267218688133   3.93220911134858  -0.85926090822799 -0.056781463911722  0.205670083039161 56954
831084429075.633 380 1.11117804023387 3.1274690598013 0.261006107385726 0.368872611381469 0.458845358459634 0.541355357761788 0.664716973742989 0.981790595398795  1.22829129624032  2.55291710664662 0.992117697498507 0.545990530000159 0.824138175578213  1.06083041208685  1.29074897513098 0.878373557984451 0.737680895517784  0.90829190283865   3.71781728084411   1.09118292389854   1.35087889333793   4.15932244602948   3.01138794115496 -0.758289444813361   0.21268382395533  0.493343296045602 57632
743301297779.296 400 1.05775406135965 3.25113333291881 0.240712186987515   0.3723140094335  0.44668197843002 0.548240223619677 0.632053379486134 0.956633528121004  1.15277705262521   2.5442960300324  1.00749911384169 0.527126324296675  0.81560244972906  1.10983654927957  1.29238224392062 0.855573389625202 0.713865143305938 0.901404271550095   4.56495282948356   1.01886494491398   1.56756587860666   5.27592182512949   4.28111016315285 -0.635823697356792  0.229171310111318  0.336888521675892 57142
1074766008997.97 420 0.936160027664808 3.40365442235701 0.230831047421316 0.352209622005816 0.420170614492982 0.545988047081898 0.634998395259751 0.913122358636545  1.14278569736469  2.67414615904816 0.991888609477333 0.505866973913019 0.790706790307115   1.1092190188863  1.32569987165052 0.836849041403957 0.688223717751577 0.910804666170563   4.05697268277814  0.943500731734209   1.44582237443409   4.37006981399935   3.44511864721496 -0.907185748744957  0.321179955177399  -0.17742710797434 58114
921541380541.349 440 0.898364651370449 3.57288386473312 0.213439720355642 0.326781169042784 0.421364611741604 0.518970238152187 0.642339313167015 0.886844355509465  1.12193799399743  2.72466456042434 0.966893390976828 0.490632775520024 0.764745326751238   1.0719412425106  1.37270843934676 0.852533730665598 0.686000152495154 0.921408951364884   4.17326902116642   1.14977614103918   1.64548427238573   4.29593957521392    4.4708058862859 -0.411925068515083 -0.104607531585883  0.109094569793158 57802
1091077317410.7 460 0.904701791272128 3.72965103244524 0.195184099102179 0.317455156356827 0.416402828713688 0.516059030339369 0.674884072652618 0.842382009594453    1.162793727807  2.71506875380118 0.941216446770828 0.475561632414822 0.742990673174291   1.0309255499308  1.38341729542993 0.847885305076871 0.712903291131284 0.934813995010139   4.40301307358423   1.16896698908149   1.58281670390372   4.10527676950219   4.52693024083044 -0.246679424416739 -0.545962875495811  0.595757470937715 58078
531841273109.692 480 1.01295481422807 3.83543251863188 0.179471639250427 0.296287181309583 0.450282533681002 0.522786263099936 0.671966975327391 0.827747091702967  1.15308422750354  2.64012519557882 0.922984018611619 0.456784561329483  0.79101793738019  1.01103913672019  1.46618735910723 0.851578468593233 0.712519389339045  0.91336409038772   4.69764558963639   1.19466016439281   2.24110307257051   4.34476000507787   5.56938078485217 0.0178286482719752 -0.656578378807033  0.521259523955695 58714
599833758790.346 500 1.01246240075576 4.0485338796641 0.176170651273118 0.287796498339079 0.413723817982083  0.51807353492441 0.678956073725106 0.822454503864556   1.1405478107266  2.88754735845489 0.896637595442291 0.441477438695455 0.809552089241724 0.986438313468953  1.46029871211504 0.835958175887337 0.710706907647199 0.930843099070609   4.57482141195415   1.34366761025069   2.58246561280467    4.6458011141605   5.42670271923257  0.156387163110163 -0.373295371019893  0.048583027556101 57891
656156158399.514 520 0.951670684787208 4.17331960526807 0.161640598373586 0.302690582920167  0.43893170954596 0.489832876938001 0.635339345500381 0.805530289331591  1.18097353503446  2.81522908437115 0.884202050934595 0.426806533789417 0.789211129539156 0.944984955987504  1.46780902038774 0.807511515588418 0.699908697419574 0.901055558737859   4.62606156519155   1.39523130757409   2.27692098892038   4.57128762575477   6.11186835524064  0.220503743986684 -0.508173623639258 0.0453865196905643 57967
691697700420.314 540 1.04025393883895 4.28161207101683 0.151940138661283 0.279581644965356 0.437538048480805 0.474975819208581 0.595694989299566 0.779050505918235  1.08396088174917  2.78539730270596 0.852094205569736 0.412347967653516 0.753936953957607 0.919526713049835  1.47122951717152  0.82532402173072 0.686259143357199 0.893573069164785   4.68086042211028   1.27154240783092   2.08111607838564   4.14933180925745   6.67485057233577  0.753282905132585 -0.593503009127749 -0.136762338599878 57049
623452815197.282 560 0.949916173776209 4.39706825754727 0.140912026183239 0.273476716263897 0.433386160458889 0.480909009367279 0.604348961550064 0.761617969353521  1.00607271809927   2.7244226016929 0.838411057016019 0.399312676325191 0.744529009434566 0.884612066367857  1.47366039628109 0.831288482082124 0.679143177318215 0.890595238773224   4.83454388533719   1.28758539682905   2.37415968909062   4.42246475133088   6.90494223109616  0.540220488841787 -0.746450564423642 -0.212953961704113 57417
712543785927.885 580 0.916826683659965 4.53864544649059 0.131710127715988 0.261010613888271 0.402150756702769 0.484871446426308 0.601194131280516 0.711512343079396  1.01077032571399  2.71313676167985  0.82607985930613 0.385719755743196 0.745759101438705 0.902369610566004  1.43657834436745 0.846367391838901  0.70897362725888 0.862851065704348  4.52451514363083  1.40681524013391  2.36403500392917  4.42577680495923  7.07241702687838  0.56136497456777 -1.19760948583612 0.107729198098367 57716
719787533939.111 600 0.864953011820063 4.50959746580916 0.126193750273237 0.260253042892579 0.385781355958239 0.491661360024511 0.615339425380584 0.678499404870983   1.1048022144409  2.56633532874194 0.816929558580928 0.373622475412116 0.737584796652516 0.888998913530722  1.46003281506115 0.841613554165695 0.704949984443352 0.831907899196485   4.45286689103389   1.23769704689899   2.26760259959869   4.28450061968557   7.21391395100594 0.0293191163092136  -1.08195821200228  0.184834689988694 58115
547944024048.677 620 0.859257618965236 4.7384005949396 0.117927874173696 0.250539857897352 0.371221270991004 0.459011849821234 0.621204732037234 0.663276074791077  1.03940228496263   2.6477685425768 0.783575347028203 0.365142036489556 0.712659256654905 0.890649359540152  1.43441851056588 0.830978118105879 0.717498463937484 0.804978064830325   4.43120818477085   1.24405115711476   2.49304803775457   4.83170928216641   6.88717117034333 -0.206570179974509 -0.672540918914354  0.412273595763763 58360
474530375731.592 640 0.782537088385872 4.70160052602358 0.114656525311153 0.247268138755708  0.35502915559163 0.453211242334869 0.609208802989875 0.652394023155935 0.993077528812683  2.53448793891092 0.758532530459344  0.35120347236268 0.694419733135927 0.872694410003384  1.39163028627547 0.812692290086052 0.696001079251925 0.795711648569213       4.3926849634203         1.23633089482      2.61600587126565       4.7072196354076       7.1755828298355 -0.000232836927512262    -0.694001085956383     0.587882984604527 57418
652583006318.405 660 0.729312389230007 4.71979759577963 0.106353641704197 0.251133349559827 0.334435330084675 0.447966588492349 0.581841192657674 0.627738209421915 0.938553841657764  2.36918576623902 0.750915260878135 0.343197393617614  0.67069650929455 0.889873179997615  1.37904921936052 0.804791699570141 0.679716072840785 0.793165196817915       4.3772991941805      1.31017887635659      2.51512018757901      4.17096989059483      6.52026223381609 -0.000734570189217232    -0.557791975853674      0.37919390333838 58167
434440851794.05 680 0.69255101818226 4.80508486610696 0.101633097636354 0.260298929581103 0.315248420421778 0.460265794788539 0.571862508981038  0.60282137040626 0.905237152475826  2.34659038801083 0.751175129998743 0.330321570389362 0.681975950817193 0.887860876357692   1.3542349881188 0.802514662818727 0.676423457231446  0.82239514295922   4.05075805354567   1.30665463607737   2.60918010368452   4.36015176027933    6.4651466103412  0.138332054334419 -0.319472248151437  0.370524697321093 57398
552668080463.157 700 0.690107819387792 4.95172711854433 0.093482945527939 0.249973000034455  0.30882354286477 0.501177626038286 0.543091742272092 0.588645590889361 0.961270185838596  2.29216456732732 0.744294643377987 0.319997923184059 0.674071531751614 0.868027363657858  1.34469569491398 0.781617184755243  0.74060592056833 0.812434380627107    4.02201614270419    1.26033361612509    2.53876827049975    4.62739865307634    6.40899193925714 0.00223809372953322  0.0260956752315684   0.336700240387484 58404
341863569716.815 720 0.669707174688491 5.14290424063572 0.0862734499465478   0.24125274221945  0.329372235804477  0.501290079115566  0.510359615923731  0.610872798170962  0.930588376667255   2.28188651096277 0.746602021480731  0.30947640699311  0.65741724112595  0.87640664952371   1.3712638584349 0.778238768757668 0.736804433872404 0.825006585904247   4.22897790682283   1.30079953714839   2.55778247383261   4.82276513617859   6.51277562885655 -0.247458323071361   0.14451755762959  0.357278644422845 58358
327098195207.692 740 0.724793618711792 5.35252496562175 0.0800843202082039  0.234945911692347  0.317241289759125  0.496147752120439  0.516476346393368  0.658441448037525  0.965298377823711   2.29437761439544 0.743944640208615 0.298302756137368 0.637556942203008 0.843435029644609  1.36633630484315 0.771188337507812 0.740514914858585 0.863321077350231  3.94039547231444  1.33624418458589  2.70869521487195  4.85308414257492  6.23102093869658  -0.4167205997469 0.348989273918781 0.839144387631049 57575
463228474071.254 760 0.706214463833686 5.48932995330678 0.0744927313951479  0.224617683040141   0.29473283945154  0.496723864614202  0.498657021967818  0.766667536336902   0.91502960500929   2.24467035554777 0.770957793260469  0.28512038168449 0.612934661182811  0.82332237873737  1.33567488049794 0.749337887049091 0.716191283153642 0.847980228119515   3.64136934145162   1.28738558105716   2.60311151872654   4.54894202195574   6.01892222228248 -0.475875898988192  0.151738331428361  0.961096848246371 57937
409572394746.399 780 0.644236844219404 5.62909135417796 0.0686926681192532  0.209551191535938  0.279203112975217  0.454421583325885  0.492766539515249  0.740461366976329  0.885014933549368   2.17664186996004 0.751226813961959 0.276287423031599 0.599547381639675 0.787998012377373  1.29616327911127 0.740477973403934 0.701355433232213 0.836221505207653   3.59698191342013   1.25129997108501   2.49767953881042   4.60462757773102   6.35675268577085 -0.165041601036903  0.124083404091925  0.931445826766155 57938
492089093895.247 800 0.561982280469085 5.51053572447183 0.0670811449208741  0.203746098700426   0.26264537209267  0.449546223057895  0.479960518490451   0.71744033456268  0.823181116341491   2.03698631302504 0.750005629940472 0.268837553571006  0.61573767999185 0.784657514274935  1.26801096127486 0.719628612558158 0.679169338629512 0.863129168925854   3.63625028734894   1.27323062867607   2.66840847113536   4.77747222288627   6.42179943066756 -0.224396021769947 0.0874437225732474   1.04571776887647 57968
418404034824.103 820 0.546306299941314 5.62460931870374 0.0624042519360553  0.198988528716155  0.266149469139278  0.422997065245718   0.45938239982578  0.677339277107134   0.90008621268166   1.97423526648119  0.73372599264141 0.264848479987989 0.600791832187674 0.773040679481951  1.21267237953551 0.730764650830442 0.689152830791765 0.830534022676594   3.62707364586179   1.35030809982468   2.75897148510002   4.90971440793169   6.49919918060971 -0.502390839422958  0.299218373259161   1.06850862429148 57936
324227043090.809 840 0.497232033294987 5.53348656210413 0.0594358464654892  0.185480884443226  0.258185416295425  0.422910176628829   0.43121161412183  0.712301165519399  0.846931498155305   1.81989432776072 0.709799841420978 0.277648407957584  0.58784758954445 0.746167018404925  1.20176690440975 0.731808597928081 0.691277613435124 0.828674757985268   3.68020772572803   1.34631445681819   2.70868442099878   4.84529575892646   6.36166644938042 -0.486164402837514  0.439102551855452     1.175772827874 57747
551912843075.788 860 0.471001879747738 5.31628440150365 0.0634620969667877  0.184307202935671   0.24457093362823  0.398700749778376  0.417627307219246   0.69298590401336  0.832312755745102   1.79362162081894 0.692989660861921 0.277992067369344 0.597211229906111 0.738294877624473  1.16091007609954 0.721011529691419 0.691048993517996 0.826446622787682   3.67580878164296   1.38511336867599   2.77113454376477   4.58901069197677   6.37522929261388 -0.607265267218762  0.250193247725967   1.01859875451724 58478
535102901415.596 880 0.410481536908263 5.27726615954812 0.060902165371897 0.182944403338514 0.236599551195092 0.401350049168727 0.435184081462664 0.667488793737568  0.80682118121991  1.69609717603673 0.734831470028156 0.268123005476402 0.577156623727658 0.721217491743114  1.25334776446019 0.745645396048242 0.737434902327502 0.828337000902739   3.57080154828175     1.376513325368   2.69633767205503   4.65512700601537   6.32247709082508 -0.696277576019834  0.274169546400338   1.12524445426042 57321
319452083831.89 900 0.389487381452843 6.1234897141798 0.0561945843949901  0.179666672235136  0.220501200057914  0.378117017991431  0.416499126438749  0.648780760832401  0.815056982436078   2.10713542729228 0.713984096890015 0.256807575581763 0.558226540057125 0.708810779882616  1.24818913035455 0.729335459243264 0.757301568333959 0.803080140979189    3.5061286578126   1.35281007065305   2.69151870923763   4.82568218798407   6.47211251655245 -0.566577724539659   0.48033969988733   1.17703833560509 58051
259340984592.914 920 0.374661891063427 6.30685605069983 0.0517594996464902  0.175909782291362  0.215743933730259  0.354981973105291  0.389329451004803  0.657157629350335  0.794412157098153   2.05880828244435  0.72247888315975 0.266263246923646 0.536927110880661 0.716703501850827  1.27896691000649 0.706151546096964  0.75834790146593 0.785114456118541   3.54201288143047   1.28026115007427   2.70096278595413   4.60119118879014   6.13586968342686 -0.682784001001612  0.334584770356693   1.04958969506017 57892
392800166054.189 940 0.399894915172398 6.13887818270856 0.0558379791459468   0.16192837693414  0.210999609126929  0.334048238249717  0.376293050812223  0.651022239305007  0.826299273922857   2.10430032955193 0.705951909739595 0.280032231490804 0.533196542821313 0.708039638345262  1.23759166024176 0.696764148337017 0.736457080892987 0.768995486398746   3.62862023956943   1.22074742736801   2.76965610390824   4.53254900189717   6.08364652763045 -0.691304453345894  0.227858916167755  0.922534429459211 57766
336310922029.205 960 0.397439940077751 5.61444424133466 0.0614443511804751  0.152090990717076  0.205772081262408   0.31449790884369  0.368490065827119  0.627535106613362  0.846562950500573   1.93684786334552 0.701522760808815  0.27281830431755 0.529187346968513 0.684573287447959  1.21382945273909 0.673951748173801 0.767404474653823 0.795754165811485    3.7258073095243   1.27835753264325    2.8477089200981   4.58353541587397   6.38636166280964 -0.715504310931312 0.0315377710763268  0.799374546332325 58082
523819579115.321 980 0.392833348550203 5.67130885936717 0.0586071537467378  0.147479656971478  0.188689269401154  0.310739798510242  0.358747070890188  0.590611720903402  0.925070893957139   1.88502550013051 0.686389474861773 0.270948564809972 0.522688183295321 0.689450448872174  1.25958860767813  0.66056716204356 0.765151582289895  0.83505264820467   3.76010223766224   1.29168081539185   2.91536317493242   4.44991273751917   6.10756492570796 -0.808766295860535 0.0647246196047769  0.781411877256025 57204
442505678435.271 1000 0.40076647440186 5.74672015772538 0.058663671268038 0.150591140803813 0.193211249353892 0.299603123530048 0.338369250393875 0.570479414954297  1.05049737430097  1.93735557509245 0.667315862051226 0.277483977178232 0.532674616326696 0.679159904357451  1.22323427513685  0.66225853153426 0.760568347772611 0.901944190805351   3.69313972427695   1.35854023774413   2.73093536115124   4.50030965292028   6.17102794794452 -0.893735018710697  0.106057939335276    1.2077616350934 57710
425211278538.131 1020 0.384058113779095 5.51823001552235 0.0590020481877341  0.147930533940201  0.182087136725212  0.304622121040419  0.320765375320717  0.633623296368878   1.14947046090726   1.79666325683157 0.649499781750102 0.280692549299268 0.517117918354983  0.66488182819755  1.17499795953947 0.670386587269351 0.730786781764759 0.889402089419748   3.57248496050734   1.39135703731364   2.72956856868919   4.43064085739209   6.19678522068845 -0.766013203566128  0.180585095489665   1.13299944378969 58862
392728350618.573 1040 0.372258432540436 5.21916149793476 0.0606029323198658  0.140865178270425  0.172801257823471   0.28549487357102  0.334975787693341   0.61214931734142   1.10754902414232   1.65080246789367 0.623615377458306 0.276627303460385 0.519724343994544 0.662675101189083  1.19162242187551 0.654933714953732 0.731144366320541  0.87820150244746   3.63308273336409   1.41252206290897   2.63967992643035   4.53397858783424   6.06761286105068 -0.707503403271056  0.335752060251831   1.19796110298017 57814
331527990392.77 1060 0.353603966102399 5.41088825178207 0.0566392312750458  0.135279687142392    0.1733143195213  0.289131956658089   0.31526230222142  0.636081079094815   1.06540695952185   1.65826708266663 0.628244167048617 0.270122357149173 0.513295967342364 0.633947118957363  1.18668996491508 0.652330579425793 0.712726798543454 0.876570991089347   3.76303348237883   1.42582631801854    2.6524132018844   4.53235200757936   6.21089551792892 -0.620259637420183  0.262060346961007   1.00166720972161 58341
430086460741.895 1080 0.331942138590593 5.69607717668852 0.0522184924102548  0.135240526408697  0.163394046860838  0.278973760963661    0.3135980962528  0.594903433712908   1.01057021254759   1.69424440129546 0.603678470994968 0.265133668573473 0.503050975647711 0.640798259371799  1.18071726509999 0.631180628709602 0.736979178068371 0.844018823365238   3.73488647202289   1.39433500408333   2.57846080778215   4.68583185142221   6.20658714747557 -0.631025213373787  0.339893717374288   1.10040938548393 57440
340477930162.68 1100 0.316555128978835 5.75861798986305 0.0507467195214016  0.137525696998702  0.154011737481604  0.260092298426359  0.299690599182077   0.59197234411271  0.969508653071582   1.68284653233829 0.588350005627476 0.258553913770044 0.486752338113175 0.643256512420809   1.1270922082143 0.639857899567011 0.727809974257015 0.872020296661067  3.79000152177216  1.39032095782682  2.62505974272863  4.61050274630749  6.22934803481644 -0.51862085872114 0.354251333875152 0.907003273802706 58499
355463445424.992 1120 0.297271816339209 5.68992780293827 0.0479862685663334  0.130717756768674  0.166620160204448  0.250746485948304  0.288898351299208  0.601309534563657  0.993747007060635   1.55356880433937 0.621839904827691 0.251574971206997 0.476955054691929 0.624314242781908   1.1780011061986 0.627103809103838 0.759071279606004  0.89355676148457   3.82616285779556     1.391486680343   2.62279918236472   4.65579454042038   6.55044424894007 -0.530317706274494  0.222806262732001   0.98764674290122 57681
368831495709.519 1140 0.296389890632026 6.19583126956776 0.0464648480528557  0.122099652983285  0.156911847477808  0.236613662204017  0.301258819127398  0.549710079966773   1.02604131486474   1.78370769374874 0.616283172733599  0.24791983346982 0.470008993198086 0.620854818807786  1.15810808282293 0.647842755753464 0.738883653253585 0.891346534085203   3.86655965421783   1.36800623766073   2.58127204012994   4.65880778678841   6.58011520395861 -0.421990607214832  0.228716368428187  0.844640752651563 58242
231114669289.855 1160 0.284531549551314 6.202209916105 0.045666097242263 0.122285965939325 0.150544122131419 0.225320737061257 0.309177412483507 0.572032645311763 0.967317249693877  1.75665638723592  0.59375194318752 0.249151463273914 0.458701350770208 0.618904965894126  1.12355200246918 0.652227644115074 0.722034211318837 0.875120786760498   3.83659596525727   1.37684211579789   2.54320383499182   4.56102681510267    6.4737960878807 -0.567854447722093  0.231881911429135  0.837179241197025 58432
409824104316.892 1180 0.28214330955041 6.0984673687576 0.0449756238452231   0.12275593109677  0.151886710548697  0.213108626835692  0.289656500536724   0.57650799685273  0.911414403554651   1.67270211016236 0.583805168297097 0.243686239027145 0.452551213255882  0.62512896991851  1.10017657935551 0.661111495724765 0.694165049910998 0.869038174275548   3.73498705757464   1.35673744999158   2.51731636072513   4.65610019428991   6.42475189305257 -0.685039862106822  0.260578304411625  0.993602783308752 57749
273481684573.925 1200 0.282194126913439 6.14629819930673 0.0419561826650324  0.130869435827544  0.148947422144193  0.219000180133245  0.297270022450976  0.552814971557872  0.904513514254625    1.5849779386468 0.567131335898542 0.242938103976501 0.451779725996776 0.598770317196534  1.09223540003288 0.666544410481171 0.710243128733719 0.854761215858795   3.71638409468941   1.34738325259579   2.58886066854667   4.61303866252032   6.28818588547397 -0.754019879494004   0.16580544932732  0.958177656595377 58334
483197808028.325 1220 0.282683982044073 6.17892748105972 0.0394558012552656  0.129544364264537  0.152393391879887  0.208595982370744  0.293552930033919   0.57440861562528  0.911269510984233    1.5063887499638 0.558590534064092  0.24471520256318 0.454104753887793 0.578488537284163  1.09076617545242 0.668224252945257 0.742967060901846 0.921737010783616   3.80589927703422   1.35141920458734   2.61871148085174   4.56388396488936   6.51430512694336 -0.621626657545902 0.0115266005913923  0.719578379920315 57886
370409524231.631 1240 0.290030040148335 6.47745244707813 0.0411748102097623  0.128030647352777  0.139743792582172   0.19912895445569  0.269201934300972  0.532617153897292   0.91317783140117   1.72758757855317 0.575024084034886 0.244127303337607 0.450674562572541 0.573825535467855   1.0534225061849 0.643181146904945  0.76535470276618 0.905652668486791    3.89199170751344    1.38670145477538    2.66743675903012    4.60020614437977    6.54790644068525  -0.626195019781849 -0.0939148150408536   0.778855125610295 58199
253905443607.666 1260 0.271429595428 6.6125989385714 0.0387153203212035  0.122512788160481  0.156000762907181  0.182117875083037  0.274197612637217  0.520674181064504  0.864887056799385   1.69288408824135 0.562722306733354 0.240410543983027 0.437276121534547 0.564055976050527  1.02993209360919  0.62951128206731 0.779732249142582 0.892952234289888    3.87253063521352    1.41660850330353    2.66537195578272     4.5545096005948    6.58134646518122  -0.575317852367327 -0.0143877370686048   0.845978541734933 57587
310995328154.813 1280 0.247009377979517 6.82179009901482 0.0361314677057957  0.125045938400208  0.151954217726655  0.174923460276455  0.262547153976466  0.482917632867593  0.831250333994037   1.68144361456141 0.545120375455308  0.23878364199694 0.431258392420902 0.549521420315752  1.01361614748641 0.635749817375977 0.749770160559852 0.888190438554271   3.87866565732771   1.40134866707364    2.6223805105692   4.53810990881149   6.53555291527997 -0.485101462200482 0.0502441763833837  0.714274369113579 57967
393652151004.539 1300 0.249264236265841 6.73573570442791 0.0348727595350919  0.121377092504495   0.14571437582224  0.166999663630353  0.252667733980742  0.490951560385378  0.829999506861547   1.58218182466527 0.577472995260545 0.240351300352272 0.419937880839522 0.529257170901688  1.03971334310064 0.621897418292901  0.73464278053478 0.884471966245637    3.99369427352488    1.42060116870177    2.62297966091765    4.51424974419769    6.67313858350889  -0.525101123105556 0.00644365851331807   0.668904618354943 58195
366319530326.792 1320 0.255295077884254 6.70538782944924 0.0356542997569173  0.120491271559612  0.139306167714377  0.175000202216619  0.253553172597193  0.464566912937211  0.845786985014724   1.60309668152159 0.572406042860826 0.235864126543631 0.422263775407234 0.547433866225845  1.06624662010174 0.623509342010984 0.764782725467072 0.853183549495078    3.9968074579137   1.41027610555199   2.68685137017838   4.41592785814074   6.71860970823728 -0.542793628314412 -0.167822192166931  0.671187357108726 57739
308236677968.202 1340 0.261712281862114 6.93360475399693 0.0341601188495292  0.115380186029579  0.146014247258993  0.175015775386155  0.263073047525153  0.499200338292743  0.824644485683152   1.64224343973585 0.580516182875638 0.235985964164829 0.466883150474951 0.546330559820012  1.07824298524379 0.602595869799486 0.796975890044701 0.912308479182293    4.0091496803392   1.37859769212999   2.74574929822435   4.37278443527125    6.6719599968371 -0.482812517697787 -0.199487311220195  0.485848593692803 58201
309032544597.973 1360 0.281582203350053 7.49690222729993 0.033140103841754  0.12141205338038  0.14248955381186 0.171700754907014 0.245136845552971    0.458844736677 0.867037119027079   1.8625912514832 0.561229877109592 0.235979339146926 0.471382622694108 0.602384129806087   1.0682278156198 0.615515548877504 0.838924736114726 0.910976845723757   3.98506329675038   1.35739017464012   2.77573177718112   4.27483025517069   6.75134393879855 -0.413824945727763  -0.23939131903708  0.419766618039075 58341
383660009016.643 1380 0.261640695614187 7.54530377051468 0.034001525177385 0.112526755676593 0.133428854596168 0.165621415592049 0.285168312319236 0.504298941651573  0.83856968211548  1.93576153644019  0.54189654247717 0.228784392724941 0.459622905374892  0.59921227806614  1.03784387204594 0.611385150448689 0.824709626244666 0.909373502560232   3.98101388739006   1.35772033991093   2.71770704723627   4.25250456009723   6.64970371240718 -0.408621680252336 -0.213910817141929  0.414735050623963 57536
258109044916.004 1400 0.255349960671235 7.49423217068946 0.0326756148639283  0.109067089251406   0.12451538669342  0.165995043456965  0.264243982041433  0.507317101641479  0.835328939590517    1.8351774126063 0.540395345208335 0.224895918519032 0.474470699218709 0.581584742394939   1.0162659349136 0.597796420724614  0.82903188570076 0.892498201468703   3.90857164377043   1.35900350790303   2.60579376908748   4.28839849376775   6.69323502608579 -0.466028676083657 -0.117568379991497  0.561418446920794 58264
412534189377.713 1420 0.263359459976097 7.44085482630747 0.0312939626023677  0.104578214538543  0.122270639870403  0.169639619643618  0.272265344507853  0.505826059591083   0.84146707316662   1.73263156460296 0.541435537684548 0.237585663987716 0.479613952367996 0.570523973784288 0.982632908908075 0.597386125902478 0.801506484609759 0.878416941896271     3.9065560050822    1.41947407913313    2.56652693598618    4.32066522167642    6.66098527772442   -0.52333666937606 -0.0854712203149131   0.611594287392016 57859
401795562981.548 1440 0.259659417024712 6.80001812886018 0.0358518785891017  0.103712972818171  0.121600626683722  0.166988506524588  0.273658327593432  0.467599810775493  0.814381294614115   1.65779970534209 0.525731826923754 0.231683284786023 0.486770437413779 0.555114296799975 0.973221856746956 0.593617543130315 0.782911073087025 0.867625027974381    3.91295803278013    1.40701066205052    2.52969112388264    4.34929718155628    6.71730207465119  -0.613781349392702 -0.0401765150488786    0.70178023818043 58545
334755904490.287 1460 0.283915308121656 6.80212308683735 0.0350732751076917   0.10195100304443  0.113856529875636  0.169639857121458  0.258303374860453   0.42842029685487  0.810388506017896   1.62280110415101 0.522081296909412 0.224836464716986 0.486398752340892 0.545880341038018 0.946428254411171 0.657299559977827 0.780830974632103 0.895562691511503    3.85108338498543     1.4043727955531    2.51815059394559    4.35351541340601    6.78231782806314  -0.763316857710271 -0.0876719473907272   0.865904083875392 57493
398683264155.086 1480 0.301007600247817 6.6946901064763 0.0348040566680942 0.0977308082473523  0.111052321126179  0.161979673075594  0.245577082766628  0.469491943318935  0.916673534984182   1.55987868693971 0.529656852535354 0.218525498859855  0.46879042073249 0.551472023261017 0.910615256840448 0.657382640706669 0.761728874792576 0.872524885790576   3.78294304262317   1.40722936826007   2.56872875824055    4.2227812668644   6.77603658813822 -0.761278844434713 -0.119457481338826  0.848891537217668 58174
354798351067.757 1500 0.270575171892621 6.65151214161363 0.0328006660274474 0.0974444084994091  0.112046481963499  0.156256274638113  0.242803191199471  0.476218739293551  0.886321303335735   1.45118719845222 0.522640430936946 0.221012453811119 0.453746938986539  0.54353216884584 0.882377257833574 0.646121678808872 0.754739511247376 0.865365909515846   3.85256766062835   1.37427952460268   2.57151898088712   4.22107563086363   6.76802677531486 -0.701449239525508 -0.154301206830945  0.669503993545697 58603
393644770081.236 1520 0.252806475923546 6.58698259182793 0.0313810664796624 0.0995726051318301   0.11002474370438  0.152628834697285   0.24835907878488  0.485393056654907  0.848934007234425   1.36157237147092 0.518617560543862 0.214980737265788 0.452908991590921 0.543907184358762 0.886794079184336 0.619598662875667 0.741540076225295 0.838420598804141    3.7853029588655   1.37298088735734   2.59174448152574   4.21341193052189   6.86808872652524 -0.720172071530115 -0.181084712603269  0.738132544864134 57576
329949503846.155 1540 0.278475999099584 6.46927227689257 0.0309066816216456 0.0972231354610981  0.109822982348064  0.149719568735885  0.249826687507076  0.458704527093398  0.849585430684196   1.29349048497045 0.549628680206639 0.224060039280295 0.443577094766548 0.533760353459521 0.871942091783768 0.608490766167976 0.720585487765042 0.821735324138287   3.68379807077914   1.32451515091746    2.6096838029209   4.19835953986038   6.81404454605648 -0.708973307554428   -0.1831689077443  0.674711103566732 58154
341717139725.364 1560 0.298210698025548 6.5518162271906 0.0284562990669109 0.0962732093773885  0.123984431038544  0.147180302006604  0.270642324960013  0.480265900870109  0.790665772715125   1.22152351325023 0.550777258956845  0.22156800534268 0.456624088662204 0.523222002794563 0.871719659069935 0.616035979789963 0.698308899722067 0.844594383210068   3.70689360811113   1.32576637747286   2.54169673563784     4.201982609416   6.73472831126222 -0.772841520249954  -0.21043651897406  0.588270107642409 57362
409566770820.978 1580 0.287255082656722 6.73049567489259 0.0278043474608802 0.0962968818308067  0.128263991973654  0.161940858854772   0.25915034818591  0.469722692371562   0.77238111529445   1.25952504054428 0.542906874922235 0.222809880144804  0.44994007816818 0.513208605858455 0.884191747910842 0.608747887102833 0.694343245818812 0.855240878433567   3.72722487975847   1.32253738420035   2.61086624852276   4.14126600911513    6.7165884762244 -0.681587843562861 -0.280826938039668  0.470527611062675 57994
431821496773.4 1600 0.286415512882134 6.90161764513996 0.0277341498967094 0.0872560318540482     0.119470223836  0.152755663120096  0.245798518118308  0.457855736249323  0.764227409273563    1.3210420725329 0.532991083081638 0.234689393595146 0.443834039534373 0.508977729731928 0.881513796146502 0.602915977398394 0.679143293374063 0.837009141635272   3.65396090481072   1.28506015424788   2.58774739160937   4.21245299475765    6.6174314720039 -0.653701243531535 -0.197369643186537  0.464592438451661 58216
