nan 0 0.72 1 0 0 0 0 0 0 0 0 1 1 1 1 1 1 1 1 0 0 0 0 0 0 0 0 0
7452557815927.83 20 0.742352261665309 1 1 1 1 1 1 1 1 1   1.0797340114549 0.965789484465054 0.994164579849086 0.986298603921459 0.971062123393502 0.981072839202636 0.988879122033271  1.01016774222688   0.828713466445593  -0.149143804047073  -0.414696648970948  -0.258778116148288 -0.0924198785506253  0.0724983933674395  -0.183521596271834   -0.37757112110989 101879
978906633459.224 40 0.845594914675332 1.22039804485097 0.900180559962029 0.903381219790178 0.913209796006239  0.93688732631502 0.960534389745409 0.961158210014537  1.04745468869625   1.3407031699297  1.17658259670062 0.958259768512322 0.961101607737677  1.00554819231534 0.988633711993884  1.00957551295325 0.960052241981818  1.06617120933043    1.48023458845698   0.192698451769436  -0.228847077962796   0.389177233961596   0.100399822819401   0.334635587242006 -0.0272452469589961  -0.775637451416057 100316
515043182148.272 60 0.929874376560792 1.47017440547924 0.813464140493088 0.837548632895872 0.862722485142041 0.913021538352047 0.960113621615854  1.06275807703987  1.08465225913045  1.75823179138849  1.20965425243633 0.929315414733734 0.937176201485878  1.04861146727329 0.976042950283039  1.05168310563196 0.934830588624124  1.05668114228366    1.57531489534423  -0.115142713068733  -0.258416630642205    1.07172876852231  -0.284501623635332   0.754016272465247 0.00150748770603411  -0.882134387267935 93527
279497364310.068 80 0.989087871583602 1.62978901848694 0.754246228351539 0.765214218606334 0.864540571484975 0.871512855163272 0.974810818549411 0.991287450449029  1.12890604385019  2.00343806732695  1.19321136976099 0.910324619439408  0.93471302938584  1.03311323412818 0.983612859377216  1.07866763408669 0.895539624147285  1.08837249395951   1.69179478337212  0.334445612388992 -0.442811218242422   1.10017977612771 -0.682557478315915   1.31295470596514 0.0530159904073764  -1.25095093534982 83381
172628018965.63 100 1.06966566377762 1.7874861187422 0.695272707674029 0.720280309207871 0.827165801226409 0.849441636630233 0.923027922598763 0.987066091348786  1.08729481055701  2.22147043425964   1.1825842743635  0.89579769011372 0.917096541380822  1.07787234115577 0.995405390771767  1.07460544297591 0.876313603183257  1.06337432503857   2.00253384928534  0.612318240680194 -0.779537076646723   1.85177451763441 -0.730928764632585   1.37397210676129 -0.106232150650488 -0.711424168697272 89874
125369686013.433 120 1.1886029428552 1.8998989004316 0.634502757302433 0.708388984546872 0.773213642775709 0.803646142197077  0.90454036001853  1.04640986670357  1.08712020228976  2.29031119811845  1.14027280301313 0.878790206788715 0.899119311899936  1.11490632979625  1.01917318838756  1.12275058252094 0.839864845500621  1.03810250144823   2.04702907591679  0.967032773382645  -1.05359733252433   2.32641884652374  -0.49615206791324   2.12937249309421 0.0119093309299099 -0.277573915652333 83585
156920536836.6 140 1.26520302553401 2.01795735060249 0.584285997435461  0.65985991057419  0.71730753513053 0.777149576864992 0.901592943089379 0.994183681800606  1.19255761349514  2.37930131640007  1.10707929075715 0.878122953653316 0.897290810261087  1.20161489157437 0.998728498921111  1.11033961245217 0.807178914302572  1.02550809456483   2.32941485931662   1.29778088560695   -1.2652381567413   3.11169566297064  -0.83731678881777   1.92413201820265  0.275510039807536 -0.131560462238995 89655
88454730059.9832 160 1.24405982165305 2.12088103317075 0.536203512853117 0.611794924574674 0.676054913765622 0.783833500482403 0.891143730582277 0.935703577640265  1.33260026909791  2.41191651584249  1.06758114796533 0.856213289742677 0.901251680111754  1.19633523115718  1.00297365922295  1.09922812693878 0.786161541975606  1.05994833855243   2.40148452786677  0.692918436691377  -1.53612749485705   3.40443916164576 -0.273071788172729   1.76791568043094  0.628246517328985 -0.330708607303323 94957
132618085490.962 180 1.29613957333734 2.15266510537403 0.507028435398184 0.602267110776366 0.645204637577341 0.768921998831815 0.891630658489161 0.954002168116379  1.35349429263861  2.34955306603716  1.06224455562231 0.820430931970989 0.872827126371109  1.23527962395453 0.966027879887457  1.15230831366275 0.801920668782666    1.031264375377   2.88041936688733  0.821753227329882  -1.47540246763752   4.08900619751828 0.0462758079097356   2.97468750239439  0.850578258696751 -0.949850973156949 82355
119259209044.585 200 1.51454336521816 2.31784285975561 0.478683489080114 0.587691728593169 0.595158340044844 0.736521710245254 0.882399151810522 0.927087565235226  1.27760161892181  2.57167703343828  1.12258018228522 0.796325535311367 0.842784992587003  1.45125726610893  0.95753381816819  1.19436311944351 0.799376431455588  1.00886745941578     3.66975823686161     1.08727640466973    -1.57434834181144     6.11287952579081 -0.00578424752231504     3.64608420806781    0.683119690631239   -0.376379210006285 75541
97405273375.1417 220 1.580543894866 2.75017685529916 0.439673402363572 0.562053091231876 0.615959731344596 0.701437424722966 0.813761967561199 0.910382127507047  1.34221978787072  3.32545779126763  1.11544715602905 0.773515591212938 0.813343687994319  1.48950708979809 0.933706955893663  1.22389332662353 0.798395845945152 0.993008396970589  4.18048698342205  1.49197387931462 -1.64405334375466  6.00796692638274 -0.22274764661296  4.36922828535515 0.715518339743197 0.135167254963387 75477
105637999384.676 240 1.53490457887516 2.9137265856293  0.41962269787392 0.525030714587461 0.588410367920494 0.674638551385202 0.780238573163919  0.86348964489872  1.30198878292614  3.56251387806031  1.11073556529268 0.744398285204727 0.802500752651597  1.45502506914172 0.979994368766408   1.2346984145497 0.784858178915885 0.961585467943987   4.13212751314528   1.55743261172703  -1.77978080578445   5.42743897110545  0.520873994181735   4.84303793857646  0.913391717463048 0.0613072166927797 75775
116961483944.833 260 1.49242090703453 2.97752543121449 0.390234218901646 0.510004016494841 0.559457569194423 0.642681992455349 0.757447622700826  1.02739886128712  1.22757853761878  3.45968300508368  1.09481862976028 0.718796648744694 0.787166548946778  1.45579456604737 0.978121242846426  1.20956753503698 0.778769482299063 0.950328463638452   4.1127749624063  1.66757799586702 -2.14309139396675   4.6858333088051  1.07095946873565  4.93832622960371 0.883494137972496 0.223776877334946 79813
104135563457.713 280 1.5542185815837 3.04108900570381 0.361775936527253 0.479953340415944 0.524298040000682 0.657924560368092 0.713344142357973  1.05853423432355   1.2420317790344  3.34578429848739  1.11287871290186 0.687280787796265 0.778109065521196  1.45923476519767  1.00686330220057  1.28180306837556 0.763644745858211 0.934771019430887   4.88447585105003   1.71841946186688   -1.9577571020921   5.20755378367767    1.9225314518778   6.26745245683783  0.686020840517987 -0.411941486477953 72598
117084997283.206 300 1.54654638429063 3.2080561748541 0.339931544266676 0.449318051204229 0.533297180967442  0.62223882381862 0.697491466592748  1.10099025967925  1.31770159179291  3.49844778244979  1.14606768851951 0.654885053998983 0.752504303358311  1.42988951616423     1.01432989131  1.26141889766572  0.75427796938656 0.934943896630101      5.8408049046054     1.47580617657579     -1.8123801936697     6.05491387425285    0.722372900122145     6.14870831961448 -0.00209395777653671   -0.335381682641011 73414
115155063429.915 320 1.51675686803229 3.2660702348104 0.318032895189464 0.428885641066001 0.536434796045788  0.60819044820639 0.681559570291384  1.16602216305493  1.28463973083347  3.39252519968239   1.1978407951648 0.628119047212784 0.730681555407967  1.39126808869723  1.04513075176573  1.22147530993451 0.751450810658644 0.941456225997916   6.05279688956182   1.29209352753416  -1.99839196995044   5.89054745518234  0.876428557745767   6.11301093609171 -0.449841319760858  0.153679344273157 69928
98767537615.9699 340 1.3763700040819 3.35460892411871 0.296147648987298 0.400092603548678 0.538370512895632 0.591093610355035 0.649104120131836  1.20871447027086  1.31800567999537  3.33266825926424  1.18109436946141 0.598082401437363 0.702728498433267  1.40175401633243  1.01323471281678  1.21316150216761 0.733135641240846 0.912029919277197   6.36947692043975   1.37123851220541  -2.20904960618794   7.12765593743314  0.610932458646562   6.92367103745471  0.132432376242715 -0.115685639392469 72725
89698361394.1577 360 1.18215989935595 3.503832955816 0.276412815498008  0.37675709857655 0.495332643071148 0.571563537354318 0.636498496018199  1.11158611106064  1.21749188988606  3.39347739754484  1.14322732439588 0.573403197110136 0.678048095112578  1.37007017042922  0.97653907587035  1.18810744417785 0.729124606293589 0.882339874196286   5.86298386660751   1.44002606228788  -1.90865102385091   7.06271343222109   0.33600257586329   6.71173682102862 0.0109957266728009   0.21233096454222 75175
91273470515.3013 380 1.14150599449433 3.49221831127697 0.261585935245727 0.358073431533628 0.459269653912646 0.561450474293009 0.638332618847797  1.06083820708572  1.11823083792498  3.19019448475576  1.11799822034935 0.544640404673357 0.666270421264328  1.31737994936451 0.940231971858592  1.16853268914056 0.761777325955525 0.850089024808292   5.45424696272461   1.36146261153465  -1.66179449111289   6.66482814954371   0.61244984188441   6.92015291684138 -0.706794879418669  0.143168352506926 70318
105449334196.522 400 1.06749295376064 3.52234398568596 0.241388493205658 0.342080373193939 0.473660646597986 0.550687371659446 0.627627788386579  1.01645723835126  1.03163371276085  2.99488462312539  1.08658114227972 0.530572944728573 0.645211117150804  1.33767091375706 0.956585018045159  1.16187579204344 0.747338619297032 0.855663583327344   5.14382330209019   1.47973426686814  -1.77044980788144   6.91850044190778    0.5942149872044   6.89887348303639 -0.628808777122275  0.833335133370839 67199
101516240706.604 420 1.03858263370862 3.64877649814956  0.22528007394819 0.315905844129218 0.434589456819881 0.549958746162589 0.640074975028545 0.965239844306645  1.09318156073613   2.9992820191217   1.0721123817007 0.509507658083637 0.637420438379237  1.39531713743926 0.937762169758168  1.23056505048072 0.737444010334568 0.849616027504671   5.65198072836383   1.35646550512694  -2.04128133576198   7.93328279972258  0.479261149559122   7.64545785307742 -0.128121364598858  0.912666735885335 75035
100278895237.434 440 1.09382756953297 3.87843834277013 0.219411246340686 0.304841540074342 0.423390175438419 0.521778490916156 0.617278245013352 0.949410078055477  1.08504098359355  3.30044627557041  1.07557881523752 0.489061274725725 0.629227828315624  1.37002994223359 0.911383809473942  1.19097637241222   0.7784479594417 0.853029882076854  4.88664711960383  1.53278939081398 -1.89693756664144  7.85951942393353  0.77994554810099  7.56583522556937 0.559368807199293  1.34121906947852 76062
102318517394.672 460 0.953961285276491 3.89018246030698 0.204594685713982 0.286391763631502 0.410699552409287 0.543627252208862 0.604171890634752 0.886648548976678  1.21927541919568  3.09623768108715  1.11275332656782 0.466179895369808 0.623621643758499  1.34450618542782 0.916078051527471  1.14602334200415 0.782142586289515 0.844032449365634    5.48007697937301    1.50512799401927   -2.07050934432432    8.20535903473385   0.212620486186177    7.37316980134475 0.00422140054632941    0.84275648402332 69698
92781021902.4999 480 0.880345061714675 3.98939355725891 0.187814960161825 0.279273565932872 0.395804094701254 0.539006840998209 0.560266616233462 0.864130159819632  1.31343045561193  2.98912410217183  1.07868306256529 0.447986365215312 0.618026167456767   1.3051779743236 0.918066187740226  1.11916627106916 0.753254759022002 0.843429263662061    5.87782574514584    1.34025184962472   -2.16218275777469    7.54932344300084   0.688699432401216    7.25078348811587 -0.0983096229083942   0.312315006455503 72015
97519054772.7791 500 0.861318034964432 4.01614910959055 0.172033889060639 0.271259573316987 0.367141884282466 0.493403757139459 0.552565814855661 0.909917149209797  1.28270443214787  2.77481264335348  1.09990971553554 0.436918077004518 0.603467691811028  1.29255926120792  0.93911106299742  1.13976434891498 0.744512798623688 0.828615873970933    5.2128614581669   1.35614490778498  -2.02442837562211   7.21943528273802   1.22659966694058   6.72392985658594 0.0863946762014247  0.313536568472847 73995
83265468149.056 520 0.980091876456585 4.16891977549827 0.164782954856413 0.280246333659837 0.347906252191076 0.479312208909669 0.583039894973049 0.890360016720095   1.2479197850156  2.86390997442401  1.19979680976274 0.425871757414721 0.627264920416329   1.3210512370787 0.951939117724631  1.24267897402852 0.746325415492231 0.811876561264252  4.14262339487467  1.51593554132974 -1.64664811170768  6.49100467939612  1.41416884555069  5.92891235912451 0.437677775610096 0.549204385889741 74809
89232370373.6741 540 1.03627784809691 4.72090738806283 0.155081432937178 0.268210378935207  0.32848757003835 0.466157286290222 0.589661555082279 0.932339254901137  1.22986889357331  3.45629471098157  1.18803687143027 0.428549180646745 0.675583045283809   1.3064648969393 0.949502302515453  1.25689719187622 0.732638641996682 0.832421743505094  4.78278721321051  1.75491889201786 -1.23553560797665  6.57150078113542   0.9121929108622  6.11874854184327 0.415169723100206 0.313253119063325 74072
108067184391.387 560 1.08514557947665 4.76927960029073 0.151396224090832  0.25706468797661 0.322477035874141 0.493513976089029 0.623918180880547 0.862404799439254  1.31494185601011  3.44366273799514  1.14769429515162 0.414689921473709 0.670882859276474  1.34595402700202 0.962091848617693  1.27506333001257  0.72700323231757 0.801844934399692  4.75735770267421  1.61124733436582 -1.12259718071759  6.21491055150712  1.59179799756537  5.42263976923425  0.41144844164956 0.446190877842709 71778
91497490730.0534 580 0.972493004734408 5.05348965002338  0.13995147167304 0.269405006742375 0.328910122235998 0.485264076161205 0.604733145408758 0.849068895908926   1.2223627156287  3.57404676535237  1.12772838233694 0.396397604543216 0.655076522139039  1.29738746789729 0.958699164668761  1.24162269152963 0.708681146585739 0.789024992951793  4.52117401706929   1.5693175079391 -1.15144078979831  6.46758126254568  1.34035739902563  5.25386154210077  0.56710479609037 0.475390242340541 70137
87200300908.6726 600 0.85839675009805 5.08751557026804 0.129830953062055 0.276424392066229 0.306904743752016 0.462853777717673 0.577343295365555 0.824929224114881  1.18808537680182  3.36039049753689  1.10659249583625 0.378631219527053 0.655132097610692   1.4126213539884 0.939389991746333  1.25099970160598 0.696008255577784   0.7599194879136  5.05802608844644  1.49361017497485 -1.63636039557577  7.33043722988926  1.21285306118329  6.22651385626825 0.195310280447141 0.454330981014249 78580
96042770919.3481 620 0.784549355173218 5.4760946013514 0.119937064862952 0.284803788887836 0.291622555092046 0.432674838899296 0.549392732991747 0.837952391164419  1.18895508988408  3.59662617547781  1.07219532769647 0.365868035189062 0.643379055467003   1.3861471115734 0.913807126186225  1.24130759614768 0.681118567552588 0.747116527143538  4.88947870529355  1.50050186531672 -1.50946980259647  7.42291881762644 0.953130216666723    5.987036910816 0.346521561225681 0.191222648274044 73845
91622706870.3354 640 0.811452840861683 5.63684923504815 0.110207609081582 0.275928626265959 0.293733312611335 0.425468177578422 0.516214567357294 0.788798216633733  1.10470156643622  3.50174420819812  1.04286850328193 0.350482222130853 0.640036042178242  1.35640050632198 0.881224630023486  1.20714705727835 0.761755367850721 0.760083734493787  4.92836021614821   1.5342921034218 -1.83729624383396  7.58802460189329  1.16696989913131  5.60966513640589 0.460008950122431 0.147398866421822 69151
79614719759.4932 660 0.822847149380073 5.54871561311803 0.104045880997774 0.277854020834486 0.316678471208157  0.45542534011045 0.685475313100536 0.781422885667427  1.02734837968809  3.20339007074529  1.07066551386166 0.337515733460593  0.64211995143986  1.36382616013479  0.87182082942442  1.18357565874125 0.790897442027367 0.780333146318769   5.46619203475141   1.58978511666959  -1.46282178726938    7.4368900212721  0.868893532038158   5.51193708736908  0.747447804734997 -0.182662254587879 73618
97586165222.1758 680 0.772996957684924 5.74249040332919 0.095974267465985 0.271401205062207 0.322309592948697 0.447583582673563   0.6734615209105 0.813506223376885  1.13884017118827  3.16486625801739  1.04511799879247  0.32481592638283 0.628105270212364  1.38081491160663 0.839791609513846  1.18706580678327 0.776956970064973 0.801485140007237  4.99897203346811  1.58049855238158 -1.41428595815582  7.74280950753931    0.700253966204  5.72044946884671 0.854260218781332 0.458820792860316 70667
95228537479.7527 700 0.764178311835635 5.95216293871916 0.0898804982170835  0.262937513347292  0.307012217236705   0.43209591625631   0.63531331988869  0.780022778006979   1.16778837495756    3.1843081901339  1.03239469120134 0.316900274630463 0.627381384414006  1.41788322644348 0.878013300370224   1.1417185718078 0.760075395995843 0.799321960010462  5.43052878505256  1.53098892799023 -1.52804337229476  8.52025052972871 0.377570897698546  6.00346847339389 0.690628363356992 0.618346760153215 73870
94329374021.756 720 0.838272404964588 6.1252557420705 0.0865100315450106  0.253021316990101   0.28483936833931  0.448646267347689  0.662573138048948   0.76857585493704   1.11140877684596   3.24574892995758  1.07222472951218  0.31177840324851  0.66178136903525   1.5810803597906 0.894071157522991  1.13990912639235 0.750360140797199 0.809561922974204  5.62614756965657  1.46310457671247 -1.74623698703321  9.19569968170824 0.284057444316563  5.92091616966427 0.988684134252515 0.789738749525489 68580
90367488966.9766 740 0.817321310071826 6.89154606080081 0.0815703646085163  0.236966850126191  0.260919972188444  0.472917905769207  0.649150666551338  0.824974734403581   1.10127319904246   3.87405453431162   1.0898115521689 0.300660133152519 0.688025356327224  1.60550018407745 0.869677173920056  1.14744171052959 0.755777246564999  0.78546997200362  4.75744656857703  1.58236033852614 -1.12566610877485   7.7906261430404 0.346623340586909   5.2313299247822  1.12721258334922 0.754354469527861 75063
87088885176.6529 760 0.799762537479888 7.37119611214279 0.0746423621558528  0.219752960172003  0.244558697350254  0.456254421916872  0.622707121435201  0.842154408740251   1.07449086006124   4.05565782434372  1.05842212777299 0.292135639843687 0.671802087869965  1.57277943443873  0.85156649626487  1.12625195516227 0.741925904669435 0.837443272898198  4.60608799313919  1.48761018140789 -1.12375810026027  8.60484360393557 0.281613153895342  5.52564113373808  1.09397196790875  1.16681547754637 70013
92760848339.5717 780 0.744142634141611 7.40257518779752 0.0698638831539126  0.206019896513487  0.235427047267813  0.432258591473233  0.604546580499082  0.842608802969503   1.15679386123493   3.82840941158394  1.02373829812802  0.28367089290211 0.653090475316148  1.59226257598235 0.826186198759635  1.12813405544946 0.777346456298091 0.869517731776197  4.61180681881894  1.47057365551676 -1.30826358699685  8.83777412287017 0.545163139214999  5.42328873104318  1.30056504385225  1.15831320191465 68393
87990361407.168 800 0.66274006305275 7.39662189740962 0.0696839643681549  0.191537773054482  0.217193530780174  0.430086664798984  0.627955795573643  0.830065465762962   1.22700127488421   3.81241077021211  1.01702358016676 0.276040008463774 0.641824678346814   1.5747031300333 0.825894166438339  1.12447404418782 0.749420418978877 0.845744198801234  5.04081083596814  1.51689342938026 -1.17420181145775  8.95821898183925 0.242031691794168  5.42773871792988  1.26242708325946 0.907395761603472 69635
65563537925.1807 820 0.696713695896245 7.53760829200679 0.0656079092046292  0.184713754489838  0.208166806708963  0.396886090517203  0.615414370080505  0.863183007662892    1.1641005314701   3.72754870862286 0.988796512322469 0.265890192620583 0.619111000058179  1.65142167648487 0.817942600600962  1.10759578321432 0.808626770827806 0.835223206499426    5.23694621516721    1.52329383530267   -1.09798042966542    9.51992527575036 0.00519869726660808     5.2898001588624    1.67410928086752   0.909478461453661 71977
99858096666.0285 840 0.782645447091859 7.8852324733462 0.0616255893482274  0.172992582850151  0.199785936619224  0.372752904123673  0.598961134158573   1.06744749499538   1.10092849372509    3.8316875614963 0.987389921177366 0.264256381595015 0.599513863381404  1.68147665762454 0.852789987445585  1.07907022311284 0.852330046777638 0.817667425458613     5.416921083643   1.43224506528302  -1.25583028590168   10.1086942571638 -0.427490049867487   5.34921006115146   2.06645580293127  0.900516103137377 66889
92888103672.7309 860 0.823435309357342 8.17166690656204 0.0586369875365315  0.160353245564209  0.197083685410563   0.35175889750774  0.550714893225856   1.07010733126296   1.21403401928107   3.91555169078241  1.05468806590595 0.260809791016584 0.619721819338427  1.65563547709477 0.859158589437755  1.07326866839138 0.838611300168091 0.799029266588835   6.00330057038269   1.39594756425732  -1.48319282732014   10.3689757205448 -0.595428060999964   5.97687795063301   1.86167560292305  0.768072914087224 77115
90535306334.834 880 0.809994311748675 8.43687184221533 0.0556246196654052  0.149539071075762  0.204152195720729  0.346826599311609  0.512942727561883   1.13271509584904   1.17614283060331   3.95940528803616   1.0476155457628 0.249825109176116 0.615782121511097  1.69956087643927 0.832936210152098  1.03568045042461 0.885534790212666 0.767926777464525    6.0481377707112   1.43899458413966  -1.25528548242656   9.48103820583628 -0.445663062289275   5.93507884139594   1.16773341921707  0.747637674603188 70343
99465762489.9252 900 0.695287510609716 8.82743497796509 0.0520316829574594  0.139301279356922  0.202653143444589  0.319143765872732  0.517941931242824   1.06264628456337   1.21969126769789   4.05449648145702  1.02196409916304 0.243782684649815 0.589360714160901  1.65554663764797   0.8088294826741  1.03190036758724 0.849826063617189  0.74144763241425   5.57822429337197    1.5025793462446  -1.15027669768946   9.09830193629809 -0.233364781995063   5.49509406505928   1.39955406868461  0.872772326281311 72120
97165681199.0979 920 0.645756299141796 8.70715187522066 0.0507400044298495  0.139144859749432  0.191326762044566  0.299729689653468  0.479648825490057  0.994259612216217   1.18131626508811   3.84682775015057  1.00660206009423 0.245039076127097 0.588213528813223  1.60793926400243 0.817996859036433  1.02567908607822 0.835791734685104 0.750537370317226    5.39290271764203    1.56115661031902   -1.23389758953836    9.47632481336415 -0.0592601540001085    5.77138911372902    1.17622927337338     1.1944933785823 74478
90645367339.3002 940 0.569339270636763 8.68443059327224 0.0484423768282336  0.132831605653381  0.191248732756832  0.301045491683685  0.457078113878858   1.05181733193296   1.15179081960869   3.65349183309448 0.975753275812589 0.245215956392996 0.568980348884908  1.61553569058304 0.827224130506448 0.986482484953192  0.84968426584408   0.7296625302851   5.36801352410389   1.47233229089731   -1.2356649643786   9.20382691892902 -0.253391409263202   5.76613050504678   1.07829092372838   1.15785849430688 73035
88318174200.7579 960 0.562025272292555 8.78580886011811 0.0460855144578352  0.122924881417691  0.180504897745983  0.288420674189513  0.461116980031213   1.00997977053374   1.19134400663579   3.55736101541841  1.01341116605691 0.242938244275231 0.553601039873627  1.57935801675853 0.889943075520713  0.95481560892937 0.835518647345503 0.730268612491319   5.19337043515415   1.50244588825325   -1.2194773991177   9.59276444952823 -0.518281222198286   5.77377398171305   1.34702146782874   1.15570036499541 68153
103635598371.419 980 0.536510460447602 8.48683714421626 0.0467301424466242  0.129443592126203   0.18774974089819  0.280692977355513  0.492023316208679   1.09952671246089    1.2199515860164   3.36580415213094 0.988695261673507 0.247320947637592  0.55884367824165  1.60228895229246 0.867645543934596 0.933801458706205 0.827535479170955 0.707661950946428   5.22568633559127   1.59973737968792  -0.99316927370024   9.22843192718864 -0.475331286401005   5.52540747537034   1.47663411021107    1.1120312292824 70514
93760957602.2175 1000 0.480722686011203 8.4966584206921 0.0472391069807316  0.128824448915931  0.191588636361705  0.279404011436166  0.453408414928627   1.05361032815425   1.16429902640718   3.41034250205594  1.00773003093666 0.245251664326449 0.559427818253957  1.64532578725522  0.91663236890859 0.918231795739289 0.803937086015306 0.689081318959036    5.0566444160493   1.57160507730848  -1.16841169838861   9.20075598345436 -0.398762160377502   5.46311741691724   1.48598763394158   1.08714166630474 68062
95818528032.9466 1020 0.433051811562332 9.16269206529655 0.0441635360467589  0.123692711689838  0.192630131467532  0.279577782739195  0.436152357307802   1.00594788534944   1.11032625683937   3.70774639555665 0.994901981023075 0.249364417890718  0.55609052833659  1.59211394759757 0.892732678960354 0.916143761771245 0.810542183376363 0.678219356322615   5.04746741566898   1.51275664276429   -1.1175723326495   9.15880583946989 -0.456880272525061   5.31299710900651   1.57762208178327  0.962957990493583 72510
83879664263.3556 1040 0.395035216421425 9.01097890892616 0.0425949759937111  0.119911801574605  0.195945911996979  0.275494862822307  0.408424663638059    1.0022579358004   1.14608124115115   3.45861582425606 0.970798414899215 0.249761422742395 0.543898842586811  1.61683435414127 0.882205459136394 0.940686060265354 0.805873935780621 0.676272214583551   4.90877955245535   1.51316431454935  -1.07967038603408   8.80572953038082 -0.360348271532175   5.20120048887733   1.38532286415984   1.07474721908763 69302
96208974114.28 1060 0.380191329272467 9.22890161851086 0.041933042298985 0.114454580623109 0.185303866007717 0.265172783819997 0.421888827461137 0.982437308481048   1.1020255559944  3.57154729036935 0.966713321617203 0.245101404161038 0.532772024175124  1.68574010006039 0.909490635276655 0.937272065490151  0.78686606263445 0.657044564672177    5.0141723008993   1.48884438435711  -1.03436245792088   9.41568279077533 -0.618478502599421   5.25252175058424   1.54596982251052   1.12437276105223 75298
84424916311.6908 1080 0.362969940033626 9.68442207298805 0.0408893134914266  0.109568905386212  0.190581448867386  0.243513078147715  0.415061818991923  0.944927008709748   1.09722318979598   3.83492819671396 0.946190005570109 0.237507197025129 0.536363774275554  1.70005919468025 0.912056848234431 0.970394109375606 0.773624324384709 0.671409965798095    5.1181650885538   1.47504414583697   -1.1201959261827   9.64407602950993 -0.744481895240939   5.51234851772568   1.43748768362941   1.17571783451285 69349
88606293284.2311 1100 0.347120039295193 10.1783627846763 0.0380209398312525  0.105673990392687  0.182812252905464  0.235835147632421  0.416762725960507  0.934252176612878   1.10007971696252   3.93893396812866 0.954926032289272 0.227664138219968 0.530249110496641  1.67521208817375 0.902495580300047 0.977138025566297  0.75240422994969 0.649530426012422   4.99413097344387   1.46404686692161 -0.999964767196875   9.43412842488262 -0.635109338754698   5.48571422906107   1.37018000501266   1.17772767515116 70461
85055156526.0444 1120 0.344019470912525 10.2075079910092 0.0373915432881437  0.103852669066255  0.179864745579124  0.228235055365671  0.402865518519311  0.883156835957364   1.07720159875403     3.895945273022 0.934772509546963 0.223335675490177 0.521287585112932  1.67423757392078 0.959410543769103 0.948784742577696 0.768256924713709  0.64638572694235   5.08112194662554   1.47883764003442  -1.03414993565251   9.05349482778968 -0.301168808851422   5.45060755627283   1.26680356868375   1.07088474357958 70738
82737427888.9421 1140 0.3326264298107 10.2741660150897 0.0366485989183566  0.101075462989621  0.171007348807845  0.212883103029148  0.408575105798329  0.844986355678777   1.18343831956699   3.86857066369224 0.909027737372169 0.224088576861781 0.515680778301622   1.6374798423388 0.955561692174452 0.915830515196126 0.764155774288475  0.65569468089874  5.09834363933279  1.43533357151709 -1.10208148700668  9.07504904041037  -0.2605517837015  5.45303978441665  1.19849581250934  1.03754311495675 71423
91058461291.1883 1160 0.355653628481886 10.2032067458277 0.0356877429859777  0.101294467590196  0.163247339900799  0.211307695746816  0.417561222218079  0.810438297984246    1.1347027381217   3.71528775427278 0.898230184708248 0.226778511866529 0.512110594040023  1.58604633268172 0.990082922128756 0.889923975370964 0.756256065173889  0.64158576995026    5.19322491664929    1.41984239634158   -1.13756033157901    9.08607320294027 -0.0595304526564615    5.50627221670483     1.1245961395601    1.07058942227782 70768
87737189009.9728 1180 0.326449881097494 9.84984649653138 0.0362836146407446 0.0961645928001976  0.176042832683491  0.209825804857824  0.407561566318431  0.785122215034255   1.16061269269689   3.52021728002079  0.88835845945151 0.225315472438978 0.498140211502023  1.54805458775066 0.958332788722208 0.873713699856398 0.752837685233815 0.618376201495423    5.0580577070487   1.41468059240639  -1.04725118026637   8.98200187136907 -0.129491867290054   5.34855127444937   1.28941082448579   1.02086742009922 69164
85852043897.5326 1200 0.348248589173107 9.40860982646916 0.0377697283013631 0.0943158424780337  0.161026553361658  0.196191732426086  0.395138763033183  0.740494208373364   1.14710915403153   3.34344957970634   0.8983408802324 0.216545081580263 0.497592905901423  1.49691186429657 0.917405288843694  0.87208957304908 0.769524923587827 0.657180598635336   5.25872917501628   1.42990918662593  -1.09834205424532   8.98896919463527 -0.127658800039114   5.52855848691386   1.12508008865658   1.18317813411877 75603
84522351411.0152 1220 0.368277338533673 9.29858634733851 0.0360636378397244  0.104054636094211  0.167636903324612  0.189278174303048  0.383867382273783  0.752851189852779   1.21653179618909    3.1181958537162 0.890536680116708 0.212584576991433 0.479001765552358  1.45899038917805  0.92802490767963 0.844243433353798 0.788169998176811  0.66277777974717    5.34785803246304    1.44157170880211   -1.06655965691105    8.91090430267887 -0.0257107654773872    5.59574666456812    1.03167519036904    1.23433629235165 75867
81510381594.0643 1240 0.387392755360417 9.27347846906078 0.0345247753945436 0.0999907925551372  0.172309665328223  0.174676158906972  0.364463567685614  0.740675293495114   1.27512568995232   2.96904102019359 0.905202925345586 0.208697611065235 0.467041219845977  1.44009576931167  0.90007053368305 0.827193293048182 0.758859194572135 0.655938466493289   5.54192587367969   1.44579883286103  -1.07267079021231   8.78251466537838 -0.057635713337974   5.66419587590736   1.09440042315468   1.04134350783143 74212
72125489277.2606 1260 0.47350169254591 9.10451283359946 0.0342677975348189  0.098667989079618  0.160827288478948  0.174894477941835  0.338692732776019  0.770165905254859   1.23740087401343   2.84053154834423 0.957820089052809 0.207532553526336  0.46080450746887   1.4405454411492 0.885524785054478 0.846602070922623  0.73825830023738 0.671129842850572   5.98884260492313   1.43337350599464  -1.17811757148538   8.91269919352784 -0.118150669632173   5.98541607969681   1.03394346972597  0.855602120924067 70391
87066593834.2963 1280 0.44764092121783 9.30430431214075 0.0332344808564277  0.099786797970563  0.153245846138439  0.164405063976434  0.340366109966769  0.785054278054655   1.29112663980395    2.8771116243887 0.959449707491713 0.210402657241884 0.457889645100199  1.40038969661911 0.863473172024359  0.82735767847471 0.720159166799001 0.663751114755124   5.75546724234923   1.38248556998544   -1.2249053724659   8.79083216080253 0.0235524348414619   5.85602371871892  0.930004651707775  0.962310881828889 76402
89130387346.1704 1300 0.407225184124586 9.07034670459777 0.0331861028370887 0.0957004742642236   0.14642355348056  0.158360231612197  0.326492851749684  0.776369394870616   1.25807590483293   2.73026015002019 0.944915625463418 0.203152902131645 0.452790904427494  1.41399986961652 0.881876993404647 0.832643761114804  0.72090223074157 0.642656194228667  5.77744309531753    1.399141842569 -1.25160595074421  8.88916718645438 0.107247107259093  5.92308572769084 0.981717569418692  1.06176076626741 74606
78868039495.3343 1320 0.417273117951154 9.48980736435784 0.0314275657559631 0.0926759621945867  0.135294836099252  0.148339468702266  0.311131724646114  0.735639871265745   1.25749731165246   2.83025480966932 0.952587767567464 0.200892150225372 0.466496515004474  1.39460587438932 0.913954502347622   0.8557421215558 0.715230480709793 0.622114755727871   5.9038476535057  1.38372963413889 -1.38598396533361   8.8336438464031  0.08212422636196  6.09659687767391 0.822684043391488  1.13554975188931 71081
89351436111.9409 1340 0.428572120445531 9.38750708366452 0.0328712651246316 0.0966968975248764  0.126504758375874  0.143437626234373  0.322926422507288  0.704065820612176   1.25322193776643   2.89678974698523 0.938152131803374 0.193247414391953 0.482493865626069  1.36145047726245 0.884957716778895 0.875106595082756 0.705618746691655 0.615600504151502     6.03877363473552     1.37428162288695    -1.49049553798149     9.09845727333842 -0.00880658255037194     6.25450978750988    0.816457769048617     1.24550128664137 75067
78276068220.1065 1360 0.44986893439892 9.66096420563698 0.0303968394357986  0.104347702064541  0.119678927965588  0.134672873413126  0.295268877930916   0.66472732056902   1.24348710183364   2.83706558440685 0.920252324737034 0.197750429009803 0.494923728777091  1.37674071147243 0.878736314553553 0.901941999181635 0.687303700666268 0.600351362122673   6.17740105217292   1.33211292901793   -1.5506782671732   9.23794571784345 -0.144115336415879    6.4492310321851  0.866422867776723    1.2191135471297 70930
92934048576.8416 1380 0.436074801588186 9.87373879971168 0.0308499541296158  0.105106141718868  0.115949011218343  0.132794267068351  0.272273737512302  0.612302028613173    1.1679597575706   3.00758417481347 0.932351350183488 0.198895368115835 0.486400673551549  1.32008527183083 0.849272244734106 0.893136469543142 0.674263984193615 0.607846405832704    6.32296149847764    1.35152135503387   -1.48363631480879    9.02584441519524 -0.0041593099101236     6.2686027861943   0.761300966083267    1.16082332033166 70310
85092807075.9176 1400 0.489585422751379 9.43276613676178 0.0316345003326923  0.105484345261195  0.122319326487567  0.130744504441915  0.259922135855271  0.613822909785959   1.15244132631774   2.81474537166871 0.977958503867766 0.209345286614913 0.490562213221744   1.3018739314533 0.841374293747882  0.87716784347361 0.678657849617411 0.619649468803827   6.62405868912811    1.4208611351565  -1.36516381788197   9.16792713975594 0.0414224778140519   6.39970151763429  0.774339611880745  0.966616570848383 73680
99255190391.6918 1420 0.457222068265533 9.21778042339448 0.0318760182850882  0.103569621607583  0.126536817000845  0.133832693634043  0.254828280704286  0.671506317075794   1.22705680677904   2.70842481650725 0.994595595157131 0.206728635404192 0.484681318696672  1.29487806871981 0.824687529207972 0.856835336533357 0.661236365836599  0.62678062413899    6.56701579461079    1.40014515404761   -1.42617196421873    9.33686282638578 -0.0673783120561816    6.48737263771653   0.821930765749512   0.915855892300021 77115
89833404437.1076 1440 0.535764573116033 9.55801364683363 0.0298582249647549 0.0988488246144291   0.12175284541218  0.135965591356803  0.242936057094287  0.703214624860351   1.12765314965305   2.72771679925553 0.953080281445331 0.216694613829853 0.476030849285204  1.31022655258034  0.80434975779249 0.857497682104833 0.681905097484306 0.618677824469687   6.52468853674983   1.30701323018642  -1.34860095803099    8.8689853954656 0.0216664286428689   6.54615414679429  0.587181281080807  0.921400304356276 67430
84984034698.9758 1460 0.506738927572926 8.48904586838642 0.0370281903431426 0.0925694509821497  0.126952298943509  0.139454228350561  0.242851260303647  0.675337689114187   1.14606627218664   2.66839579701834 0.929544132698906 0.213657170647148  0.46158618889298  1.31502571799605 0.783442815985403 0.833996569255354 0.688825591940475 0.612459999290468  6.32357893016493  1.35387573760006 -1.38529567583183  8.66898330423864  0.11916839818074  6.50573953411503 0.564270152720781  1.04970230021554 71590
91070500635.1983 1480 0.577915592019157 8.51567165240092 0.0358028126999647 0.0883623270275697  0.120107245476996  0.142728581178291  0.237445242019637  0.662792942031712   1.12743732205611   2.59630052777327 0.901096336126524 0.217300313743056  0.48884608413463  1.37583275900966 0.767008690478355 0.844180286934736 0.694248721680584 0.651266492386473  6.25887596970968  1.43916184303323 -1.22560855540942  8.20250996925371 0.031744248956841  6.28950727394729 0.676838354288346 0.736269512895812 70880
99477794642.0747 1500 0.574976954084625 8.91771237923873 0.0342857136185899 0.0854187658606769  0.125723459618575  0.143017824653733  0.240129370875429  0.716482997301817   1.12650245198667   2.72659174393491 0.878335941528957 0.209850709500952 0.473634050519923  1.39608212370026 0.751160719415519  0.82088581674638 0.690063299102686 0.695646283391454    6.3461746324616   1.42130370739502  -1.21723971020958   8.05255120023595 0.0938469441492518   6.42600121452553  0.511327853122801  0.800681757363626 76375
86765817737.3543 1520 0.580882087068358 9.32237652567645 0.0310049852661784 0.0806342737411245  0.118776302556792  0.141615558949547  0.242601632550762  0.790402374855315   1.08751670762674   2.69454107973354 0.862613138430609 0.204194846973216  0.47784752870013  1.44578484948483 0.745767667817064 0.812656092300822 0.663670424729389 0.673391991075235   6.29445187112432   1.41613512737661  -1.28007315710088   8.11110781284033 -0.181278976581818   6.44179378951936  0.603872909006527  0.761349020680551 69191
92863422311.9168 1540 0.581917962006842 9.80026795188895 0.0294259170366352 0.0813555705973601  0.124405564731732  0.134084884326148  0.269500565592385  0.730739457692376   1.01919202383106   2.82621961502023 0.844132419941361 0.202596606986224 0.473203080746877  1.43296349163427 0.719704279292545 0.799339677718911 0.647900233491014 0.678224963450832   6.46988588563133   1.35807154345394  -1.36298349023038   7.99885680579675 -0.220853025497647   6.44041394188784  0.532338812064178  0.660060391160853 72514
88844133168.8073 1560 0.644268992464221 9.66704486652033   0.02927824721816 0.0786007652720197  0.126451113076989  0.133093535002141  0.267525942719713  0.739418443483413  0.957120760031407   2.73610362835294 0.828363288418578 0.196068456988024 0.462727077088288   1.4446158867081 0.717346198599728 0.784765977558399 0.630162280764404 0.692547545905557   6.61335980749264   1.37133582549698  -1.29820983885827   7.53319345232241 -0.383628740123799   6.37434824032518  0.467598268288356  0.510836423066549 68999
95410628505.7621 1580 0.665053986105168 9.8533442436953 0.0274696063573869 0.0754070302482358  0.115447413386156  0.128933089779242  0.296220952385547  0.758635588228639  0.963736184988054   2.66697993166882 0.814007591390769  0.18906530166435 0.449489663137271  1.47763017596246 0.731340080978007 0.758907500464875 0.628132813625833 0.678304853435872   6.57924638149412    1.4036239660982  -1.18812098408918   7.24231227885218 -0.207573313762706   6.40433911805426  0.481573342479757  0.640845976160667 69822
87312550605.2155 1600 0.735909685147469 10.384078376742 0.0254455152025573 0.0801410496035864  0.110612736147436   0.12979421791965  0.288346482114928  0.740015930443659  0.931110634500964   2.74376658943949 0.833852821170057 0.187219214284249 0.436776635182762   1.6359761471622 0.733726099382412 0.815873468809311 0.598218554687166 0.652113993207284    6.452562990327  1.44318192115777 -1.20429969591386  6.48836843700208 0.014879788202674  6.04667459973731 0.466679270337917 0.606263731010781 71061
