nan 0 0.72 1 0 0 0 0 0 0 0 0 1 1 1 1 1 1 1 1 0 0 0 0 0 0 0 0 0
343204428283.829 20 0.777000130218169 1 1 1 1 1 1 1 1 1  1.00813346625475  1.06824215897352 0.990804934974941  1.02540869621569 0.968527935208295 0.984328787459094   1.0831060001951 0.988405633390457  0.422971363447532  0.820025948917295  0.443564873706859   -0.1211835687109  0.200063312614337 0.0987728923775648  0.535805444492721  0.273738289677998 95295
220906347357.481 40 0.930985771311428 1.27508336485575 0.898866829562031 0.902517972001562 0.913423498185697 0.941612980975656 0.947681266684546  1.01409367239823  1.16803793899732  1.46141147750777  0.99151678179961  1.12230721409629 0.991449788387298  1.02093991886864 0.943474830165854  1.00309792199522  1.08057669480434  1.00343427627621  0.769872193988053   1.38486757841706  0.713199411979759  0.232332120577802  0.283646457733056 -0.742720138827888  0.559415549094753 -0.313095617597629 88069
235464117375.996 60 1.06942710504867 1.38286685365187  0.85298259018955 0.861760259876756 0.872689971981647 0.940478027284372 0.994273674917895  1.06252081248198  1.12296491817826  1.63117629375294 0.956185403265823  1.08460233191757  1.00434290571255 0.994502845154805 0.958641431973093   1.0771429767871  1.16621335077718  0.96474750099263  0.766641116358589   1.23260178295552   1.10655648335189  0.333408603988061  0.827404308865332  0.357137624457514   1.52506282528109 -0.568411279998938 89334
324669096892.294 80 1.09065267378261 1.52300857718763 0.783396088413294 0.805933238278298 0.829892427761968 0.920061124144133  0.93163431822113   1.0336111814847  1.33675624181796  1.81713041271397 0.953267320356626  1.04276169873194  1.04740656030185 0.952907080371682  0.98342679717695  1.10772881250763  1.18876646825849 0.963208216967757   1.25707758917621    1.0473636749005  0.838477977257545  0.564128384522717   1.09770616961197  0.840125642533366   1.37186518781769 -0.135086170373086 89872
311363847707.525 100 1.02428800641407 1.66018277496715 0.723836694239742 0.781993699214859 0.784250138253534 0.863021579223413 0.967049329278948  1.07602042327588   1.3450746077919  1.99504365226502 0.956836647563653  1.01987017686821  1.03390092710358 0.945133102565325 0.961268413906377  1.09660950108235  1.14215756077049 0.976448013462939  1.53753813408384  1.10937513730437 0.461934377520318 0.669897858300469 0.752941020035627 0.867623102938844  1.22111416400878 0.350972552095738 88256
216263850864.416 120 1.08382352673519 1.68772912493664 0.667814984368192 0.728714188790161 0.740306355837286  0.82301221337822 0.917375830677062  1.09516609866091  1.42784959452716  1.90222396823652 0.974419936055352 0.988188342253017   1.0336491510146 0.907503840250219 0.927566431088418  1.16186133159981  1.26133388629269  1.01215477392277    1.94685529290737   0.973597423101557 -0.0563362482043515   0.663139731004614   0.595177460805433    1.69703897301763   0.503900886092148   0.770527402441202 89167
138946405243.263 140 1.12140808428453 1.86176214651568  0.61524043522507 0.680349860477452 0.741288814553909 0.756628323341337 0.955169434203532  1.06894537399511   1.6935829192256  2.13252073502082  1.00401244006521 0.948369160872805  1.09233927677433 0.873081350870859 0.948128312382163  1.15493264125776  1.23531156386447 0.994928514053142   2.38567721158452  0.824128268172727 -0.857941960839252  0.496100723375553 0.0270463155897657   1.21369487253557  0.095934378332043  0.903744043087457 89217
158984335628.631 160 1.21119532958207 2.0037909398571 0.555677100661376 0.663663963310537 0.693027750353551  0.71001851231773 0.943632481191265  1.04121587808204  1.77323706820223  2.23114254228044 0.981311205186111 0.922562252314667  1.13251598693199 0.846228044169385 0.961711139273678  1.12690332625906  1.25980880880735 0.969027670532948   2.39913106003467   1.24783453183768  -1.46404524645292  0.766166755421403 -0.507808918667579  0.518221586843707  0.541519276411456  0.893901707550667 83185
164150926589.345 180 1.38005234621736 2.11846053914687 0.524545387364663 0.629638039925491 0.649555283485665 0.705859379209996  0.93170144932347  1.07636989038343  1.66195584801317  2.35409415965304 0.967477520255559 0.886908497656942  1.20032858540689 0.871621436340958  1.02510884525224  1.08245861235048  1.27326922133655  0.97673277085196  2.47602041832404 0.928969876548368 -2.33413809037987  1.65820656850993 -1.29904741243202 0.538744890170688  -0.3313697779138  1.38632470439342 90864
140308099948.828 200 1.47051246778093 2.37802806562839 0.497592790629904 0.595325849914614 0.633795369829512 0.678900080179345 0.889677927494195  1.05897450078744  1.55275583615014  2.81389592939003  1.00844496657691 0.859599389080398  1.18920043465872 0.882854875760794  1.01960713925976  1.07225346342873   1.2867185696265 0.980185559252398  3.40538552849535  1.15779672234728 -2.42286217995475  2.11984491105835 -1.22213280115219  1.58781576540218 -0.55508788776093  1.81711404013239 87580
110489915788.073 220 1.56700510407053 2.51388515973466 0.468333105099074 0.546816551788048 0.599701319870906 0.668221341172343 0.873918976025816  1.02157954426322  1.61697994353937  2.95968660026302  1.08695531091847 0.827534280862944  1.16744645403179 0.874241901682624   1.0274604764855  1.05317973078996  1.26553580120371 0.949973953656818   4.40003715513821   1.47968888957948  -2.81278635510461   2.19510503242315  -1.87120315200486   1.99627730580638 -0.260554039745207   1.85484662059569 78126
125166985633.458 240 1.62453675874183 2.57948550425103 0.447922209259372 0.512619280863177 0.573620791719557 0.644616573114591 0.820595630294576  0.96829063559063  1.71438342235822  2.98036036926745  1.06365392637907 0.790178824313207   1.1361137511467 0.877342982167624  1.01083368642648  1.07271109831444  1.27917640426108 0.964493587928974  4.03710473096317  1.25858585348829 -2.50192425152134  2.84402788595953 -1.17989401797666  2.79714817619669 -1.57557807562149  2.62138407519981 83175
127223000449.012 260 1.73736645287803 2.60500276849712 0.447109639523494 0.471054225831612 0.567151775001631 0.604795922065808 0.747810272310847  1.06918447903902  1.61405145545935  3.03410364060217  1.04746827262096 0.752654452361858  1.20201428720654 0.895182199325051 0.997119454671215  1.05996672570732  1.27969546945404 0.971700288699429  4.73570555662759  1.16727984424073 -4.32182928493585  3.62414383425764 -1.27744297741355  3.16375265018813 -2.06155421755389  2.96631137837613 73823
109273505934.503 280 1.94875074862195 2.78220542163886 0.422459580012467 0.459293211960212 0.544239736038636 0.567028336569129 0.698114685632065  1.11830613683941  1.52990601518395  3.27011893329912  1.09627007567588 0.715979808072809  1.18446395563572 0.916461249324209 0.985194406413619  1.06566906738872  1.33975423506248 0.928295413153834   5.71320538120193   1.12482723897795  -3.55016799116798   4.24211552659184 -0.424219132668104   3.85068677682856  0.602053928238791   2.65124623826194 78591
142973256448.054 300 2.09617968618825 2.77974069659444 0.407909405153183 0.439538924690563 0.518877578184756 0.555612044744698 0.638674614800433  1.01982284485892  1.98788921950251  3.15189898023656  1.09157332022426 0.701834741640102  1.17347388561486 0.909812492741014 0.994203143212679   1.0891492964183  1.40924618329219 0.905177403323947  6.06832099341603  1.52116911548809 -2.65341593349073  4.05572783979416  0.29309676374396  4.77029659078973  2.38957284772735  2.33996596515419 78531
125058313556.411 320 1.92059445510233 2.85181038121171 0.379148928077677 0.403034243567328 0.515298753196728 0.590181558568011 0.606871271846639  0.99947075867099  2.29135463840285  3.08355091431024  1.07586013584998 0.672722271236732    1.136993942875 0.894083393848675 0.976171892927561  1.07440870720327  1.38986306562434 0.929317812277307  5.09847128500263  1.71736542646922 -1.86353045169411  3.79770293019415 0.807495549505602  3.23787617926666   1.9910447071539  1.50268902826387 71808
125553513536.107 340 1.95287086303025 2.92580941507244 0.345711733489767 0.404231128527641 0.500010602093789 0.567703574834463 0.638256376252492 0.956700191021913  2.23275644484189  2.95941714841604  1.11356424976261 0.646187093188913  1.13037682281231 0.924095037827064 0.952008213252271  1.04324144099159  1.34520805180461 0.900403590683586   7.00488660809898    1.3170486664269  -3.43933241871607    4.6182993122763 -0.102366978407643   2.62514852984524  0.867703323867763    2.2299435678297 78182
102448660679.48 360 2.11053955318782 2.9674388542285 0.333498456299416  0.38732463129837 0.485111728196095  0.54445941264315 0.678875559340608 0.916820226191212  2.12149501526356  2.93668514006661  1.20026683290261 0.616911396601998  1.11720551485737 0.911478462043508 0.942989605412938   1.0380366070945  1.30524757656926  0.95941223916013    8.7313726006662   1.24818616834038  -3.86593314270133    5.0378657288953 -0.800560357897131   4.04226872103237  0.832861693535823   3.98373630090039 70827
127309700076.252 380 2.17241720034441 3.09537269642308 0.319130656690596 0.357320530882212 0.503217170137995 0.546990835237941 0.666898405566235 0.891482657192038  2.14831669474721  3.05769681454148  1.21538810706813 0.589348111843759  1.07406324836874 0.903468545500806 0.908359759721867  1.04213596296895  1.30790332243362  1.00246257993354   9.05115949103142   1.44821684675813  -4.03670721094646    5.4810571308993 -0.622469978059026    4.8755505946565 -0.601486378859878   5.17552214425307 76722
108639682159.331 400 2.08876837473666 3.22332457300571 0.302132513850458 0.341045323614853 0.478211947670251 0.525791122453286 0.624742140378934 0.991080741149737  2.01896724750473  3.13910282871504  1.19609076677347 0.569066068604746  1.06784840788517 0.951383831215769 0.867710192469782  1.01544472281988  1.28585352167324 0.989751080825521   6.96943699585144   1.89290268066084  -4.23345963379517   3.59965028684889 -0.593016498507273   3.60350460594764  -1.13192300579051   4.71017327318584 78917
110416405699.914 420 1.96635382600044 3.26271705650143 0.280710130318674 0.335452935946068 0.477562391642605 0.516084447600927  0.64495121014262 0.910559800593574  2.06340536574498  2.98824989174369  1.15543050530207 0.547721684602152  1.02635559702853 0.934511553343008 0.866903675874257 0.994137967199822  1.23686254547747 0.955685196696619   7.19500363575568   1.45889506728812  -4.33157755080123   4.77686952126929  0.437856839515832   4.40843623817787 -0.665977788837896   5.14137953503554 78095
110991416528.83 440 1.87049093275582 3.25860044449969 0.258625163040103 0.330973325094146 0.458454011558205 0.489893276425974 0.621064689224717  0.89815035866589  1.94136565155123  2.74620530835166  1.15400715426479 0.525832212043058   1.0003787932479 0.925581820605435 0.869404581356669  1.01343929988531  1.20129994912124 0.933723724848101   7.08162416940631   1.26061126162275  -3.90828619827711    3.9168678757388    1.2868916256886    4.0061060652261 -0.452557529276191   4.95391312353959 74807
114849581879.386 460 1.84324057003751 3.27984358090118 0.246393108566205 0.327700723909973 0.447155528867179 0.492841570721741  0.61613718704648 0.873354960058213  1.90945068853104  2.65054279896987  1.14316369099633 0.502076745651468  0.97478546869156 0.931589861691443 0.868792986620424  0.97421699584775  1.17620401339034 0.919093522329318  7.52512640004059  1.42807470566336 -3.72987248566222  2.99268638746973  1.63652061563115  3.98986849678582 0.391315398604206  4.01930145043757 67028
110096865637.785 480 1.71794834950113 3.37805394171715 0.225408999747604 0.317826227309012 0.405885692724813 0.500603740666199 0.599961436413802  0.84101646889055  1.84615879487762  2.57219809518793  1.12804500860715 0.481480041305246  0.98382612860351 0.924695089233348 0.869280248963227 0.961278187901495   1.1730949203064 0.905382504897729    6.73215660292319    1.42893600889835   -4.65916550272622    2.78844285044837   0.416351285195704    2.89058389282345 -0.0540371033050856    3.80014395751408 75671
102679433142.065 500 1.6879073557862 3.44294987627921 0.206835121675789 0.309564421816021 0.404947823149246 0.471764733293491 0.564948030945823 0.898618495396288  1.89437423744772  2.45180364526597  1.09672170437148 0.460572300366794 0.988231862856679 0.896709214901088 0.894421568066052 0.949469206929432  1.15690261314827  0.88075579977968   6.72739985628904   1.41192936201978  -5.70489307622582   2.54922828462578  0.719855186105803   3.16704510991401 -0.999630830738666    4.4799114586952 72270
104335289134.999 520 1.65891630089078 3.44128833312484 0.190937389545909 0.297430067382827 0.389159571559181 0.510026691554824  0.62070519325848 0.859550544401099  1.88227223766061  2.26116942767919  1.10202091142984 0.439371118222056 0.964883794573185 0.909096595399383 0.902921732578098 0.915776412682824  1.14747310021369 0.879591179036372  6.24794007966057  1.45893160148494 -4.69732699019009  1.90239162093566  1.82438684750925  3.73701424299917 0.385139385090418  3.96165418242156 76709
119358053419.506 540 1.59473570831292 3.66241488473812 0.174759152285304 0.292350490860296 0.381689473543108 0.488020565328033 0.621197587714253 0.791444232924859  1.81568824465241  2.34409392938544  1.06938723143575 0.423514753321364 0.927862395505681 0.889188396630112 0.949740927800225  0.90733239864643  1.14359667129117 0.856208740484376  6.49365435573252  1.39119744290336 -4.99660155374588  2.57130363597783 0.154325467545922  3.90806931584193 0.624179795557948  4.39974873708704 74239
112727719229.061 560 1.51446440403237 3.71011197564176 0.161022188227362 0.280995539533223 0.368114571279147 0.542717999693019 0.624565853209682 0.801677146371646   1.7451525040865  2.21645928977567  1.06359858872155 0.412034137386464 0.902548729648565 0.890026823687208 0.928233701246412 0.927735417282189  1.13126871238179 0.877160826164175  6.97304487804845  1.57835680821404  -4.9082635295587  2.47770454421771 0.397508440950365  4.29486321596225 0.325937797700415  5.37132704743938 73267
115445657304.346 580 1.47292924799353 3.84097330380008  0.14667293449608 0.274649159875242 0.362623209895144 0.540857924430327 0.629456455455102 0.792060433822224  1.76904981167759  2.16387693810391   1.0304326830645 0.394371483642902 0.900017001148156 0.876573244492747 0.918061177899667 0.899475979359881  1.09197228415469 0.867313917004896   7.20022516851097   1.57211665553293  -4.60311553049001   2.89477055484952 0.0272694880315985   4.24608982087128  0.758128072824172   5.67493596140113 72564
118536429233.904 600 1.43389003628085 3.86317584221626  0.13386866093601 0.275559250211422 0.349757606705977 0.549431307825529 0.674215328731594 0.763869822662108  1.64768694765807   1.9978729758281  1.01747498683206 0.375518257814005 0.876135058374497 0.857753879648759 0.909767693800947 0.891751334888205  1.06775730423817 0.871595312085633     7.02025339029155     1.60745049302532    -4.31378789995472     3.03834010018856 -0.00409865464952123     3.99818072696189     1.02869022415132     5.85696684301991 72430
101401166830.516 620 1.44746706854808 4.05995333960237 0.121466676558968  0.27308222404984 0.359668122735727 0.518989774107719 0.672085524816111 0.699583439453418  1.55526756798415  2.00216208840244  1.03161313607183 0.369609737071094 0.873812064045508 0.860289600509224 0.886040886782306 0.903565109314053  1.05123914634689 0.878222385459021   6.32474457392517   1.78698803925337  -4.88092777839689   2.26400839292389 -0.186118638648802   3.25663149060247   1.72901287808497    4.9809667194667 73264
94123206223.4432 640 1.37493560634567 4.27055856301532 0.114207634022195  0.27010600982298 0.341616692573759 0.493587909600625 0.629748071911076 0.803282437337068  1.44692945490965  2.08288119104532  1.05353906641949 0.355401904542434  0.86095601599719  0.85667205951083 0.861276602827269    0.906524260335  1.00619935203997   0.8435615243244  5.49542084862968  1.73356836880178 -5.02268682606408  1.95030315229416 0.257163813290193  3.07851778732549  1.27988840574521  5.04173065582983 76868
118631824782.341 660 1.45243377780705 4.53011757769015 0.103871048273557 0.257048199270813 0.334974324133806 0.487812384995345 0.614636376887811  0.74401532102609  1.32500846019583  2.13163804498923  1.07020710743728 0.350115525371269 0.887482232836819 0.849051014794586 0.853594502644997 0.887032436440535 0.998402442565184 0.827923682872382   5.16484950900858   1.67502230593769  -5.67729905461654    1.4266491396876 0.0275956832759397   3.39332721683715   2.00838299030419   5.07399573491616 67582
116808895095.702 680 1.31441590983142 4.55217414590938 0.0998369457283332  0.239484195491171  0.350029156434911  0.485892177280552   0.60870460205101  0.853491146973476   1.26786334185078   2.06885008765427  1.05941775737226 0.336761507690203 0.911898995057963 0.847489453519216 0.873409256874936 0.852936675550683 0.973048941520133 0.816970843532628  6.32503940479634  1.56415876547555 -4.81487865957381  2.45410609073618 0.423501659345953  3.20354292209882  2.04008637223467  4.68552298072906 73963
96248072718.1781 700 1.16439357291824 4.57387719402206 0.0925449264774905  0.234074676607258  0.327416479335568  0.512367591680822  0.617623981021712  0.846382506681936   1.32370009922273   1.93607249195409  1.02549041158217 0.321213306313238 0.899630040660539 0.835271680547724 0.857834219979136 0.841503006094745 0.938550584998864 0.789996069852151  6.23115702619994  1.58641342955858 -4.52212914461529  2.60388776404349 0.488080359908984  3.06088641732338  2.06040215180281  4.96644301084324 72864
109983864378.485 720 1.10219669580359 4.60900911673607 0.0855877885529821  0.227014271837377  0.319176234314112  0.488211108942987   0.59278679434199  0.801897006261258     1.277987807826    1.8181383999241  1.00282659491332 0.308606520499338 0.963349235360197 0.813212453669913 0.854080238206457 0.834009399620722 0.907274033246287 0.764652193950566  5.64782698171437  1.60731430894098  -4.4344862095553  2.58061538289068 0.597257928660833  2.62407916375408   2.3240295587488  4.63018847831017 73511
104534462486.142 740 1.02818426120517 4.641118142778 0.079153894917302 0.230290055442432 0.315262238308515 0.477590516692546 0.553940126838746 0.782788505770792  1.37912082645325   1.7049731246764 0.996196981785708 0.299550880601503 0.954731083680363 0.795875041677669 0.836522653959462 0.806829677632469 0.955862201163924 0.736480401872304  5.45130470077769  1.69228085067383  -4.5364619494937  2.20756527963748 0.883807722366521  2.65679578714615  1.41474921510289  4.71179486058628 77248
86183624008.5551 760 1.00097959483191 4.64436059919571 0.0753298771579962  0.218968856794126  0.319760831673633  0.474917434261619  0.561346988131073  0.838798896766766   1.31989312355214   1.62487188161347 0.968411205323892 0.295003472449447 0.966184981187019 0.782017085191138 0.811425463668901 0.781934506540402 0.954457271465301 0.714666156165688  5.44919153090643  1.79033155110166 -4.81153470796218  1.97229508297043 0.682544085805738  3.05466655342631  1.38763100413671  4.51206312965756 78538
102606329236.809 780 1.05082205843925 4.58611480634314 0.0724454223736644  0.237812857151383  0.303616038958621   0.43465907076583  0.551187572574715  0.849130725576463   1.28892436419992   1.52370465258621  0.94128758884515 0.287052533347408 0.950971839079284 0.812864634270373 0.803270177634738 0.798122033203469 0.955435606376968 0.711745341426401  5.28510542120119  1.78571875855186 -5.09116002670451  1.39539167318882 0.132023109866183  3.25227703280361  2.00993685014775  4.67817667711458 75631
111418144241.047 800 1.05524148428737 4.66826275442488 0.0697261849486117  0.227759479915709   0.28768132833717  0.493400696536494  0.504957937486283  0.945951761900077     1.186200595105   1.51952023709237 0.955184609771297 0.276736655160989 0.922753606760876 0.807185076731812  0.81112825003626 0.788613296699673 0.922914158052359 0.696044434374357   4.75809060228257   1.79820448850708  -5.02976737687051   1.22341376995506 -0.219342583156012   3.03685471555414   2.10999817278319   4.54885292004459 76902
98673068841.7676 820 0.967551025205724 4.90252709140861 0.0640808457213339  0.220827815806718  0.267617815620547  0.472737000131546  0.545736668612637  0.887731910645729    1.1091705839817    1.5401685089176 0.914977350808194 0.265163512690576 0.959659150799552 0.782738125414955 0.803947455617624 0.755696403881779  0.95183864240003 0.668299143474243   4.84567593892633   1.82027044023068  -4.49515580309218    1.5789349551229 -0.182595037284872   3.02028886351302   2.33424863730248    4.6043006515011 72492
106224893567.55 840 1.01339892795092 4.94828284675385 0.0588320700741702  0.211435301950467  0.254137277044837  0.455865111510433  0.544359328941206  0.886560324756996    1.1594267619035   1.44053283603245 0.881989908381997 0.264036498664299 0.931547855400551 0.785830751347479 0.838278535818066 0.724447669148673  0.98068612053022 0.646475808598977   5.01976587026443   1.90775763831967  -4.43893374380903    1.0925738892413 -0.618533930708265   3.13786633042662   2.69698402207893   4.73120253082354 73199
96698316772.782 860 0.929814311198586 4.92894972747529 0.0545570976195641  0.208001590575464  0.270053191917535  0.433813005914771  0.538467295180108  0.993965175512161   1.11584717222974   1.32543988588249 0.844579437216737 0.268463446927367 0.923136016750684 0.769878517074583 0.823857254847358 0.722726376380203 0.993396030479204 0.626977551553152   5.14544572279525   1.72685026989883  -4.36591940944394   1.26043340090926 -0.157161181046398   3.07063672583695   2.01382368619086   4.79001973358493 73391
99177429571.8529 880 1.04732098511192 4.85202224949782 0.0540136098704029  0.195818417506324  0.255912708348997   0.43157406516428   0.54635769412431   0.96842771984612   1.08759170440346   1.27159488032056 0.823440894135035 0.268005562057541 0.948607025774607 0.738377677952701 0.797550397679295 0.697327466556915  1.06696875269557 0.656790049595655   4.88650689173644   1.57150580814782  -4.03434730581649   1.33043076018137 -0.243090361166665   3.17981612974704   1.12134893399253   5.21010476604729 73510
91720011920.5958 900 1.06043416579699 5.02148712756427 0.0520912430288692  0.183803784402664  0.240922382933755    0.4148190075276  0.611645232153649  0.944961857225915   1.12534494781909   1.31349803791361  0.81348990211575 0.257673960053661 0.951995218335575 0.707994913833828 0.770713298939549 0.689310919819976  1.04640510861139 0.641429255492963   5.08333924400616   1.61355813740314  -3.68828713306779   1.10804573203627 -0.029786640760617    2.9102877075756   1.58612713980971   5.12274605185766 74375
104431473607.206 920 1.07946141596476 5.03794369707528 0.0492567656571775  0.173956339502709   0.25929739905836  0.383115743618663  0.573107523767507  0.964902486119553   1.05744090549962   1.25017989553443 0.839368130727158 0.254127852345787 0.986115328613085 0.721439120618685 0.784916185679353 0.712176841006437  1.01124066525054  0.64938575683395  5.75024999756611  1.51584044750703 -3.22987504491356  1.73880780279417 0.512248525765356  3.28894567447306  1.55928137009825  5.19281516390626 73825
111314211950.252 940 1.00040759815152 5.53180538118199 0.0461362284612932  0.168909978985754  0.247880477208216  0.396362984764077  0.549740831805664  0.923340332729331   1.08543688678864   1.41180876520255 0.842460245944223 0.246921875933581 0.983439211246739 0.707819304217957 0.771288802684711 0.713433513591889 0.983372800863629 0.678669492588345  5.34490180260607  1.63143024767221 -3.53994266037607  1.61558962779363 0.559193719120591  3.09608068551762  2.05525780231112  4.52562815091644 71275
108718644299.159 960 0.996656887592865 5.70601304028827 0.0424947245134029  0.168597297696906  0.246023052879208   0.38794449638807   0.56429486218187  0.943132656160119   1.03430348744435   1.38356809229962 0.851490838282271     0.23731404833  0.95883037226701 0.687895918167469  0.76659545709277 0.722240709016347 0.982786312868069 0.743424457222471  5.22993609228744  1.61978744420198 -3.96461590422315   1.5755544859765 0.447929519544393  2.76737403751826  1.94341964177483  3.99312572543866 69130
96262343536.6554 980 0.956169468331974 5.93510196673673 0.039285531241781 0.168470702855774 0.233866510600131 0.368528195660488 0.636268072565512 0.958710441967397  1.01278078312227  1.38384994116627 0.840345815260608 0.236586037317678 0.975123004839091 0.658065044333715 0.753948820691839 0.709651646285911 0.964421046443294 0.731205473923484   4.79105505928017   1.61671189585507  -4.06040977767076   1.57423247214052 0.0346488679635835   2.61203329302599   2.31373290000825   3.95533014977344 75476
101071141292.677 1000 0.877872177353064 5.97427934044975 0.0384989334640311  0.156394447668865  0.227736740438649   0.36805215884939  0.610153885252996  0.905943503994189   1.00199807473324   1.37410445823605 0.845039393369471 0.227085920883674 0.963730483401326 0.647972208211021 0.774073807435927 0.701316773790873 0.953353168450738  0.72711409964937    4.50348933738048    1.62896097037854   -4.09384731295764    1.26053668954883 -0.0985795950498416    2.50931784205648    2.46610608765988    4.08782510598631 70132
91923237297.4108 1020 0.862135986801186 6.28748133930328 0.0353643564468037  0.150044697921694  0.211777638871741  0.352087326795487  0.611687928154973  0.893583141206545  0.990332935538289   1.39803864838788 0.847536274840554 0.219554508970349 0.929389280483806 0.635191356743716 0.774051807251107 0.733318130403702 0.927901470091615 0.723707651350656    4.1325374079209   1.60435074045145  -3.77497772340651   1.38014105874715 -0.231663066464889   2.13031505369687    2.2958831579692   4.12042215084462 76486
84265749813.834 1040 0.903355032646943 6.39139720877936 0.0331804927454194  0.143766944250196  0.203873294601092  0.351508688025556  0.605410883684864  0.890667030047136  0.971590919721579   1.35542174437325 0.855899350938905 0.213037318534569 0.897244730367042 0.629472400943651  0.84344771005616 0.717933691450271 0.939652828184355 0.702153853492964   3.96348744372484   1.64006296625527  -3.95395796746031   1.28987445599516 -0.932969856856357   2.40575455167662   2.56084358085743   4.25275844968723 73647
83330176230.2662 1060 0.832385920467486 6.55801268842745 0.0322120299789516  0.141004526697371  0.207637702091385  0.333395752026171  0.693376886862552   0.84850512031835  0.940540626920258   1.38535985926046   0.8632430535133 0.207658561933531 0.889993627562856 0.611877638103614  0.85523766253076 0.690067653659935 0.916969107222539 0.699337119399209   4.13189652371067   1.70248830438704  -3.53944157960954   1.17940230328163 -0.485916400096775    2.4693100598109    2.3321287678984   4.55109279352378 73333
98467043732.4264 1080 0.812931677908586 6.68033334725476 0.0305654982857557   0.13347501129398  0.214349040155314  0.329573105083546  0.683523023483849   0.84467027388268  0.892125154780781      1.36404201814 0.861885668244034 0.202900724350806 0.914034951028404 0.599040577924263  0.84842665186468  0.67291219814075 0.880439051346541 0.697894030266969  4.59929761848344  1.73875869736023 -3.21277771618187   1.2765220294028 -0.14593783415693  2.63166903028673  2.12590194535983  4.77028462122068 66119
99710174818.2073 1100 0.847454561576858 7.08107271558417 0.0285877204446437   0.12289183294831  0.208424136735611  0.310368359092133  0.649554994139622  0.804847725136491  0.855084176353218   1.43343378053705 0.855813032313361 0.206756697418434 0.958946037281763 0.588302504849419 0.859485151825001 0.683002165125602 0.851636445263465 0.669241601583218  4.91351675927965  1.76463536174186 -2.89981329605701   1.2414540493834 0.343022350170502  3.00256497927026  2.35502695746627  4.70634133572869 75077
103062949893.178 1120 0.818920186425613 7.33127830932742 0.0287269709877516  0.119270730836468  0.195254245628121  0.308459372679069  0.602398986520653  0.774474197916793  0.846625810925406   1.54400694230557 0.874802535397518 0.201166789495857 0.974213054158164 0.575295528362985 0.912371073267557 0.687752900871236  0.82422510737365 0.649484939839966  5.28718981768982  1.75753524751897 -3.07053141570225  1.48920924817934 0.598574894962761  3.06672105852446  2.30804887820732  4.65634590173615 69973
92115383599.8426 1140 0.761211964452588 8.01679940885902 0.0267320071613354  0.111060010430058   0.18846137899357  0.284029790241809  0.563971278737138  0.794246552731042  0.805863984058868   1.71804131332303  0.84630925336668 0.196104271305839 0.936329058305414 0.567852621005976 0.886862079164065 0.679922363964037 0.861024631635715 0.633280217894548  5.18542709162811  1.72582274698193 -3.16653950324123  1.46403415785045 0.322859597617365  3.03596356604899  2.63641743328331  4.84354367131044 74366
94306379076.3984 1160 0.782857959027328 7.94084061822227 0.0254447076584245  0.112739086754886  0.174394207498001  0.284514986813151  0.586948856126503  0.724381324423359  0.832202140472867   1.60446565155937 0.860129951994322 0.198180571173582 0.944135098036619 0.565545917349612 0.867592480470412 0.693150882491739 0.853075948166204 0.624342604162917   4.96120907315597   1.61169768927316  -3.04183070874161   1.69556834210926 0.0803046411780623   3.26596633790188   2.86730193534883   4.83501904059755 76114
85096990470.2544 1180 0.725178095275938 8.03749581939337 0.0243644927984419  0.105229600499059  0.172901384899792  0.280100467863966  0.598875435981663  0.783770726995628  0.801828490851169   1.57397885997463  0.84085104284755 0.196937846722036  1.00337854569117 0.555459739830737 0.848002287514106 0.670824827699918 0.861599648688885 0.606944408613081   5.14759956570877    1.6368426735909  -3.31295868056352   1.73082867944076 0.0159418139423475   3.22613552889915    2.9678215371118   4.81572276547677 72695
91431690246.3465 1200 0.643770604180922 8.25041783545757 0.0236873579600871 0.0990858354375038  0.169339509237467  0.265075420912451  0.563192851482707  0.735087430417563  0.873115800971196   1.61238411269178 0.832709403643942 0.188892835387682  0.98424704437808 0.558395895343987 0.817865699140983 0.648306536508096 0.835645487925065  0.58726479208802  4.87435432310867   1.6302113583633 -3.13738197872734  1.48271213643876 0.140780279276751  3.24441517002843  2.86145453039651  4.75801654610335 78432
78837292003.0149 1220 0.641823982419443 8.16905102847068 0.0227291156701146 0.0973625336851371  0.162246866963864  0.260281364751587  0.524394112951422  0.718196344805773  0.840021272953569   1.51679104732658 0.829300152122073 0.184351087120453 0.961792098347128 0.553268946523581 0.825303043758079 0.654027951049704 0.844804964180628 0.626696679426836   4.73929816413775   1.65896825150765    -3.084003137846   1.35097694896659 -0.133741483708215   2.95969148550568   2.42051668473844   5.01187408519055 72763
94750719382.6938 1240 0.642787596823919 8.21419151098283 0.0215904049823013   0.10436508119021  0.176927484860292  0.262538319450666  0.499495399917469   0.72178370513749  0.924727921029296   1.45676814699422 0.825703053618918 0.181049029298744 0.936313244000349 0.534218224204823 0.811390236108647 0.652729638247306 0.880002366213374 0.640910551340792   4.96817037851696   1.63142623604368  -3.20700516924476   1.33927907269504 -0.216609904320945   2.88141250294161   2.33855063885947    4.9845018947421 69481
103085383279.567 1260 0.617520633492166 8.01193093153814  0.022515808002892 0.0977097233541121  0.185774417464277  0.248095674859473  0.469626805622927  0.700530140424949  0.976650840993395   1.44531307026661 0.809027167788193 0.174040674417199 0.956956078583073 0.511479447038194 0.799114398433406 0.636782806298733 0.872647888584781 0.654744305799975    5.13243067142671    1.62450339066527   -3.24864609868236    1.35374768662461 -0.0716196484771437    2.86989233330279    2.24374903389436    4.83603255865986 74372
87742254277.4831 1280 0.629144868441728 8.11260010350509 0.0211074313690265 0.0970154321902357  0.179477184344927  0.229735058905544  0.475850726937564  0.763871645587128  0.940243996450081    1.3891704074763 0.841760429900911 0.176483324461969 0.927240277899506 0.503318064319301 0.812802997719209 0.657197413048997 0.877505875398524 0.672017597222852  5.50041303289718  1.58089167324704 -3.10175808029087  1.48638419283291 0.281154343923765   3.0455243937684  1.98680333504611  5.09694078574705 73555
94584447550.5957 1300 0.671736044053571 8.14038146798534 0.0228249565179804 0.0941967409580844  0.179917105274478  0.222404537802757  0.448775245822228  0.778994987365653  0.907364141383636   1.51251424202031 0.840873391122318 0.171051549536214 0.943212735523216 0.508456576283216 0.809751175064175 0.675727666910971 0.875491532413661 0.656385801330387  5.38331414709716  1.56616974563257 -3.09558143465068  1.70442349247662  0.10158200848998  2.76464179766495  1.84950778830315  5.17126463150472 75822
100430877471.206 1320 0.615364938055868 8.36822489256074 0.0211121683871361  0.103234830859045  0.164502071375765  0.245021548802851   0.42778164442392  0.817205261610182  0.936854328700116   1.47842578161902 0.888449552847548 0.166147588959428 0.941419382784759 0.494997466781884  0.80690392218122  0.68342668913008 0.858329179194148 0.642483565743296  5.52260591935176  1.55536547051447 -3.22361642121054  1.63668849784006 0.293684342884974  2.79916104004885  1.78594824590276  5.06080097406278 69939
95091472410.1738 1340 0.643161185225867 8.87416120822504 0.0198240212644927 0.0966068993468255  0.157237516826814  0.232215790927022  0.410091214161842   0.82512792870076  0.913661007753189   1.56115628784747 0.876667529555892 0.172241434483303 0.916773654522193 0.502524727205138 0.787071358148712 0.666435600631532 0.930827591855577 0.676772436019219  5.24952496374568  1.48171721606303 -3.05859692274518  1.80300807900876 0.394576512969148  2.67829163077724  1.87763592868767  4.74353377394382 71787
95499324843.6667 1360 0.63131596613193 8.99898830230879 0.0190921980056737 0.0952157159967116  0.157261519029294  0.230134142022193  0.462148404719998  0.846095964423321  0.923228450120603   1.54612037841349 0.850566736711421 0.174116467166563 0.977377429457644 0.504069092694412  0.76975995744242 0.665375880046529  0.90212428794218 0.670306340390558  5.44084286606241  1.56747985263605 -2.49318348819141  1.74239335000361  0.49621037386794  2.95795035477746  2.10434214869444  5.04462267997506 71297
76580287936.8015 1380 0.627593921125484 9.41981075641053 0.0176105727252907 0.0879429674298121  0.163535661302171  0.233442802565031  0.455534448331417  0.826272215887609  0.914552175643216   1.56263603836935 0.817809596895468 0.169464270144658 0.999760217120611 0.530534166581982 0.765280034143526  0.64703981373597 0.874324800921634 0.655161286588045  5.48758780532803   1.6101398128808  -3.0960589216108  1.43750379688902 0.629337437147356  2.85238041708289  2.08512196565053  4.97094154946571 77403
102970223349.498 1400 0.635017273761114 9.57095380719407 0.0164271294095096 0.0830488908864739  0.149918431653995  0.275573589184273  0.433364366339757  0.814767611536944  0.898634959699981    1.5047769107355  0.78516308304043 0.172954105025466 0.982986106260104 0.527740862834904 0.762759020873405 0.633136658220946 0.897077877480611 0.666612108705301  5.49460407464876  1.67989643747696  -3.1658293141153  1.31341960326447 0.325916851867808  2.84067900444509  2.44258158133766  4.96840873455552 70909
101849866403.925 1420 0.557400281463441 9.68969292916993 0.0158504150771635 0.0800984592786022  0.155631673582922  0.264207531864468  0.448840512193736  0.807403701615585  0.862719938569753   1.48819783428321 0.766601817766617 0.169853007174964 0.957162872028805 0.513404045324962  0.73712495927778 0.623297486072984 0.892610640184522 0.673808542167762  5.65096781930814    1.661026790776 -3.05857797515688  1.35197598476419 0.458333762984103  2.93404579829138  2.13690310041606  5.13757312698174 73112
92985985721.6453 1440 0.525623225504015 9.770996666401 0.0149756990682199 0.0750122090523738  0.154121946701584  0.260216119019034   0.45122634670081    0.7497293307139  0.843850315214282   1.42976557012976 0.757120335337317 0.171925336841046 0.964225017728853 0.501801169071525 0.728527791838185 0.633625898209774 0.887006931995668 0.709990755044724  5.50883263804475  1.59356518011755 -3.38179020190064  1.40105616906047 0.384928810297184   2.7236716342107   2.3419403171528  4.75392461762088 70836
102557291873.02 1460 0.500274279119331 10.2436929496235 0.0145722628507097 0.0696398078559586  0.142420516321131  0.252538707263285  0.460953330955174  0.723318103984573  0.814868953009105   1.52911483150513 0.749359599112504 0.170336606004734 0.955878984481513 0.479833311589053 0.710851311867767 0.618731351441842 0.918095817550684 0.729312323333246  5.72880853642528  1.57434235862067  -3.4034297425467  1.41848632944867 0.476248069747697  2.66974779839032  2.01081054295264  4.86384591819848 70627
93174711402.5598 1480 0.531927671254881 10.4790816326442 0.0144140223348744 0.0670970555601299  0.136538746236078  0.232325138253797  0.440898817023628  0.667586556505979  0.855752744527155   1.58282039558052 0.803691040590831  0.17302929619879 0.938803970459723 0.489322485706736 0.758292157520536 0.619945831723508 0.953766708671077   0.7198646502489  6.03636861610505  1.55231862268882  -3.3576076429686  1.53272559500573 0.704161408379977   2.6627034530781  1.67657990679949  5.02214148592583 72500
99898572730.3339 1500 0.525054460011368 10.965464109673 0.0143434964178204 0.0632892446351717  0.131782616766957  0.230957909057696   0.41778029531155  0.676127776870124  0.924900221434766   1.72468213521983 0.776046758111908 0.177740153640652 0.907840384251308 0.489270025295926 0.744923695032966 0.603904236784178 0.942977581057615 0.713231672415803  5.92749450128403  1.58831666749573 -3.32260320614302  1.57081482767797 0.534059183699829  2.59930064989026  1.61088986544747  5.15754384541992 68488
99290545033.0961 1520 0.506922609178917 10.2719450516662 0.0152393119301941  0.064100861251372  0.126898116171203  0.226352609995625  0.420631619974872  0.644203302826109  0.909548095123577   1.60794331219166 0.745808847253583  0.17363985250752 0.929704532376721  0.47691557791322 0.735014857863285 0.609265390060568 0.952750397664392 0.707754175456466  5.91453214219209  1.58052420232879 -3.57636355160108  1.51995319715366 0.487365225461235  2.47774901160229   1.4172156985361  5.14420127201088 71000
107470042098.594 1540 0.436453590578807 10.5270387653855 0.0142628864498895 0.0645152761883925  0.120949908879973  0.217008797616337  0.409427660756025  0.591339785260479   1.00018442950663   1.58059232627211 0.730564445374632  0.17255042124614 0.899886394237205 0.484661191763034  0.70440341727221 0.604152390959578 0.926829127864294 0.680310739935823  5.95758062846404  1.60487995926929 -3.50370424514116  1.55187638540575 0.478431034223749  2.56648373277089  1.63578836853605  5.14466673651776 74378
89578184252.0507 1560 0.391250981524647 10.4154172075696 0.0136434066136405 0.0610178348888762  0.120579209398488  0.220434085274582  0.387217206930975  0.571370904338342  0.936897382047543   1.48004924145638 0.743905706054703 0.166254462384377  0.88824808516935 0.490252714676903 0.706707345384022 0.599550902150888 0.922174572459025 0.668813986829789  6.04484499439536  1.60086509982602 -3.32016361639987  1.46024139934767 0.666359547130983  2.65683120741035  1.52395918583862  5.22701552108521 72576
97760761709.6737 1580 0.360319605122866 10.6949343994218  0.012927363307081 0.0574049738014188  0.111803361365111  0.240465338542064  0.371491615531641   0.58370907879102  0.910528766074712   1.47865278076433 0.744717669626311 0.161460708309924 0.879477638450819 0.492967397891052 0.712314187784873 0.590357652138704 0.890192301190052 0.646325116974351  6.12082817401654  1.61702065638399 -3.34298370743527  1.43908614106172 0.604368551492556  2.74929559485246   1.6414167915067  5.23356187554858 76402
97038544197.4241 1600 0.401169567991568 10.8913153334467 0.0121854076957837 0.0552911442253378  0.107435698237385  0.240497337941287  0.368697086599464  0.580224840059404  0.853490178246225    1.4454421961835 0.722029861339988 0.159404053217163 0.898237198575131 0.490475520215576 0.707027550468413 0.680632335676591  0.91786347415359   0.6336760439302  6.13161686723807  1.62753179102946 -3.15294312667392  1.39776810337043 0.631631343434449  3.00299989774624  1.87097556007417  5.30957737347806 70637
