nan 0 0.72 1 0 0 0 0 0 0 0 0 1 1 1 1 1 1 1 1 0 0 0 0 0 0 0 0 0
301552055560.977 20 0.756484172385271 1 1 1 1 1 1 1 1 1 0.968138795185677  1.04350185333482  1.00330794457751 0.958156984972447 0.994981484845827 0.980100957424326  1.02781046693962 0.987421889130924  0.274386092530721  0.634215461519003  0.537807625376645 0.0437587361792198  0.375050043841354 -0.290102974622305 -0.435864621654454  0.297297090948423 94538
173614834991.845 40 0.894102128068754 1.24199109576431 0.896861310666875 0.899181586834287 0.909503436220681 0.914245079812047 0.944198929309208 0.954156662766175   1.0312697295557  1.38344613401126 0.932992526821954  1.03729907889907  1.04011116207407 0.929898066838552 0.996893877186396 0.983688480720397   1.0273823283528   1.0046425134644  0.480136598422765   1.21534413070749    1.2485376266667 0.0423617970340174  0.320855792166739 -0.727022993802279   0.12227602008655 0.0314013364163319 86488
276329589219.946 60 1.0082160799329 1.33018553710374 0.821699096191519 0.845130280085022 0.852975097086579  0.88673862450174 0.932439170582329  0.95443767040575  1.17193850584133  1.45390909162277 0.905674407467839  1.04008788306064  1.02294878600643  0.97287240584624  0.98717009511663 0.962592468076438  1.00741878826612  1.01915265208683   0.27002093151493   1.23433186746073   1.61572092628335 -0.769569369641143  0.590281252749971 -0.767522152790554  0.406224990930785 -0.115248480469612 91256
211388376089.9 80 1.13777657430151 1.4162094700896 0.750820134544449 0.785901620634471  0.83395373590826 0.859475320364674 0.986845337986211  1.00762143545755  1.11908823865915  1.50588184962337 0.865308883847622  1.01961533667871  1.06590724404977 0.987357504777208  1.00220943551845 0.947693329355876 0.983547832856995 0.976662409502444  0.338732958497596   1.63823183695919   2.28821085878669  -0.94364082786973   1.06509214386141 -0.398330350397582  0.723861355276014 -0.130201308063602 75587
149368925189.729 100 1.22111542740395 1.53435160215064 0.694231686228449  0.78698409486803 0.795142201517468 0.848084287937227 0.920855908045385  1.00148011861911  1.04202747592651  1.63438442207218 0.842882726782601  1.07216701208655  1.06320819936635 0.987022525849189 0.978028878848979 0.939923359724017  1.00469811712219 0.949272743222997   0.74888168031816   2.54848082456646   2.37895066002129   -1.2145190452693   1.25163217177389 -0.859414615661697  0.612424071913939 -0.204489201795495 86042
106136133034.86 120 1.2845785535287 1.6696850430668  0.64277336693057 0.724517581553339 0.771622395374367 0.834916812100529 0.904621040755209 0.978525506530438  1.06622075160306  1.79195453739358 0.829370068861003  1.09599461366444  1.04513396952774 0.988092156243998 0.964286658287396 0.932662478871221 0.973470570623457 0.971306378280586   1.16923364127427   3.02339830504716    2.2859064594797  -1.76248059276404   1.58980248452138 -0.961952896461408  0.765961516663676 -0.521211164904967 75393
134512101535.24 140 1.35927925864684 1.77462572216099 0.610603813348651 0.681239017859056 0.722407732580805 0.795951789615677 0.879164000940219  0.98230860158207  1.05383173904457  1.92297242402845 0.814849243956643  1.16551953246859  1.02518685043965 0.972289052486581 0.969850114832445 0.894245129763842   0.9775390435072 0.953503273073548    1.48387941468381     3.9281254506174    2.54181640936576   -2.00834051298498    2.14427316491974  -0.764638275133693   0.183576965841869 0.00801262074144081 86561
113610187528.078 160 1.20212596450348 1.9718009401494  0.55847435392299 0.623815842429992 0.672927659921057 0.739678969886851 0.860182713392565  0.96662554252425  1.03075103915454   2.1713477002997 0.792363790840967  1.14270665538335  1.03024806372072 0.953977197970621 0.975803353535817 0.874303389312407 0.979773618063534  0.96006019066336    1.45772739858005    3.52935072083816     2.9509178082973   -1.51591616681803    1.62256367335043   -1.12868275450641   0.376539854271055 -0.0823862050379857 79140
114842267801.473 180 1.13694987167635 2.04560945098994  0.51180162861798 0.614492706051907 0.623155391747688 0.711714433834941  0.85122907977276  1.00452016664072  1.04481641068272  2.14164314067753 0.760880237539852  1.16987340614465  1.03140049501501 0.934720221924918 0.959001023628665 0.863011348404167 0.946401065593178 0.961898371424561   1.37384961661138   4.25272810175546   3.20773039648471  -1.53292040320738    2.0703071198896  -1.03863771191913  0.843205432587921 -0.479703382658142 73411
123267203345.537 200 1.11966128529578 2.13362876344899 0.476790107781075 0.579727424412163 0.603613411750984 0.710665025101711 0.828780140792153 0.969084053309035  1.03124044462308  2.17052579360591 0.750319686955912  1.22412323168782  1.06301468215054 0.916643625886188 0.946478375301961 0.862580047955616 0.929658067360004 0.976542564357313   1.44261022984305   4.90269168766448   3.81333654290915  -1.71422947924316   2.41019341782779 -0.461390831965335  0.551377729981053 -0.398830502562469 74032
115013072517.271 220 1.16585549809081 2.32367878449486 0.436577216209916 0.550886100550793 0.565644935024631 0.714778684959474 0.780293552359608 0.939032774869793  1.14495366467931  2.35729129793776 0.732659292523344  1.30774770939172  1.05501281800362 0.915255393298638 0.937566075761052 0.831069203988451 0.907326363957141  1.00685198935315   1.55089455755757   5.91783480791325   4.04991251389189  -2.04345546258957   2.86567953030181 -0.393761051914417  0.131803812919754 -0.928532738821154 68991
107925993703.755 240 1.32420668686003 2.51034426209559 0.415269545286428 0.516883147435293 0.549267852472863 0.658466129714896 0.739350266085899 0.887962381758392  1.22027971760655  2.61695737852602 0.700872381717439  1.39412360201604  1.04112300621362 0.916305302603121 0.951012204325509 0.826260915728168 0.875568282771638 0.986707495970039  1.49181674590747  6.91171781708379  3.82188414126487 -2.00828766994601  2.22583582097075  -0.2359296322226 0.344345763589252 -1.10445856501272 75034
112805017186.905 260 1.345558060356 2.638647619805 0.387477271541671 0.487133544038405  0.63173305801147 0.701510860903318 0.763351644372805 0.838530266999585  1.17816591014464  2.69779549282162 0.679721093496418  1.40572709603184  1.00758212524771 0.886012531130089 0.926068305119201 0.795671242626944 0.863759897413685 0.980652413377132   1.85829689979098    7.2745823027566   3.72520436301633  -1.56109530228839   2.22369031806023 -0.689433229450918  0.268974711187194 -0.256805094018442 74454
106008091367.002 280 1.30668108061381 2.73832607067113 0.350029551165686  0.46163256935051 0.586575971510936  0.64487632632802  0.75352039114371 0.795838087170519  1.21964005796471  2.62467197159857 0.651745980689059  1.36629923794736 0.978548416680362 0.861471709087106  0.92115988518723  0.77574697252286 0.832936093883513  1.00305934919458  1.78292217584984  7.07702415402107  3.84847372545469 -1.80267589274233  2.23308210783548 -1.03313872951202 0.529455922233074 0.728083340698485 75545
104748331360.517 300 1.20212815954771 2.74872494682944 0.322255884327974 0.435832988787631 0.539605026397478 0.654772995181982 0.727982830050011 0.803523414257488  1.22269255974705  2.43480073551247 0.619793305252061  1.31777108251301 0.967121227089067 0.843208721439184 0.901598678883544  0.80822486703599 0.853180565370743   1.0003088468128  1.85918990443122  6.85544135657111  3.75832767639997 -2.22727532758527   2.2022493037023 -1.13342116416598 0.121380095319214 0.821758548514853 69799
88386736663.1803 320 1.02731902561834 2.83221279884711 0.291187002686888  0.42828449718744 0.538849856266813 0.659258544443795 0.677948536852131 0.827189643845217  1.20317721507276  2.33573596618332 0.592667661188319   1.2631057829897 0.955543984482031 0.839998583142697 0.888937453165198 0.786570294921445    0.824858295976 0.991701768356385  1.91254171954682  6.91462327921591  3.82009001082254 -2.51055288803082  2.65999896117953 -0.86215642341556 0.347613938021236 0.408407758707182 69572
111676797534.485 340 0.923393814068086 2.837892040065 0.268283568446844 0.389395082036069 0.487877610419933 0.642340242214867 0.694028234055718 0.804574622819979  1.19096304627795  2.16065692562488 0.566754445579307    1.233872949269 0.973978495383047 0.810452150025283 0.883223850599483 0.766792861951955 0.811142043490149 0.996516502808992    1.7167591291838    7.3861360485456   4.30146370855736  -2.45537686188439   2.92271802686005 -0.997022751389638  0.441541853621393  0.225129595891963 72625
104855718784.209 360 0.931667152220351 2.84754225045847 0.257090884620779 0.356979970609811  0.49187529197521 0.663399354511997 0.712386796973682  0.76556670337773  1.13625243712152  2.08462063277649  0.54971133469993  1.26800430358048  1.01766160760146 0.791717495057916 0.872907898938797  0.75792700315443 0.791349176137414   1.0066647706478   1.50492498268442    7.9298222735944   4.87730258390177  -2.72861425073342   3.06723852645296 -0.859659924257666  0.516387036357523  0.274868713906998 73608
101499783767.484 380 0.953245013022761 3.05622949814487 0.244671183383316 0.363130505716806 0.482076821789913 0.641708361867096 0.684338194168462  0.70706005424872    1.140152436708  2.28536066825781 0.528257603814611  1.25352610473809  1.03716452016166 0.820196917325115 0.893206762189681 0.727998144148396 0.773122115228749 0.987980382839893   1.49944307480599   8.26653053479218   4.11009622615244  -3.18622026284645   3.26940086837771 -0.784948064892799  0.652565105875051   0.19780463515738 73426
104421042190.515 400 1.00984367509879 3.08764674395667 0.230325868096374 0.345482533834915 0.458029714725423 0.600208848125814 0.691595660176656 0.832342986930684  1.14662802487362  2.19582603939322 0.502532171989607  1.31201079229225  0.99764608838059 0.801876038145386 0.889528100194206 0.702182462444446 0.758884543194419  1.00477382708926    1.5612652708262   8.86901595479781   4.11659158433573  -2.64654266164375   3.28248823608815 -0.744392721718943  0.831935535205913  0.867385317522464 74944
114424780385.216 420 0.891747170618143 3.23140276056634  0.21570798832653 0.338651264758586  0.45741628896284 0.585689921538104 0.660235355206172 0.805984554397157  1.16591006741081  2.25241500569124 0.479750219547765  1.35578497024297 0.971050173704306 0.779254285568951 0.865305923889624 0.692758908146893 0.771635784246379  1.00451904907199  1.57205652685309  7.83896607343614  4.12859045225551 -2.44270172743684  2.94774274348812    -0.91358512668 0.887157683113461  1.03242729077681 69114
101600798123.672 440 0.861912568519241 3.40610156956275 0.197189937520096 0.329011560980622  0.42692503763377 0.609995885934603 0.677791964205017 0.792826299870584  1.13019314202219   2.2877045621681 0.463390408069069  1.32154094274286 0.949537629398447 0.790716007898366 0.877029695980486 0.691591972637469 0.757558367718442  1.09289116482164  1.63970519731062  7.93643391039139  4.44268991531446 -1.95503903302995  2.61847787957813 -1.05655629311619  0.90328201036287  1.35927470041805 70111
99783688419.8738 460 0.929088496276747 3.4785349776496 0.181619051426083 0.316597995944409 0.402214202123452 0.625403161984589 0.723431793572645 0.779528819710722  1.27741808510892  2.19762786144928 0.452632347843573  1.27691535253756 0.943208224720364 0.847054329420804 0.860234999518836 0.688512026178043 0.739688675298271  1.10401285028447   1.73334169855895   7.76242642141477   3.96250898516213  -1.37966308810434   2.65547896986327 -0.956346395940705  0.656679175564754   1.71403420946691 74436
107877255834.462 480 0.826808307199232 3.47688040569048 0.174144103174097 0.321035060652465  0.39783095232504 0.640153495636773 0.688251612637518 0.741885363182308  1.35409247945752  2.10517535951216 0.437120668165446  1.26247896679639 0.952884490824635 0.831210276669218 0.833910610602132 0.670589928496819 0.734066490009195  1.07477913115349   1.73614888849338   7.25435146144955   3.81179652075294  -1.63576865944427   2.53702855372217 -0.928877991190245  0.818207812927063   1.23121727518485 73476
110788949747.155 500 0.836012597391657 3.55175465349398 0.164474353156932 0.310095997311948 0.410043535741247  0.58012146517374 0.654766061168592 0.739537558750462  1.28905200684184  2.07483757008424 0.419205082875991  1.32018994732648  1.05116105877104 0.833534528717427 0.823406852140325  0.65547619281212 0.790548639472895   1.1029836985764   1.71336196130216   8.02894666976506   4.65346163603453  -1.27972025335355   2.82360147031125 -0.900031683671579   1.10606588101416   1.58575589923838 74589
100551823694.335 520 0.921316554936551 3.99883898085732 0.152918200609399 0.285273583431907 0.406890575751644 0.588111124215117 0.606367026862822 0.835265340904728  1.34744491477558  2.44527108821346 0.414546369945862  1.37083896132327  1.06501016711102  0.83402725017508 0.807490850971208 0.659867585588716 0.770638445632601  1.14881558953592   1.80110249372408   8.82805126281282   4.04291778763283  -1.16272596677256   2.66398508039968 -0.786945222298565   1.15958904212239   2.20958395602104 76227
93135239973.3206 540 0.874285174385699 4.14107300334031 0.146718149927907 0.278151966771211 0.425585017666325  0.56458314942021 0.643407628471711 0.914038201655737  1.39354564036507  2.51599408408411  0.39864399023979  1.39774817696237  1.07155679569762 0.812136198236916 0.794006981098835 0.653275813015544 0.761068016466915  1.13768693358995  1.70475627198183    8.664008930408  3.88564713175667  -1.0583037251613  2.50695157293752 -1.08501987710737  1.03261441381507  1.98069774664623 74438
94014069049.361 560 0.881767230026762 4.38421376270998 0.138282643449484 0.267334407309164 0.404052040842998 0.533730155513308 0.659068137817615 0.851383719040516  1.33936115566107  2.65797636686923 0.396417044427058  1.44861026573112  1.02676647870461 0.798925639165192 0.768865790583015 0.652596061176164 0.752488242894764  1.12228736412326   1.54149951923326   9.36024746569329   3.94729361778825  -1.54287515416135   2.64440343363079 -0.783654004438263  0.848665695851176   2.01400644596749 72020
102810833966.552 580 0.906003678851327 4.44186887839462 0.138810052920235 0.276938429552748 0.377333850864563 0.508624269209262 0.619800709608334 0.865879092496351  1.26481706974867  2.73874998575777 0.387523926371955  1.44023937472084 0.985234706821747 0.798232151180552 0.763767310230584 0.670290363443632 0.743966967030996  1.09730884877869   1.4741905831623  9.42707424928489  4.08935611867355 -1.91804528930458  2.76031637034726 -1.18651335214098  0.72437536917164  1.95204694665372 73115
103565083166.279 600 0.903031832357803 4.399445806973  0.13650936815948 0.265566794004394 0.404169343616673 0.523435408332067 0.590124699907927 0.844947501104079  1.21562069558838  2.64215566714204 0.370943576827366  1.44174053623576 0.976032350864955 0.784789227330293 0.753319455687978 0.676495436550841 0.758433149320094  1.12456196274371  1.51584083016917  10.0938962124084  4.31339481962804 -1.93146811968821  2.97723763735322 -1.24169779304982   1.1020558311367    2.699585429044 70788
92943633746.2095 620 0.850107997925929 4.66041042808595 0.125473275307383 0.258149711671367 0.407188367936833 0.510664056808343   0.5680463202729  0.84627987365852  1.20873587716875  2.72520743748913 0.361785564479205   1.4025980868168 0.976306524129668 0.765081859141373 0.771868178641358 0.687133623465797 0.740503992845154  1.10273762310084  1.41495297479256   9.8256848900083  4.53766020497335  -1.8524528701879  3.39678741770414  -1.0694000368558 0.963465437658279  2.35692298672795 70529
99951292055.641 640 0.740942498975677 4.63029436077924 0.121825439343199 0.261762609946355 0.374519262563478 0.522603641868199 0.559101520157683 0.820284228827976  1.19701585520664   2.6118918406576 0.348664447512761   1.3518142260897 0.950017440572909 0.751174593927887 0.753868314488938 0.684212528225075 0.728489030492208  1.05344049639702  1.34383475108396  9.96933885239613  4.47021318259928 -1.85455396735785  3.33470811555238 -1.07135021945089  1.12413018960622  2.27561827299795 74553
99493018478.3989 660 0.703132312379059 4.60355676440641 0.113680270193599 0.248706253036008 0.351277562191319 0.510526777104657 0.536911604555625 0.792113357834281  1.13025072057154  2.40919582765349 0.337346718867358  1.31213461314204 0.943799366418934 0.721987368632712 0.743874306991601 0.707160170986518  0.74369205006675  1.07841517019017   1.42028426768575   9.82754851435699   4.56270840025554  -1.73665167297795   3.54271795682653 -0.974719981269913   1.23416798888805   1.82992194517644 66134
86175882573.6425 680 0.641059471294706 4.65706623134196 0.107769867953042 0.237044695554634 0.351497590714632 0.494090277774068 0.550946758454754 0.800408128904154  1.13790582320661  2.33734155035275 0.326329036551141  1.36745527726911 0.919367156045766 0.703425244245794 0.727668302324024 0.697324448535143 0.741776000483126  1.05324204054328   1.3951656024794   9.9825798961326  4.52412285869308 -1.61907431452387  3.59140898974102 -1.07472191856279 0.927335724203661   2.1737449445419 74409
92043711573.0575 700 0.602186855175058 4.9358809570746 0.100355163787035 0.238790151160913    0.336172811176 0.477550448431869 0.527344080940023 0.811002316530681  1.05562071138776  2.44494490946368 0.310924581228935   1.3152525082291  0.91332984689093  0.70587503226665 0.704905093424916 0.681593950795329 0.776451324173505  1.00747689614605  1.38321272698433  10.0629088251054  4.51800993376605 -1.38133550650576  3.44674681917588 -1.21363535877338  1.30604380772177  2.24948649768049 69287
95213487246.0226 720 0.58044350883835 4.99965024870565 0.0916358291854174  0.224332646651947  0.328195092374613  0.454486939477756  0.501771338730459  0.842465828886003   1.00487916693823   2.29057524334621 0.301686033158711  1.32007460338588 0.908646883370879 0.705226584411763 0.694975354058726 0.663465613147247 0.765831215181765 0.975105133325374  1.46490121840369  9.88997355757648  4.20941540784703 -1.20635252523474  3.27347748430396  -1.1386078197954  1.29507964968031  2.27882643000958 73208
96095285490.5701 740 0.55692221222404 5.18852088628662 0.0852958356228173  0.208015688290996  0.334327848414463  0.424884192481867   0.49493742443401  0.794921066035296  0.978490113135673   2.29622778047516 0.289899428828871  1.31278307139856 0.916110002312572 0.712744795025692 0.692834963516729 0.649596957947768 0.764629920569038 0.972676079804517  1.46854116867635   9.5279147631571  4.01338521122898 -1.10204080923515  3.15844424967736  -1.0896246876258  1.26683430586489  2.07996261588906 68508
90829792508.2823 760 0.52474895298246 5.38449872954011 0.0788065183248313   0.20405330295291  0.325643265727094  0.406363100826074  0.467082100678327  0.792552824930375   1.02813308496642   2.28482371825277 0.299317327737599  1.27602933544399 0.941617423386647 0.693096776252046 0.686630741181431 0.658318406158265 0.761976815822665 0.998563300927922  1.55613764201162  9.62046825625491  3.97418343905698 -1.17546095682107   3.0600707077803 -1.10840329144414   1.3428653797784  2.01656174406788 73741
95827427679.2177 780 0.547719312155802 5.31538744995554 0.0807483097755074  0.209597174239018   0.33241183905594  0.373266427637433  0.455106629910617   0.75041161405337   1.08449872587009   2.28140975276536 0.293417060200215  1.25548108781765  0.99983525814479 0.687690195427069 0.716390472992249  0.64240614820835 0.734741815584298 0.962097059499147  1.56294337200681  9.45360754149949  3.54661166680339 -1.12229014479376  2.84704282072576 -1.06451119162504  1.41475079301128  2.00460906406153 71028
89215405715.8228 800 0.57839233772529 5.57285578367664 0.0749134683535869  0.197584434401397  0.330674053209785  0.354414015659614  0.438464678394883  0.754155734110584   1.04951882411206   2.32656672967336 0.283223745839919  1.23905085693148   1.0790519600621 0.660650338701942 0.717460156690559 0.650669013475812 0.737950593339403 0.963231673407417   1.5255218752429  9.26387729127681  3.14661198520516 -1.25841122158076  3.00626619510008 -0.84632209009462  1.09342225280816   1.8855248582121 73968
89559099869.0599 820 0.584508132470309 5.87704511685598 0.0714295423002076  0.196732141703459  0.318097152261993   0.33116580570422   0.41770468843175  0.759813054720302   1.06468585468911   2.46715205540131 0.272747415227221  1.22869871372182  1.08020170642576   0.6466730163086 0.727334644729384 0.666006159474025 0.723752185439244 0.967743703510249   1.54077647881748   9.37743908866307   3.13098849922405  -1.17131186860033   2.78768334375123 -0.673561356152096   1.15904199926268   1.85951174978288 70253
84835601318.0362 840 0.548681473393842 6.16542416426816 0.0652648511285776  0.206773312529878  0.299059309807508  0.316390397463093  0.419220606012045  0.765367955388697   1.04908473257739   2.48087722478717 0.268459385407172   1.1992081661547  1.07433587187543 0.625425417807004 0.722823068352717 0.666746960765961  0.70459169770602 0.939311582697163   1.62496967163404   9.21034010986059   3.20007753079457  -1.03694416384168   2.73784566115793 -0.656162705702885   1.12556946969765   1.90631867623459 78480
92100191939.9607 860 0.469554827982085 6.24783273133253 0.0619288785888338  0.199385749550724  0.284499444097262  0.319312645617462  0.398302967611408  0.730633348582459   0.98982315559098   2.41741940428236  0.26662296867047  1.16037988500629  1.05310358087642 0.638202336783687 0.700118564316197  0.66535062352599 0.693614280322285 0.906165190621398   1.63212053962047   9.49649690149373   3.51056685184802 -0.993979596506537   2.84213949732866 -0.830449339243083   1.27179646964287   2.01220522166831 74279
81519724899.3316 880 0.482981618070312 6.30510319841443 0.0578929882329825  0.221823195945376  0.266439267295609  0.293345313594649  0.369514784285384  0.674186664844979   0.98429327720379   2.30149674716552 0.263124002039023  1.22620991620867  1.15365651879816 0.622514153868184 0.715131139640266 0.660497044138816 0.794594124055957 0.915782081264903  1.55819710642048  9.91525713273708  3.95088787155461 -1.08656637454155  3.04987262179443 -0.94018796455911  1.60822617259992  2.19468570001224 73203
102936154016.79 900 0.579974590002385 7.32328068757134 0.054199211340725 0.207157539719426 0.266010865575267 0.285204522095098 0.351487099929108 0.676464350844692 0.961726625808909  2.90672755342543 0.255013226903259  1.31369845913516  1.16069635751041  0.63816446990303 0.739357705459744 0.676971414382602 0.843149531371926 0.954139503713982  1.53129796185164  10.4121367551058  4.11339031441446 -1.34787821100307  3.09992933336885 -1.14914053667481  1.84981486509386  2.53981634094129 70190
79798987450.6169 920 0.631936942636106 8.00872038679744 0.0520242731185688  0.196881928061242  0.253068704723505  0.343954735429644  0.355606246598421  0.638652018381526  0.994524659082464   3.33681618433304 0.250566652488771  1.38501758712211  1.20280148136621 0.617274300628522 0.711036743047776 0.720003967752314 0.880828745595078 0.974768052210714  1.49493964719584  10.7182642568569  4.52476927572742 -1.20467409046279  3.10452175399515 -1.39688588083285  2.09920481113593   2.7588187007456 68659
88587752225.5688 940 0.759971022465026 8.75278853728121 0.0498221272477814  0.189176123044709  0.241698364354711  0.333692631979025  0.351644989541864  0.626351674842481  0.949503122120723   3.81693829485919 0.243631761819878  1.53366021748507  1.24793088359689 0.632837663678327 0.689471579206872 0.717739694750506 0.988667322514044  1.01967201500194  1.48959849700714  11.4409585915768  4.64803828350208 -1.45193820169443  3.07752908694469 -1.47746717465269  2.57266021622361  3.07867924515586 70417
84716039720.2186 960 0.812391721041213 9.94343973474424 0.0469063601927617  0.179092504000721  0.230866685914215   0.32251754799732  0.383907903761103  0.644882749882539  0.931101413647416   4.63772535221225 0.237615673039807  1.54122675439728  1.29215268688034 0.663739178042511 0.753006175489149 0.706458458652113 0.979642770707374    1.003900377891  1.48979297916872  10.9813210531013  5.05568316965714 -1.65522610824801    3.641474765004 -1.35377973876602   2.5152070708938  2.90034932332038 74701
99445206878.0768 980 0.737892989348411 10.3763971788616 0.0439362053221896  0.176907022218072  0.219734339104799   0.32014848252394  0.390356257342594  0.665582440037815   1.02840795215339    4.7305944615768 0.231252593368078  1.51406199336955   1.2870872531572 0.642899825240317 0.764504042111054 0.719263176378055 0.954019047350455 0.964474768720239  1.50484843723569  11.4298502183052  5.05555088192111 -1.55102379249595  3.58650706273781 -1.46829902223496   2.3261857487461  2.86751438722204 73152
98114644938.1112 1000 0.675730030903589 10.5858521596943 0.0406314106612999  0.172786929295605  0.239241995928498  0.312691296588397  0.366328169216697  0.658890327287811   1.01420832026096   4.55316668450318 0.227149096283755  1.47031156985791  1.30364353956189 0.620239480049911 0.740956571503581 0.704781220384044 0.966749905669209 0.961655619795666  1.45541196636876  11.4434989290021  5.44440095846699 -1.45725283153437  3.54727386831618 -1.56572188758164  2.67527389570399  2.90265990838629 74959
102668484495.31 1020 0.654787598448014 10.588203874346 0.0397015435518109  0.163473376698551  0.247998074314246  0.304243945490099  0.341921592965597   0.69435393551639  0.960081486682943   4.45094248069133 0.218534332109442  1.46763701136277  1.31986391939626 0.601168072524604 0.752301156231437 0.700689928746617 0.990217632801871 0.967472881073398  1.49905748174152  10.8276861738539  5.03281703184016 -1.40178686624784  3.17937847036416  -1.5940895773921  2.64464136165306  2.55739717917336 72232
95797326058.3268 1040 0.702802345884135 11.004494010155 0.0366598817405473  0.152972244477259    0.2547572091427  0.298513425484313   0.33093107084435  0.758017493265174   1.00729535709133   4.43947092837199 0.216704913939347   1.4956325777971  1.40578328602215 0.601287429140421  0.81636851432791  0.67171666802409 0.947484590412009 0.930453667493865  1.53161160337254  10.2565703998431  4.19059942581999 -1.21440675847112   2.7059014672448 -1.65039435967327  2.61406258890437  2.48822490180523 69611
104183193914.572 1060 0.723847504567585 11.5591833545445 0.0348243703584581  0.147636150926895  0.232900928853326  0.301798407576773  0.325486623779087  0.715866404532427   1.09122158238457   4.65304848849181 0.208592718011226   1.4377386166558  1.46815096130554 0.597490456692434 0.801773523020756 0.659944951316444 0.973827016839929  0.91376475705048  1.52810808066355  10.4012772403648  3.76651514386659 -1.52887212627452  2.95596969391997 -1.64478370615352  2.13367355327192  2.45035101981443 70034
99609871587.7678 1080 0.737830919490414 11.8463468233503 0.032276226095813 0.141020225828267  0.23366763572568 0.288894569433748 0.328432569713962 0.799645724783333  1.13128729742835  4.52951430478245 0.205233569116296  1.38282375706338  1.44512917639444 0.599352849374121 0.794186084616974 0.637242256467295 0.948180533071447 0.879760345186356  1.58702619703234  10.6492590837087  3.65379414566844 -1.63171971738746  3.07918535658852 -1.67131359321672  2.20797187390215   2.4907966540499 71746
100373617288.637 1100 0.661408979593894 11.4276304463139 0.0321189080302521  0.138239446713332  0.217268989612082  0.275287845465632  0.331544447200324  0.825896521426901   1.09699030460687    4.1944318911399  0.20066183220013   1.3644360393452  1.42046176555831 0.598465905590521 0.775253394835102 0.618864727215597 0.916815382675185 0.874644416384153   1.6129699601885  10.3851064774854  3.73838414966518 -1.49359052456188   3.1090289136093 -1.67182526342249   2.1893932647804  2.30739028069269 71098
97185010318.9812 1120 0.617000555968619 11.6165132085327 0.0296417947255562  0.133553942501559  0.204018254256895   0.29310456334599  0.328444250224922  0.786191335486408   1.09247053764177   3.99996394356696 0.196027638298464  1.32578869337274  1.40021516404111  0.59163056223392  0.76022646844893 0.619242344813184 0.923234370043923 0.872935688442944  1.63739066255941  10.2504625646905  3.99277001700101 -1.46541633571236  3.12967512748193 -1.39317577178365  2.01473272267004  2.02867745360485 68920
83192447717.4116 1140 0.539805287925803 11.7236807134039 0.0280584582150763  0.132885870584272  0.192083734433866     0.269319583918  0.323195832793976  0.771471605556933   1.10905434348384   3.85648607637362  0.20763055942353  1.29381405085257  1.35845284900395 0.593802574964743 0.758767417671689 0.612041910477513 0.930010266259354 0.861695792856389  1.51980648808796  10.5859510815971  4.19722251545621 -1.57972720948547  3.23529801969027 -1.51599530086397  2.11567671426517  2.30094623220685 73068
94448660311.2995 1160 0.555535308009677 11.2574024737119 0.0291019624734427  0.125620832638258  0.189532735973014   0.24902075030155   0.30560116410762  0.743526116372837   1.14235353884227   3.68806581675811 0.203441167215784  1.31605555154635  1.32515233406065 0.579339895653983 0.737925609679956 0.642424104432887 0.915320158744292 0.851849372788675  1.52183295447707  10.2456272703449  4.44074045237963 -1.50314184550288   3.2600626888553 -1.26037509060765  2.34915627206063  2.17392600080528 66604
87860057086.971 1180 0.585171174389355 11.3423591216272 0.0276309493283741  0.116301928255082  0.204843886197209  0.235377198546537   0.29379414778975  0.814650598098812   1.13845946870571   3.55469705181744 0.208522233801482  1.28331009714472  1.30550080422476 0.562870689546507 0.718220876582105 0.649516889450991 0.914447147443215 0.828958548035617  1.43655565355033  10.4290854085228  4.34110575455437 -1.62262584124974  3.37545144555773 -1.10641836558555  2.30138544497284  2.27009223686814 75179
91586887056.889 1200 0.548175672125393 10.8986632023356 0.0288103461933735   0.10907364640751  0.204049038029565  0.240171520856029  0.279078083672599  0.815234183174095   1.07408686297758   3.42211768616325 0.207019738624964  1.28185830227831  1.28069196758634 0.570607276877202 0.721715393220161 0.654959750975251 0.895920145602644 0.824341723251089  1.52122433128201  9.97142804210102  4.02776322019611 -1.37811793487303   3.0486049366553 -1.08407104633185   2.1271728213204  2.05121286050755 74693
89130948789.7715 1220 0.550156455486634 10.8510628278699 0.0285978568771251  0.102274124204401    0.2043940354592  0.235924537207554   0.28572253774951  0.843484035298368    1.0161720996406   3.36727080132655 0.199067299029331  1.33982217921943  1.33191862779636 0.574131733201812 0.735499403151362 0.643053910349263 0.970957410449036 0.842396082421575  1.50347605538437  9.54044904349838  3.59030669974484 -1.28266337416539  2.81547202103321 -1.17478919739594  1.98028285278634  1.97011094616096 71545
87207531882.235 1240 0.529490391638364 11.4323098275823 0.0298116184201437 0.0963275755790827  0.204813236646515  0.222273894431606  0.276289604951213  0.796096593097933   1.02333017362196   3.89631019909955 0.195249066170523  1.30881510261686  1.31064514760122 0.565355234181227 0.745972818845769 0.623203981764017  1.00800993874226 0.821001337191627  1.52047428406439  9.86070411443687   4.0146285684205 -1.22497206405784  3.15126955925049 -1.23127727208039  1.99771931944677   1.9734310155557 67756
89066729102.4223 1260 0.547416889403807 11.472766503386 0.0285617843022492  0.100802123206609  0.194543583935396  0.219707569448796  0.292343418744026  0.764741090651436    1.0633958254427    3.7594269003108 0.199158325659463    1.264079847417  1.32043565538228 0.561817432885608 0.750207611986244 0.635590634268714   1.0240130729046 0.808186196899735  1.52229848477712  9.69302208567987  3.57298356084153 -1.10688968402009  3.10133700715464 -1.08385017113026  1.67190048841556  1.89576975332746 72427
103721750843.454 1280 0.499405089787261 11.2836681223136 0.0290090364240491  0.100568702358222  0.186191675654574  0.231478921278837  0.293095668742466  0.759979390373776    1.0715179195933   3.69346435059005 0.199644459766786  1.25309604312297  1.29304183052925 0.543130390431517 0.720299049817922 0.626560838287029  1.01558912040046 0.792904637477811  1.47260532073833  9.97500547257787   3.6288513409521 -1.22570797833913  3.01243733679134 -1.10725854534736   1.9724549972068  2.14505396643402 73563
101900321918.729 1300 0.44549127880799 11.2532758426528 0.0276036943379648 0.0998324008871935  0.182087953476238  0.220048711436919  0.287791211690192  0.796093106550478   1.03949912113704   3.49562743145185  0.19549979287582  1.25665014118324  1.33495755181025 0.538017911550397 0.706087404852846 0.604205249263404  1.02378413186193 0.790582165424937  1.46090857528427  10.0015359544391  4.03246324028707 -1.30568744298142  3.10212019512034 -1.16450247439144  2.05391315502779  2.23656681227219 72216
85807771386.3839 1320 0.434795941453263 11.6026039885459 0.0266461205896685  0.100161023284576  0.181332453313792  0.204127967073024  0.270333768618179  0.848935078166457    1.0070938621587   3.58711192689978 0.195282541235575  1.24647512044743  1.31474603795886 0.518846881915229 0.683417127649454 0.602796276848571  1.00128634375921 0.791834574074642  1.41713354500682  9.92999994464067  3.94795587243361 -1.33527062608877  3.04755233929739  -1.0159569261588  1.96474022656608  2.27160347548746 70350
84504081583.8472 1340 0.449872812315768 11.7033073081063 0.0257470236417169  0.103039611097724  0.181882525611352  0.193674813984793  0.278305923782681   0.78653774218868  0.953902808247325   3.52650293609906 0.191794526682757  1.22858809022397  1.32076485903735 0.497106739595403 0.677759216726981 0.596747136554491   1.0227208121091 0.770618166951048    1.4144105892168   9.62654001132497   3.55220108847596  -1.36009475627599   2.85351242741241 -0.966904557283022   1.69517096864542   2.09707119836259 72968
87694678191.6661 1360 0.438971950933327 12.1517704419334 0.024371280771972 0.110142859605448 0.171365947350335 0.180684844604979  0.27267286634706 0.744283001088831 0.890704912125209  3.59879796703137 0.186208253540971  1.23337925111435  1.31728847818884  0.48096622834353 0.686341821507443 0.574179241209652  1.02313766612975 0.760600155310332    1.4218420821189   9.51459705628317   3.37966279539754   -1.3106244848177   2.74175303849499 -0.973735979634774   1.94090492686639   2.13152122057382 69092
95508209638.9799 1380 0.412621836860721 12.494611095758 0.0227709022029486  0.106551231111047  0.156672644155871  0.189493726087743  0.270123346024828  0.717190780897799  0.930856509762393    3.5548863751974 0.184591459542499  1.24526209171744  1.33261705593939 0.479956203493799 0.702132470955427 0.559660563619817  1.02340497633026 0.779439815742439  1.46219568129139  9.34310625855024   3.1553102940449 -1.22440427890361  2.73803697840101 -1.09659019004351  1.75781146251656  2.11158172206083 73780
79367361456.4832 1400 0.38111065311998 13.100619380867 0.0217301883466675  0.109475512273182  0.154340343749051  0.192574304242679  0.267513818573061  0.666384162608866    0.9105833912512   3.72947026319594 0.180623424573759  1.21926999733452  1.28741523715206 0.495758855783855 0.692027549357754 0.569074598718497   0.9988353750498 0.781504774422086  1.4587913412631 9.46131727692873 3.15145776956382 -1.2228692778264 2.70663314379413 -1.1422587753857 1.83208276559918 2.28661440296954 74217
92125171752.5216 1420 0.44455077809968 13.0310704434729 0.0204438145426739  0.115506750992386  0.151195331856087  0.191460495200016  0.274722879606717  0.677270588606434  0.931489418317618   3.47153955159447 0.175583718277568  1.20297122552027  1.25564501049805 0.475277604646833  0.66159147659618 0.621789398307642  1.16328017145348 0.832123292479322  1.46758808294077  9.68478584729318  3.38631368519043 -1.21731081449081  2.78957890074827 -1.33426444294029  2.33321708430284  2.54948001481409 73312
88808411928.4881 1440 0.486766209140948 13.7850795919182 0.0191997186825247  0.126028317585919  0.152034367866359  0.202887800876594  0.266087453342719  0.633352444176918   1.10239557851549   3.64849219331083 0.169248160646614  1.17730204683618  1.24430728807794 0.463845535948224 0.678850731244529 0.608608159721021  1.15930277972524 0.812599102787464  1.46921343897584  9.92924244500296  3.55022996896457  -1.2519256889935  3.03824164332859 -1.34977598821892  2.34658027953648  2.42216911795059 70859
96273694660.2341 1460 0.533911501247214 14.1123567423765 0.0177705026330593  0.131175408625135  0.151836426871061  0.208032481948554   0.25963360985476  0.666264652481672   1.03981906606846   3.53914865358711 0.169109605233554  1.16354884234002  1.20212947548922 0.458804368168209 0.687581465547515 0.618635791519326  1.14246581395862 0.812050240427172  1.48212380249818  9.88224312797751  3.54578020208511 -1.31126375058013  3.19144137392618 -1.13699585047929   2.2429310886888  2.14468239003101 70226
92912941235.8351 1480 0.508931820643433 14.0877028476854 0.0169908695265355  0.135096319450394  0.151850435947788  0.230985355731046  0.260517891085387  0.628660400362951   1.06202641106212   3.37206525137221 0.161737984068705  1.14407409543426  1.15643962991572 0.446261441794278 0.683613708021642 0.610615112529884  1.10445367866402 0.777559731786834  1.48919690504468  10.0049802651666  3.51598146595894 -1.28912542897734   3.1848268949805 -1.26646535602567  2.36904953458458  2.25060678513067 68736
100563793382.267 1500 0.538559852921085 14.1876262668127 0.0157727914283389  0.133390196370955  0.143948370207259  0.232535902799245  0.252079267556179  0.593086049130649  0.990464309680802   3.17488529848867 0.158462013116749  1.26762539645713  1.11700268785796 0.438145108457475 0.680933134611591 0.611883815411546  1.13682360594484  0.82639496013029  1.44636723839465   10.514740320987   3.5259454606298 -1.25884044233009   3.2783286265046 -1.27708132842595  2.41770233571996  2.43178647374739 71750
97117158162.5857 1520 0.553459841983974 15.08180296639 0.0153270836685555   0.13171708635692  0.147976357899038  0.224623942759651  0.240048827144057  0.659879491946977  0.979135567488164   3.48631041736459 0.161318783340147  1.32080212982466  1.12393526155181  0.42375558131598 0.680156005002539 0.593117935312896  1.14716292643171 0.830771427192202  1.40503724208192  10.8554298675536  3.73401640728102 -1.29287026172872  3.39583312871554 -1.20984670912953  2.47755519479331  2.53321547484308 70930
92452607781.6089 1540 0.56137553976483 15.1916339299474 0.0159412030444574    0.1215564142576  0.141104934272493  0.207130926778288  0.237276250824644  0.676769785604176  0.955124422027338   3.67900236440388 0.162922205702613  1.34041366173945  1.15786658952871 0.411798071608726 0.726598064715555 0.585246551099828  1.11978043188384 0.821427975294598  1.39287333048191  11.0497258674227  4.10363231849559 -1.30158608340535  3.64825861962845  -1.1000503149883  2.54773206568847  2.62566752444448 67887
83193670835.3952 1560 0.562115365429232 15.1994712568173 0.0163491190215118  0.115210999462488  0.136078074074938  0.198616694167013   0.23366857322075  0.636246512629489   1.01938788453938   3.77703767094991 0.163650495538434  1.40176330291372  1.21975950431569 0.404985333869364 0.767540276032164 0.568410748472073  1.12628019855355 0.819256468007372  1.36719349730717  11.0751529088123   4.5339292296771 -1.32133561941126  3.69595252654243 -1.14589234573048   2.6068520274985  2.67056542808225 72557
96506798537.4048 1580 0.567817418109416 16.4636646719099 0.0154221020613133  0.115706020544668     0.132762549243  0.200689514576841  0.227084957720447  0.651399430301377  0.972185205236937   4.18019553175456 0.159260649224061  1.39905543986635  1.28524327020617 0.401262054328049  0.78441833365722 0.575273396272086  1.16823719077774 0.791717885648982   1.36872196283703   10.9951675143537   4.47500816171453  -1.45068764111853   3.67610436963791 -0.921725593817213   2.24846888878587    2.5380263465511 70363
84059420197.8793 1600 0.571037205546923 17.0212531271817 0.0151731724928469  0.113923453828272  0.131663837138639  0.199676691858852  0.220336057305918  0.624188924404807   1.03244845355774   4.39601793448639 0.161768089741216  1.43812505579977  1.27434275923517 0.407484050452511  0.80978603996772 0.601796924327913  1.17297496707934 0.799881564080818   1.33996353212278   11.3385082736528   4.69861673618281  -1.47712661679894   3.78138815191681 -0.953884902080541   2.18820697668934   2.61088827465044 68320
