nan 0 0.72 1 0 0 0 0 0 0 0 0 1 1 1 1 1 1 1 1 0 0 0 0 0 0 0 0 0
15171518507520.3 20 0.716356672271322 1 1 1 1 1 1 1 1 1 0.982474309155385   1.0054260576695 0.989844207647156 0.972417003723945  1.03429812235403  1.00644833470861  1.02074573967992 0.999658160004459  0.249398966286126  0.424157589835805  0.232673991228704  0.109063944932658 -0.586750536988171 -0.262800076960851 -0.336055962756614  -0.26619217157666 59876
7169459641332.17 40 0.767107041535775 1.20542385681608 0.899353231554393 0.908060899613329 0.918581278302184 0.925917231411876 0.954225524777997 0.981079291940666  1.13145318843175  1.30680222238409 0.977629943070444  1.02499396986623  0.97952224734429  0.94636052411286  1.11074334481386 0.984090159090214 0.998464063889062 0.981656489335219    0.631629171317005    0.811153146904409    0.532159153355543    0.283784647325095   -0.949230155126948  -0.0954704201073212   -0.525081155191457 -0.00161059526718296 60070
6574757885990 60 0.830133779646977 1.37755743567502  0.82470974154534 0.848049139894748 0.861637914800597 0.875360416522295 0.931246354668842 0.982485555449218   1.1356876748894  1.56502238991949  1.01479192949229  1.01243499934131 0.978616151070412 0.943939398491255  1.15724508723031 0.958317370491097 0.987974264426701 0.972496124724629  0.977352182010706  0.933532010254508  0.462576910989887   0.70701902591905  -1.44025033783078 -0.179707004977891 -0.457867998914834 -0.334473119891388 67274
6222717512031.99 80 0.934033207818105 1.53018681699569 0.774841979604079 0.789049277426197  0.82986677616413 0.848643441127552 0.902948868099112  1.02482186666561  1.09852590913575  1.81427056326897  1.06290551624206 0.998305079661569  0.97571153469073 0.979898644312598  1.21118589900875 0.945093701327202  0.98982485777403 0.996549288956161    1.49870716460554    1.04586034456702   0.317627333401106   0.885915052032884   -2.05314458316921 -0.0347030334799089  -0.849688376548607   0.331184904411904 58772
7710741616910.67 100 0.944170980092752 1.7603468121072 0.705594552854872 0.755527326632469 0.798832738218352 0.815026468717255 0.885954983280835  1.02682972781436  1.19735569717048  2.18651114653385  1.06700231796917  1.00034478679127 0.952341173386681 0.970935230102002  1.25738210304503 0.950229105152046  1.03969770327098 0.977328109572214   1.83411898149231   1.23584906939862  0.132695877274851   0.78145983117056  -2.04496906086286 0.0316190930962825 -0.504215690781135  0.461031552985637 59310
7365491912269.59 120 0.968701766572325 1.89914282468029 0.656571638969966 0.742657821921366 0.778784550706997 0.849287674776048 0.943128628234129 0.999337506346384  1.17108593244085  2.36808547047999  1.10237878434944 0.974780493315845 0.948494361512955 0.932973191761272  1.25272237354902 0.915253383390241   1.0476978755059 0.958535833431122   2.39951170032954   1.10224741585702 -0.189082049661662  0.866691099428849  -2.27542733165152  0.139839372600878  -1.05083921061426  0.715655034230004 57973
4830950884530.07 140 1.23180909875222 2.04787417705304  0.59302801905411 0.724126418579016 0.737493987359655  0.80183207902215 0.901657217463664   0.9279859667541  1.18582254727578  2.48703417250009   1.2120593203734 0.946385181431221 0.929341943884931 0.920221822383055  1.33365860853388 0.893684920080192  1.03635156044382  1.04571457844408   3.71616251726922   1.12441033774295 -0.431937101871271   1.43210131224922  -3.45567000735212    0.3255609127782  -1.27210319500605   1.71271764348158 58828
4618315022352.99 160 1.44586498106952 2.30897076903296 0.565963902190708 0.693259062596996 0.695079155251359 0.799000068651617 0.874739949740554 0.981551596824272   1.1931357874139  3.01734939302114  1.25469982912144 0.925650954199511 0.895342391551247 0.973346302550635  1.33429604484304 0.874374647820579  1.04752290066064  1.09718455221466    4.64576505074673    1.60187801164735 -0.0590428576633933    2.38182293825727   -4.03264556500541  0.0076816537337428    -1.8690902779534   0.936765214504517 58004
2679304871790.51 180 1.75968715136552 2.49029687440627 0.519827001804399   0.6440264941528 0.704054804314607 0.834617519722345 0.895642986743674  0.95338207531846  1.25083865011326  3.22374796989807  1.27525692788473 0.892658287184785  0.87005093143354 0.963637057165501  1.31879619391666 0.840907718241166  1.07531953216325  1.15626114047109   4.52237551284535   1.33858555392614  0.080266105666548   2.90508681325691  -5.00945035696766  0.248798790380369   -3.3556909050814 -0.720515187035068 58425
8480921786996.11 200 2.09435731825999 2.59334352021357 0.479102988072425 0.605316518464418 0.660225317674109 0.816358742563945  0.87528034898606 0.950369943889701  1.43947740111839  3.22217390316149  1.37681163430344 0.867633256122837 0.878604466423562 0.983087886983494  1.30747002180734  0.81611489541246  1.06211520192628  1.14801787535686  5.79089021049449 0.505566238746221 -1.04658429138046  3.30554869320972 -5.51809968993302 0.538934372475161 -2.67099086878293 -1.70060464726291 59511
6046839848467.43 220 2.46852496185474 2.756630309448 0.446132213668622 0.556964141806571 0.600098167652565 0.772222568570435  0.91102205638268  1.11769918621574  1.41405868711978  3.39016344876109  1.42279119613362 0.836277362246344 0.858486335248114 0.957902422982219   1.3117519155331 0.816274219196229  1.08557478615631  1.22540924543339   7.54027230419239   1.29396619196954 -0.921686103789141     2.549350761305  -6.35390926814106  0.475282138984435  -2.23985995475524  -3.21716647071835 59401
10117462762777.7 240 2.59501714978069 2.83376470127786 0.431317328820968 0.518556089078478  0.58583511389449 0.731589898080089 0.904669428399613  1.27567964464127  1.53414600747772  3.46357406773249  1.43147425301631 0.805926212269382  0.82124801653449 0.951693936787098  1.28667931920121  0.81849867293072  1.08268492804405  1.26700713234245   8.37789746490334   1.77421363495596 -0.663118246780374   3.87966285230816  -6.94177718211276  0.257522573922764    -1.294212218256  -3.44435433636736 60144
7699416263539.47 260 2.74800348132463 2.98116525610687 0.391021166967114 0.505513892563308 0.560367010248785 0.674384655106758 0.851618116922788  1.30197509352149  1.62178227489417  3.47514051529605   1.4545405052213 0.783317688936708 0.812019233839079 0.946366560205871  1.37504866375872 0.797614343920276   1.1558322732948  1.24469067179154  5.67897583239339 0.562772135503292 -1.73844592177386  4.30826175698007 -5.16593602772396 0.852344053325588  1.10232367537533 -1.69827644203465 58613
4997426510273.34 280 2.74928593212224 3.23307374358349 0.358892133693767 0.506059386379181 0.610125306596858 0.672524043757903 0.844180608026976  1.38168106549117  1.57153219110194  3.75141543225002  1.42225543102284 0.753770142330588 0.795546869780144 0.958942310673461   1.3776315219161 0.782250874887371  1.15597509581357  1.20785478110832    6.8159111805071 0.0749893097471931  -2.25153661183752   5.38873897924767   -7.8241779933822   0.49540320370012 0.0728995637614497  -1.19312802515799 59612
7813465346210.03 300 2.65171665613239 3.31388467734598  0.32717836854778 0.483639981558844  0.59780048771199 0.665941529158418  0.81363796238669  1.46452229701142  1.50268336074402  3.59301776446697  1.43002967235319 0.729000395072378 0.768182923973577  1.02500319361638  1.36926970395332 0.771793824730534  1.15541540915109  1.18498043080461   7.66077130057382  0.553832088646551   -1.8769994063167   6.43697959124594  -7.27469384552713 -0.566789126038503  0.930584319024672 -0.578231683122567 59854
4650344741287.25 320 2.3964556041363 3.46424566662755 0.306948156131331 0.447197680632302 0.579123663412209 0.642358773560641 0.807696596493173  1.41575468273612  1.54412783788976  3.68368421972933  1.39534358543572 0.701028288413502 0.750107953108357  1.02316303341943   1.4246012078004 0.752284358367377  1.25678767344517  1.15953259587386  7.38950443757275  1.18363860657888 -1.22430582570546  5.20992246540247 -8.18219248833701 0.315656438733053 0.729849716647003   0.2739702636243 59264
2630734331919.52 340 2.22456670177755 3.68387854242262 0.284869818870084 0.433084005648153 0.579221810099274 0.651400719499008 0.772902207889504  1.36817438574657  1.61179018840604  3.86595723481467  1.33411672991829 0.670178186489128 0.739504303647755 0.983238419121023  1.37478732848479 0.774920679064094   1.2590342080234   1.1470208630511  7.41752327059462 0.955956612478034 -1.17390644778104  4.88179270529814 -8.31852145944693  1.70670924254151 0.479608507962383   -0.318991389846 59151
4419796576626.2 360 2.1796248228493 3.65017710201494 0.270667289831773 0.440246809953023 0.546950137569943 0.639593845034431 0.714594025880451  1.33436216983967   1.5812677231378  3.60631490804689    1.350747126576 0.643838064690424 0.735314505406661 0.963923157375158  1.36089085477086 0.749320048252335  1.28580068550208  1.12196547820345   6.52525220164676  0.946274809507813 -0.532467710214508   4.61598184731726  -8.23763162382977   1.41941358745057   2.13384731799263  -0.42875356763671 59033
5379963564221.94 380 2.27495056810388 3.78173767302375 0.256320063965252 0.415048835856341 0.593787179010776 0.623930350485924 0.698575601928157  1.28529077596054  1.49575050850233  3.66577160340359  1.33386109650311 0.616922734133353 0.708756179612464 0.952114807911173  1.37087098631257 0.768302542046022  1.29738731674775  1.10744975096987   7.03428828901894  0.623568897248777  -1.17176108779497   3.77068726593386  -10.2329032945517    2.7600539936555  0.484784986076218 0.0730418164312203 58649
4325434376745.35 400 2.211820983148 3.9290519144207  0.23476574072482 0.383591185127605 0.582091895606288  0.61894878040628 0.737316608378952  1.26789198634541  1.49908153869818  3.62418413675927   1.3065667389509  0.59478767962096 0.678243539923353 0.932463615392351  1.40548720627527 0.747851846784689  1.26999927932817   1.0968888142771  7.64418783008959 0.639980065738598 -1.33374354051104  4.13734578259389 -11.5140846242713  2.09644401310514  0.33233090486099  1.13976437796073 59055
4602415132153.84 420 2.08235786877964 3.98994257588503 0.229074295020419 0.369877634880566 0.541205472565969 0.571966461560197 0.744513351691284  1.26178369543013  1.37593000872599   3.6467807128885  1.32478193401168 0.567676838760022 0.669699501240171 0.921608740409984  1.45173632804798 0.716732372382706   1.2912532538164  1.12493549092541   9.13807700396934  0.897484086453577 -0.638257323140112   4.59625393497212  -12.6531714368785   2.37404087907858 -0.167961321512158  0.390363839022864 58798
4330815946168.91 440 2.27461986772955 4.31691207261489 0.213374471126783 0.343902104772496 0.502497616451514 0.549371656320671 0.694245180038831  1.27333434297295  1.37610837141189  3.97638899924521  1.41068610457489 0.546576436954409 0.659580866722429 0.948830217749946  1.62432711243239 0.705816152467831  1.31136782486506  1.11539271330731   11.2411486124427  0.966766477570364 -0.226920418002859   5.84789455874211  -15.8325389555499   2.26141793503128   -1.4438574029254  0.109496040617718 57935
3635414638879.24 460 2.10389093904427 4.97824817590752 0.197519873270077 0.347860014121282  0.46227993336434 0.536011474922433 0.658094794442544  1.27967786343271  1.34793821035157  4.89512611128904  1.38044340692387 0.522506084750213 0.638144192859365 0.948432111430141  1.58653064202118 0.693901846845025  1.26916684835081  1.06472624141092    10.9087413903436    1.17633707439469 -0.0496736937429182    5.42081942824938   -14.8613843278901     1.6796512039888  -0.544038213315031   0.158571827540868 57727
4079134014236.38 480 1.86384770285837 5.08151580517486 0.180107895339244 0.329391004182453 0.435455355366034 0.518813031405898 0.640995190313402  1.20064397815493  1.27227677339443  4.65071057026498  1.34323195086375 0.503614638680079 0.626084234506808 0.937584077046266  1.55340814142205 0.694244887733409  1.28757973626876  1.04457224199847   10.7811318549525   1.14923804488753 -0.361858513027625   5.11028971231646  -15.4179627193196   2.02608516307209  -2.13332615169333  0.705947319811292 58159
3511879580490.62 500 1.85299916986868 5.19696801361721 0.165367018698414 0.302794734639938 0.418536795692408 0.515040899272961 0.602399935432516  1.18731476726653  1.31522531721764  4.46631124410631  1.30566959043755  0.48206640322189  0.64709196585213 0.917163268818366  1.52210401308458 0.728228664312577  1.29139013974787  1.01743364182115   9.63182222978597   1.35269158070282  0.539955506068824   4.15982349693208  -14.7449646322229   2.92653505235732  -2.37242950495139 0.0381314030131884 57940
3459259382463.76 520 1.66507958856806 5.29425227804778 0.151378094803414 0.320658106659551 0.388668259482114 0.488891514780848 0.604074208584273  1.11360950095296  1.43678236341142  4.24299284449619  1.28709527522483 0.463667456343281 0.628508249509966 0.888390649105284  1.50666844743501 0.739176496006455  1.28410797980823  1.01694356114695  9.67364745819561    1.437024751732 0.141790321095449  4.22419784047865 -14.1994524072986  3.14539738910109 -1.67003615080748 0.606213504657689 58467
2694695896989.46 540 1.50193995558848 5.40770155907603 0.142483476546307 0.309839983313407  0.42376129128731 0.473058889825243 0.588038319015395   1.0814008890853  1.37014073432841  4.16667795240637  1.24540576346709 0.447643976347916 0.617294110319104 0.865736612005975  1.48481177995026 0.726735413144339  1.25674609820274 0.972316334948343   9.4881073455913  1.63496924551719 0.401802659840563  3.82927347948518 -13.2311582581765  2.75838694444969 -1.73745885127964  0.17649415223793 58020
2951093605002.66 560 1.66181781552149 5.44353142768141 0.135070762327278 0.292154563578316 0.403765108026615 0.453653859972174 0.566875940399182  1.00310670508665  1.28254432272462  4.00242147627735  1.27756461808948 0.446492155249892 0.606338101090659  0.83860239300322  1.63639045076023 0.730658991978447  1.23778580358892 0.990248776804015    8.44125912427526    1.25368647819119 -0.0264954838920343    3.91275735909628   -10.6819928696184    2.58948764958012   -1.31260050362352  -0.571508334762157 57475
2006366199406.15 580 1.46645348406916 5.98579342965587 0.124114280059494 0.274956500908263 0.393770983832677 0.522745128939252 0.567877930124913  1.07699984497522  1.21932412835979  4.44698027270551  1.25091456976556 0.435263671379546 0.600474579158724 0.822642089856357  1.60398998329203 0.716761019632792  1.19012990639547 0.962463660674103  9.16986965089137  1.70797915603846 0.588111566140629  3.58820955222081 -12.1902093680075  2.69044254281288 -1.21679608558771 0.329220497078067 57254
2509595330297.74 600 1.29922235001955 6.06610579393398 0.114751646770261 0.274254286680405 0.377008344953658 0.490667201676232 0.550354187622512  1.02591365939027  1.16528811333105  4.22258973025054  1.22637883274324 0.417284760963451 0.580046844679628 0.802996021795141  1.58502864406973 0.696241123199904  1.17468686397711 0.945151292831438   9.52876711907135   1.60603308519744  0.567567358356061   4.26515442610774  -13.2969518920192   2.23071765695167 -0.963585264380742  0.291638892848335 57563
2003737347051.38 620 1.17427851636244 6.18041654261076 0.105902925276802 0.258338204671938 0.390907357307016 0.459940725584958 0.534438283699325 0.978220696495507  1.15667593263893  4.04523213939765  1.19458167436477 0.400422347214334 0.578068729696259 0.776987301307281  1.56910927894903  0.68893545424149  1.21100187494028 0.919285192333711  9.56139290720552  1.45425530553341 0.863726050249617   4.1860239018511 -13.2266637681131  2.43790637817501 -1.29646969160961 0.657772669396556 57315
1905901240181.98 640 1.16375318681212 6.26670238339945 0.102587099155274 0.250415486002708 0.370848081396371 0.432103797201818 0.523220238921206   0.9217418258545  1.14391112962793  4.02875529271015  1.16267485873417 0.382984097457564 0.571462971888969  0.74804266325221  1.52478820017094 0.679860566920829  1.15539524983927 0.924415880338724  9.05291298030473  1.59534486802165  1.12392289735554  4.09697491035402 -13.7573934021176  2.92047050786164 -1.21394628936908 0.826023068348684 56794
2015267252247.37 660 1.26754584947142 6.28857210204071 0.0941444294540432  0.246155406768855   0.34903054587903  0.400832942584508  0.521808699636739  0.980764596645671   1.04551442732441   3.72304870103829  1.15437578247448 0.365862752191987 0.562102452828646 0.725198003740467  1.62098639698764 0.740069871315956   1.1526509756374 0.961769569971221  10.0791350960409  1.57877316290031  1.11174223324736  4.32138036771833 -15.2756021029121   3.6276886405532  -2.0381774975367  1.42906594044687 56633
1878112988778.83 680 1.34721058709213 6.98056185413563 0.0850783644559613  0.239610474155807  0.323438330980144  0.402823257999551  0.523482209693446  0.968757555504554   1.04830612566436   4.14571928526543  1.19560238297647 0.351126445535664 0.543603566014142 0.738015249482368   1.6852730205085 0.733751752971349  1.12540484659467   1.0082144713067  9.51847478874976  1.50463715903997  1.06591222233297  4.82605851395925  -14.399401200877  3.67467970607628 -1.85094109482971  1.76681013560952 56453
2198827031666.18 700 1.44742531062387 7.45373202386128 0.0779999979451268  0.246592306542275  0.333407587114532  0.404473544606387  0.592981509328352  0.954169073920142   1.11133811211106   4.33353333035084  1.15578104670156  0.33649511605281 0.532417584266309 0.728605586681873  1.62773119421822 0.776120226498408  1.13884275351158 0.992885658164192    10.017546460233   1.52593704744011   1.15568326650861   4.85850470612378  -14.9316538718493   4.06859399981326 -0.838991976010506   2.12300196274918 56663
1917106220441.78 720 1.62276918163317 7.49707272103588 0.072021207096166 0.242287093804222   0.3277257550132 0.424837964564369 0.563963252814309  1.00947669253948   1.1097064803764  4.04803112383878  1.11424089806854 0.320650411104485  0.51218970417205 0.730591641050657  1.57533286310106  0.77485397811932  1.13241441642836  1.12057638934887    9.3692809035478   1.53548112033716   1.11086810874784   5.34882725639108  -14.9475240872248   4.14299439424776 -0.216158853381445   3.23068940325319 56459
1699741008578.11 740 1.57000602745809 7.49775058745573 0.0664835361405208  0.225385507486489  0.320049263567394  0.413834560223751    0.5324207207269  0.966461901135969   1.49848657589769   3.73745601079873  1.10028768930984 0.306153033850027 0.489292759658089 0.725157126936105  1.52146371792987 0.749075823200965  1.08949519934303  1.12175390907926   10.2978643017994   1.57744884076496   1.00706936528711   5.74492180037553  -14.8890168464433   3.96866168010133 -0.572224567076468   3.12601903944839 56938
1535590789167.89 760 1.45272753326089 7.52651315683193 0.0618863463551499  0.213821179102421  0.303246352910162  0.386645662304402  0.530114532901852  0.915815383866286   1.47362901972068   3.50576252142876  1.11626796784079 0.290566725095899 0.476643454254392 0.704673440929842  1.49935683557123 0.734133380269437   1.0602186724125  1.09377760843671   9.32988438877527   1.58844590942419   1.36088242276396    5.5004843356655  -14.7259566655469   4.35811249378303 -0.963310142919082   3.31679466190394 56806
1994664380729.89 780 1.27297610032461 7.77944767136518 0.0562747563062304  0.198408735542561  0.298069253255677  0.370009087519992   0.51078518271391  0.935718673154179   1.38666964217844    3.4057373383745  1.06365045466111 0.276565961708145 0.468573728364635 0.687075190395817  1.47721657466676 0.744488029551743  1.07180669311098  1.06546963922427    9.4710331807719   1.55469906097654   1.32386988392185   5.65120510739784  -14.8408491907868   3.87289330427516 -0.954444920363562   3.60383058568531 56422
2081392239966.88 800 1.33487199732851 7.95555119692252 0.0520027436914462  0.195572908452883  0.283690389263514  0.355678329667062  0.515366168515792    0.9217518324682   1.30454369666174   3.29129498244892  1.18200607292715 0.262951340641105 0.451873314666617 0.699792935624624  1.54738486286695 0.745763558942563  1.07200406999427  1.06869347465848  11.3327948838614  1.57705539592514   1.2365780083114  6.17770720562033 -16.5330100533329  4.09521516334608 -1.06062831099207  4.13285348863851 56922
1920727006223.57 820 1.31285003578005 8.87639851936999 0.0469401847924654  0.180177748988686  0.277880534763671   0.33893084549012  0.508394625308393  0.947221770213099   1.40405905367064   3.69843831455082  1.16330506790833 0.249897431775221 0.441698863453883  0.70157319901177  1.52175813509102 0.726720014895551     1.05695660726  1.03798380547385   10.723274142898  1.54451668935907  1.27825972968018  6.44957518943576 -15.4925251468721  4.34764343562032 -1.80480243501378  3.77622697456698 56781
1627671827401.44 840 1.24152782998369 9.0427821172704 0.0431437383072404  0.170492950266506  0.259191212912814  0.349379920809718  0.528141868707222  0.913815639810842   1.34935655021035   3.52794581777446  1.19309022799343  0.23983657442007 0.430400703199715 0.699904051123458   1.5690967133403 0.803619964529873  1.04919817460676  1.00706166394972  10.5461460868531  1.46194239649916  1.09328373093009  6.06922490325465 -15.9012162935436  5.02592729567467 -1.89956519571838  3.84139491196083 56560
1980279533712.35 860 1.30800183524392 9.8396469459051 0.0390233773497915  0.161046329354438  0.261435237937031  0.342822669826401   0.54890910791112  0.913883172463795   1.33364518133898   3.77819079227694  1.16433341687285 0.228652835131942 0.414551545335991  0.68412581616131  1.57145771571541 0.827440611424143  1.07202008054364 0.972203800475996  10.0002902191913  1.46739530683576 0.981273205655946  5.65044513472116 -14.6068508729188   5.3402025276834 -2.05443686414236  3.74786681422427 63277
1643515032758.77 880 1.18363503742006 10.1943309501115 0.0354813840107883  0.148582496942441  0.264350175675918  0.357338315261802  0.517669496626442  0.937615607270079   1.34796170564449   3.68738095977177  1.16147444891694 0.217988679336136 0.398584968112524  0.68679852519631  1.51832227263167 0.862937031288293  1.03130221946645 0.980229399795194  9.48120415587415  1.52973865032526  1.14185166077485  5.46779035843785 -14.3396088979833  5.19922733500276 -2.22452964277551  3.55548935775674 58836
1874077169868.99 900 1.29261120507031 10.4321750330817 0.0320971170118382  0.136739569969225  0.244191995445699  0.336886518903219  0.554000253123098  0.973230399956469   1.33121698338824   3.49313810066225  1.14898056903023 0.208534798694307 0.386795539683443 0.700039343588818  1.63574470046752 0.940101029540545  1.00850228421619 0.960973590855194  9.27881192658324  1.50498346174187  1.07525323796948   5.4202164573177  -12.733211291615  4.16164801693405 -2.24963109867572  3.92696373152557 56858
1719144742824.07 920 1.39123559168811 11.3231849599583 0.0298611586393199  0.124820068857944  0.248868651371419  0.311960723917412  0.716939979367522   0.96074746983543   1.28147464978388   3.82863405103501  1.12079124459437 0.198943580763902 0.376695916370351 0.672217102008351  1.60618333925886 0.996005294684813  1.03389151098241 0.970467536902325  9.96470448497271  1.53497976797074  1.17527402947311   5.4850798350602 -13.0693860428645  3.55827183979185 -1.29346882855549  4.35610780687453 57120
1947749008547.27 940 1.32967582091141 11.5261204646963 0.0276228861906216  0.118554818537505  0.253007077458711   0.31632561965606  0.731032663347273  0.925980147640089   1.42985379255698   3.66974056555761  1.12332038935854 0.189796363202249 0.363942202193775 0.684179243447935  1.57970124026826 0.999556825358677  1.01117938920747 0.960087990758017  10.7565335421954  1.53562098680769  1.04574774654995  6.31746347716716 -14.4178752534559  4.45317790542198 -1.11785611818232  4.81173229449666 56802
1830770099369.03 960 1.3621258398042 11.9172706482481 0.025563576485719 0.109425492158654 0.245034114049544 0.317754388408976 0.688568150433968 0.872236414369671  1.44809356709436  3.63057338011715   1.1785052436227 0.183528848051658 0.355708459914729 0.684026443585291  1.62848440074923 0.974533265637837  1.03588925818508  0.95235657599782   11.7244173013738   1.57594293193178  0.984105822465609   6.60610249325277  -15.5203603195033   4.01271252192664 -0.287195381740412   4.36825317447408 56501
1597023742827.2 980 1.22040675601806 12.7014015470109 0.0238252352291791  0.102258673645593  0.227561805520862  0.319537104955814  0.663911768706785  0.895737644956755    1.5222516321947   3.84362039847038  1.16594814755307 0.175530886028594 0.344581581091273 0.661800679037333  1.63524749654586 0.932567539136635  1.02236399766857 0.949849260211252    11.685492206099   1.51044848721266   1.01368679577427   6.50975437662865  -15.6022656766793   4.11556588317416 -0.915624446125169   5.11148968021466 56533
1857678717398.35 1000 1.11925668054485 13.2286015516735  0.021930322446528 0.0946430746911837  0.223588355024878  0.318920191685994  0.646939689102958  0.848598157612032   1.44578484766026    3.8377164921738  1.18551324470621 0.167534579444505 0.340092184713681 0.656030375984688  1.64278653060023 0.924776415555496  1.01830153402813 0.960092070197048  11.7314748977516   1.5340632974798  1.16916087017104  6.46204469132147 -15.5629692002483  3.70703829323969 -1.48674389156555  5.05230514159911 56485
1614972047229.61 1020 1.11564791237649 14.1077101809539 0.0199902517089728 0.0895872801422486  0.214052896282947  0.305750553998418  0.671919610895039  0.820166241928556   1.39214545025927   3.97860955313449  1.16793269921831 0.161119905822349 0.349648543864695 0.645108851610148  1.59321691769029 0.894227289610154 0.990248044091996 0.958333169710098  11.7864400165504  1.56973936971955   1.4319239967653   6.7363813092237 -15.5304394416325   3.4757987668052 -1.52639275609361   5.5527629513094 56361
1599471333720.16 1040 0.990645935275874 14.3805393932657 0.0182335621591098 0.0893540015622751  0.208126005690768  0.288496578382706   0.67747337958925  0.782209149569819   1.33083044436369   3.77069907258313  1.12991007498594  0.15394371237198  0.33728437201636 0.647478038083558  1.60008578946339 0.952579869665425 0.987018161208066 0.933727751243556  11.3805397157931  1.53953921342276  1.36114474740975  6.32239330973847 -15.1187907312201  3.52624174839142 -1.91522454438927  5.33985382997924 56409
1555696152995.29 1060 0.889987650133322 14.8138414965655 0.0169970708245178 0.0823838672792215  0.204088347742722  0.278933741580337  0.729930822071074  0.760749447054812   1.34403051993439    3.7300054907849  1.09546862304549 0.147967129691085 0.324136336931969 0.625941070348728  1.59770257495078  0.95263740215885 0.957894272535325 0.900332984896357  11.1819308920494  1.52896354136091  1.29486949778369  6.34114550810946 -14.1868564159753  3.19390666099299 -1.47836262388065   5.3541272470094 56381
1705660351805.85 1080 0.839353797767235 15.0819716099413 0.0159692663498921 0.0765632186836766  0.204190006829748  0.260947053210609  0.694206979035153  0.701266707335572   1.32153856571363   3.63246302590158  1.10135775803096 0.142279359504372 0.315771304798568 0.621480383672529  1.56833844556243 0.920891189960987 0.917725240219829 0.926240911951274  11.7666554970086  1.53471844606504  1.38023950362159  6.50913053041798 -14.8819890962984  3.14551128892139 -1.36455027123631  5.97242405416584 56448
1568204873878.53 1100 0.976737555849492 15.4642136981808 0.0149082553961849 0.0720852548322992  0.191204234975576  0.247229571122543  0.643458695320608  0.694894689259026   1.29808031753207   3.56518860018741   1.1010226289864 0.137125287127757 0.306790323665022 0.614538623884807  1.58242424692343 0.905232735428988 0.966218914657855   1.0361642991966   12.2045145603899   1.50192492571266   1.33761043722854   6.77241999739701  -15.9248730109416   3.36257041904789 -0.618359683573086   6.83176554759181 56358
1724727482437.43 1120 0.952953255524024 16.4529684769872 0.0138704198337894 0.0669620770681063     0.186232891225  0.237062505696692  0.651060377362959   0.71374604066573   1.40990110289053   3.75472503062354   1.0815969005784 0.132778954573259 0.293712686293438 0.616989899885271  1.59489956485641 0.921052908996071 0.954325832097751   1.0407189848784   12.1966704157064   1.50533940158013   1.36567689836566   6.84888741331643  -15.1873744266809   2.62732575777831 -0.828082385714525   6.75049035783994 56320
1649651990524.61 1140 0.864275618390414 17.1150588600247 0.0128710200704971 0.0625763389942426  0.181193480000365   0.21796754138547  0.610249516160257  0.699646715574551   1.48555141463711   3.77024664039071  1.07140583317564 0.128443931609743 0.283082398944086 0.635222816768015  1.57476621447119 0.953247865660294 0.950704683296246  1.04504104079818  11.9234098594809  1.53172557646274  1.39981516293306  6.28890399256668 -15.0108378393606  3.01510531798311 -1.27305866629399  5.84556543371581 56492
1818878697886.92 1160 0.719289893575948 17.5677282488527 0.0119256677001987 0.0585399189360632  0.179925044258374  0.213248960974553  0.610269005979277  0.707077503379519   1.57102607041266   3.68056009824396  1.03420756676505  0.12396983491514 0.273466043953966 0.638396963487549  1.52090638256012 0.933765841400813 0.945850810725785  1.02858469383006  11.8713570472256  1.51361809756197  1.41375377136007  6.62828314546279 -14.9072357645404  2.87382097972112 -1.01892460658604  6.16582208514065 56304
1470823223421.85 1180 0.676412913263048 17.7848219069511  0.010903969410719 0.0549022816182533  0.174399662891163  0.202488326991154   0.55704774709883  0.653138107014694   1.60317884786501   3.44892432803028  1.00551750331409 0.119050955517756 0.270299462287281 0.627529291444398  1.49337678707034 0.926169601326112 0.931217404024774  1.06859682324874  11.5725702553705  1.52645827879448  1.35192177502403  6.48760687114487 -14.4969234627545  2.85463547323045 -1.08947327627324  5.46662921086227 56675
1539551407002.49 1200 0.589518324395446 18.2074952855261 0.00999498473565255  0.0514799621832201   0.170813644555325   0.195356732086835   0.571455100843003   0.626784591277479    1.64977153655588    3.31346622097385 0.993234442143601 0.115302337616436  0.25958385906596  0.62271746288769  1.45654804679577 0.902356976869697   1.0465476580468  1.13777282164527  11.8623735436375  1.50753820894192  1.34049085435833  6.41610609634707 -14.9338029164932  3.01177786836794  -1.3096423021562    5.491121945581 56491
1595151280142.7 1220 0.624879715633569 18.1203003435406 0.00950700965738018  0.0487459595754804   0.162003947047047   0.194591991646214   0.538877971989558   0.665232786893727     2.0399979672733    3.12158179107814 0.966057759339632 0.113336207859122 0.248963009283805 0.652824027848054  1.44753878605419 0.883669663430988  1.03700711029746  1.13539730074452  11.9206201640586  1.49647739976118  1.32220809816838  6.18280499978161 -14.4422067695485  2.68020910282244 -1.20620574843295  5.48444991898943 56705
1608166033625.14 1240 0.645327880130325 18.3176206896063 0.00937208214201591  0.0450555440713449   0.155939822482778   0.228124966226555   0.510862644461379   0.646973976967098    1.93403311810376    3.14466371580957 0.958155445799408 0.109577906372669 0.238751201916228 0.636385722078788  1.43424575497321  0.90866682458033  1.04263382591247  1.12515502619797  12.1216143064606   1.5006206569168  1.32316280129354  6.37515408145342 -14.2767876583907  2.37822073415067 -1.36939055283355   5.4447353249875 56368
1629190623355.78 1260 0.69126295042823 18.7118559617921 0.00877250382676827  0.0416989464270654   0.153705549610038   0.212609746745862    0.50850253564152   0.710583912477076    1.92043237823642     3.0715479382645 0.943105437201787 0.107222629372248   0.2320427449042 0.633353079521232  1.38558815371796  0.88863366518502   1.0844149663878  1.14936753642266  12.2314420175919  1.50054530602189  1.33232847306039  6.31493268740467 -14.2293437219125  2.58944329896655 -1.81566082746399  5.48052073906432 56387
1368672829214.12 1280 0.675613602059487 19.0168330416447 0.00814338958583585  0.0396033981997133   0.162459179553762   0.200215119144152    0.54972454009625   0.750261696263329    1.90706815708385    2.94497491253574 0.940658861921595 0.104072902401295 0.221714467725214 0.640413368494318  1.38297855257087 0.892885115448947  1.12673210227503  1.19262997429816  11.9403955276435  1.47640761596134  1.33731044296622   6.1387693245825 -13.9810659330347   2.8186782049648 -2.05632169322544  5.01628165907603 56340
1573682069703.56 1300 0.643352027174782 20.5194397753096 0.00770791060136598  0.0361900792670153   0.156341746643313   0.184281004400324   0.525806841681436    0.77566455354508    1.82533392214604    3.24539578513903  0.920745286446902 0.0995249055655338  0.215578271541785  0.661437633124113   1.33820009798739  0.896518423387922   1.16391456698154   1.20268346900817  11.7296607750364  1.49261798753546  1.38502562449018  5.84737721787632 -13.8687048245264  2.74038291777414 -2.26459891868703  4.84212010858536 56327
1496599536664.47 1320 0.617611079732816 21.7603180702082 0.00701920464979233  0.0340174744898789   0.161494111866176    0.17547462322694   0.496872271038461   0.743998657327493    1.79477019295921     3.3236737190426 0.905549434348817 0.101737317785225 0.207991846997979 0.652568776253183  1.29143565104147 0.905289337877932  1.15553463623847  1.16673428827592  11.7330558890482  1.54264651734041  1.41430136689035  5.90387966745243 -13.8270162443202   2.4427609839573 -2.22338608483582  4.89466374561716 56308
1525486656339.84 1340 0.575823578915775 21.0147563106691 0.00702440518989247  0.0311215305616142   0.157147712658695    0.17540578748678   0.463849615137453   0.797902427611409    1.74879171931569    3.10211769911812  0.883276872459817 0.0989122959501649  0.199786788826315  0.634336793716543   1.27665880413423  0.874435164852301    1.1501148271536   1.18427568293671  11.5592829860011   1.5401200846677  1.37390136729989  5.83842506605686 -13.6009487867758  2.39449534341143 -2.27506496885796  4.88474796028567 56339
1489184394790.85 1360 0.559665001388753 20.9507203805916 0.00675898104324883  0.0300407088200809   0.149290710693191   0.162979705137819   0.466161344172994   0.752506772175997    1.81755125749255    2.96673769356624  0.865743855700341 0.0943307193028877  0.194521751833556  0.644618390788557   1.30035292783309  0.848537434148416   1.18093460035831   1.16309556984006  11.5947016693695  1.53367444423854  1.42915896079844  5.76346924091458 -13.3392945181068  2.59115119593526 -2.62196253585914   4.7426827322546 56429
1625056227072.61 1380 0.546216538551832 22.1974441013709 0.00630054841430608  0.0296274521955391   0.151839109064587   0.162889883754309   0.476140055660946   0.714066395593377    1.72480287079748    3.10444732346605  0.880405775705377 0.0912419118181087   0.18922296117959  0.659561227348557   1.33321809726856  0.833972978138787   1.15593195414687   1.16039108661408  11.3999871150828   1.5169802317541  1.39173608867084  5.65255986811691 -13.0521745241832  2.78820837789896  -2.6267099326304  4.64769889098159 56414
1403186939001.56 1400 0.489309727921736 24.014376316008 0.00577539825884036  0.0281822698712572    0.14226192864576    0.16001026776989   0.464959564632344   0.694824334289472    1.58330359385677    3.33061598036366  0.882487566378037 0.0906854589190311  0.183917214976842  0.680957203810766   1.33395343375544  0.854982163896409   1.12947842062976   1.24370838005948  11.4276562212175   1.5469811727984  1.42786706493485  5.64158522805947 -13.0922269626579  2.70277106124321 -2.66074647141116  4.47640363374299 56337
1575385603649.18 1420 0.492857778608831 25.5168812802104 0.00553149857793669  0.0277030046749737   0.138265672397409    0.14875138115421   0.454439193224331   0.697380228412307    1.54380289121603    3.60162084430799  0.863381830079565 0.0872105192933339  0.179460927352997  0.669439111951456   1.32829630977895  0.840110731142088   1.10377212850789   1.19109034019369  11.3280550928939  1.53689819695968  1.40425227501887  5.75838884715554 -12.9251699429279  2.90147073623566 -2.42519590694656  4.64045762639643 56378
1351566788368.59 1440 0.455645609051737 25.6225327787045 0.00510821638939895  0.0261542377777984   0.130770856830359    0.16335582612758   0.425700252788298   0.691340162054504    1.54450896882519     3.3536165247766  0.860469561507314 0.0838517040673552  0.172048490494592  0.646768140086399   1.30435300850311  0.817089813646361   1.10910097767618   1.18766032019634  11.2852773991417  1.54663074286058  1.39083069843313  5.61642756757574 -13.1194415949265  2.93594431385579 -2.80412740730388  4.28260605175807 56368
1377685806651.22 1460 0.386533789972897 25.717440884534 0.00484724039610705  0.0244438851389489   0.129980441302033   0.158468999368225   0.397271853252826   0.682159074014953    1.60189109249483    3.20590064790685  0.841441395965351 0.0833637772381002  0.166452643142354  0.630814804806101   1.29731368138005  0.810680652371313   1.09930514461675   1.17588427294926  11.3067349465576  1.54031006248295  1.38653678126154  5.72192605079383 -12.9065272926359  2.74895579545727 -2.62731966530028  4.50703683098813 56604
1629101433743.57 1480 0.367757595926411 25.736273261544 0.00463044873214809  0.0229553377494392    0.12052182386188   0.151342809044646   0.384701618979358    0.66415667617395    1.65669536483246    3.06700439557257  0.816152674536781 0.0810879187154585  0.160106680116207    0.6029122396625   1.28987018746807  0.813279863649671   1.05551723901629   1.15184147844845  11.2190178996412   1.5334146239005  1.39521394095929  5.74306110397902 -12.8672487662145  2.61579044415995 -2.59020410104838  4.42310671936759 56402
1484373065049.7 1500 0.404270509785112 25.6958649239653 0.00439145192258201  0.0212551054266474   0.121782162250648   0.159216143256256   0.404572407721256   0.632101225934622    1.58496714695544    2.89957678347221  0.843962135831422 0.0864586828485312  0.160894447788283  0.608053229680202   1.29182771849261  0.841696073814536   1.04336616220662   1.13018523750778   11.338182063288   1.5388900836666  1.38929826028129  5.89440984405938  -12.958308092614  2.41817015052167 -2.66326472212073  4.40489298187917 56419
1652113808491.86 1520 0.420182784542409 25.0307691656829 0.00473191147349768  0.0205968360029103   0.141325638243127   0.155195803069478   0.411360708917145   0.680275445129901      1.480350356394    2.96472899923952  0.829816253732206 0.0845116435760267  0.161314064508125  0.646229676297804   1.24812452499168  0.864878091817041   1.01521156569471   1.12213947079555  11.3215445475999  1.52248082526928  1.36791733357228  5.94826802833396 -12.9881745147092  2.32319187141951 -2.62749674560564  4.47162189608878 56361
1625996364404.8 1540 0.432326930337717 25.4302439473989 0.00451140489094603  0.0222358945207815    0.15099194896215    0.15300798816855   0.389218737639459    0.72929520746162     1.3682781370061    2.91751339477297  0.806007054562773 0.0833135024696701  0.159100414368547  0.662426513879996   1.21489579497453  0.934899405839176   1.00187212467771   1.12763767069601  11.4775722645392   1.5421598635302  1.38807473301636   6.1145097748322 -13.2251970302146   2.1495705642335 -2.41267603883063    4.839233192543 56366
1599532652719 1560 0.42042109048091 26.1314995376375 0.00437479398137259  0.0216224267924017   0.144896399892761   0.151909768515905   0.365839413042481   0.755019398727174    1.31502018418503    2.98735111696922  0.785673040310877 0.0834158059179659  0.153491111951165  0.665567950927132   1.20278958473863  0.934635212458468   0.97343459696857   1.12062424191073  11.5807590817253  1.52658109968907  1.40033163416433  6.08277464218975 -13.3698282300658  2.11541083436176 -2.61887609772949  4.60391649037637 56346
1507093561567.69 1580 0.416155270232095 25.1393436604048 0.00447363065383542  0.0205072721037636   0.133012595994704   0.154388694413589   0.369275956517119   0.766331373273103    1.33913576527438    2.82727462512349  0.773550801432307 0.0813197445075264  0.151983535994218  0.659169027408867    1.2289404653703  0.917407282823651   1.01865793324786   1.16574254945782  11.3671347163914  1.51774257012783  1.37154056461187  5.99742007186551  -12.945357404436  2.07926312633516 -2.81117899882033   4.2247608665141 56332
1473031102836.2 1600 0.352315408002525 27.1071911848713 0.00425071116621432  0.0199414256105509   0.126965130471709   0.145442646752518   0.358998311696763    0.78005788555761     1.2520691264662     3.1234217740179 0.741107549301805 0.083719711847982 0.153282255365576 0.639006426358304  1.19501710999387 0.888859157556902  1.01176437047945  1.23348047262359  11.4796861293599  1.53007096643959  1.39480950571267  6.02584608485304   -13.09308067798  2.24626360558516 -2.71977604495475  4.42534095472871 56389
