nan 0 0.72 1 0 0 0 0 0 0 0 0 1 1 1 1 1 1 1 1 0 0 0 0 0 0 0 0 0
10352348132863.6 20 0.64534754316717 1 1 1 1 1 1 1 1 1 0.975749600137882 0.997071675326737 0.970954054000531 0.980930022382321 0.968878308307353 0.988528578591968 0.955625354514026  0.97264490424613   -0.157424651925278     0.47739022793346 -0.00473253197178548  -0.0649915787083448   -0.167614664452705   -0.214631419514902 -0.00929941848367852    0.213426375673457 103785
750903776461.92 40 0.713999133863507 1.10312776181867 0.898942404439778 0.906524300798408 0.911456131506846 0.920759084609192  0.94465633144238 0.951636788712638 0.998496710501584  1.09391479463592 0.987577991078211 0.980543286673843 0.963245539980435 0.981731381160826 0.974809123116047   1.0227981680951  0.98765081657539  1.02903703417949  0.154980018350264  0.541073036943517  0.341341530322535 0.0755132408174382 -0.423061377220464 -0.712687824706533  0.482023671971828 -0.419045687066146 94791
1094298320755.43 60 0.739345682800718 1.33318603332141 0.826865376372302 0.857643188016632 0.863213602297923 0.869540822551139 0.893697790506907 0.974830497698533  1.10370477894871  1.46965811652315 0.980066879731564 0.981750842758124 0.945748779325984 0.958904233842457 0.958985733555348  1.08155992064491   1.0318876086867  1.03740076165234  0.157034123071646  0.440123757745327  0.325164858259579  0.215536256108124 -0.669720991319547 -0.613044239333719  0.979156044983927 -0.220687788521621 102177
802865203767.771 80 0.732808195761222 1.41765597798817 0.791016733528524 0.793655851926194 0.859914944848604 0.893248246601458 0.937918647001075 0.978391318009692  1.12483135223466  1.58974467147653 0.951620046446884 0.977665658358097 0.990251312528561  0.96711792683008 0.933006116885979  1.06082484597811  1.00919846253568  1.03751078054709  0.240479643692352  0.645866517415121  0.885033152466259  0.488813115444974 -0.615280397271237 -0.649855112076237  0.773920149812567 -0.118344411018101 91409
261329055251.586 100 0.779399731745494 1.46029549815102 0.732348907417523 0.779343327715594 0.817639139057375 0.854778339471891 0.938540500453104 0.996458259799867  1.18727014368102  1.56170690562357 0.936307198414555 0.963934552558529  1.02061172757284 0.946941528844817 0.955396974574541  1.08465407675501 0.979490737902074  1.01687086057857    0.58930807430216   0.875160585548214    1.13326555976413   0.514398171796786 -0.0355331082906221   -1.02624131221862   0.678873383635946 -0.0552186982305473 86736
231792553678.302 120 0.796231641464695 1.47139899891721 0.714610801284547   0.7405035457053  0.79013255846702 0.835154068499666 0.943925018063459  1.07430351740369   1.1811012235248  1.54714311395802 0.956721562947851 0.942435421487726  1.00503708004026  1.00555190469378 0.947533006420745  1.07847905168339 0.976283505873451 0.982547273469894    1.00334631179759   0.805820289678213   0.665800297288887   0.970608206675946 -0.0122528373473957  -0.471172386075152   0.668920150485439 0.00947358485774129 94167
187970372077.951 140 0.829752575436159 1.49509985107147 0.669807939834165 0.708878534482266 0.758827025446675 0.872527785257064  1.01330072435363  1.09322993829138  1.19038991021139  1.49723747171702 0.931517289951352 0.903056225563381  1.09892435067516  0.99205209521268 0.978990924660917  1.12465060722511   1.0034601615369  1.01197728687114  0.794538076313587   0.82881273114068   1.46533432136728  0.745976314307265  0.422854898451161 -0.697134273498047   1.01437182732543  0.422784242938648 80608
147806033006.022 160 0.934331517408486 1.60458370748503 0.622585014730582 0.658308442679848 0.706056502128154 0.837096539694549  1.06101237055422  1.15221908007099  1.48908897935728  1.60296271074916 0.906244490704728 0.970122486175823  1.15753298570958  1.00928619844298  1.00378468006408  1.10353047213697 0.997175504751454  1.00098604390667  0.429301949565767   1.46771909077292   2.18242923881822  0.238566493047067  0.579223803483728 -0.394752107375559   1.32140408508626  0.547156061125759 86559
199956838267.635 180 1.10280625341216 1.85455280721611 0.576569184559876 0.676297627342041  0.71105415119713 0.799959183946713  1.01349005286095  1.08957041065935  1.49268006597613  1.98303251618609 0.867470073701491 0.993519240175988  1.27339207157313  1.00510481096469  1.04468812978118  1.10957087737925  0.97027070535295  1.00727719623967  0.392033212370951   1.92197607436577   3.00959234954407 -0.206244673027156  0.976671887945453 0.0530983293569058   1.28658227347514   1.07483280516352 82809
134504478045.3 200 1.22822844348572 2.17651023071522 0.540579722065058 0.618660853053316 0.684695261597691 0.795239097376228 0.972595650411381  1.02276567107776  1.45453249383745  2.56083252108278 0.836297337432841 0.978465266993911  1.35122881968191  1.02639003389348  1.00584002310194  1.07892237625806 0.935480228858593  1.00551316083971  0.646139912606112    2.0021892220314   3.78064186605058 -0.827444960617533  0.937618216988072 -0.395266428613578   1.27745548840544   1.29475441246645 81460
117198521335.1 220 1.39310928451162 2.27965948357724 0.550683065365284 0.578063445892672 0.659442903813446 0.729971962678769 0.913218602504246 0.950562891497383  1.35429225461898  2.86181583502603 0.823452821903821  1.04413078459214  1.39177957560886  1.05621084837934  1.03382324347679  1.09535503181671 0.901557055099353 0.992870205562905   1.17831861010409   2.98362154254388   4.01863329051268  -1.45814788199309   1.56535623573695 -0.354434959978749   1.37127433129915   1.32380294019916 78947
128641388087.868 240 1.43293429408898 2.50282363976824 0.522691572094091 0.596782747940723 0.658285896279308 0.711532570609562 0.862336199404166 0.887143110360434  1.37512684851041  3.27420595652485 0.804924513114516  1.04284749674663  1.40750327112946  1.04056791487835  1.00995676927651    1.078820926556  0.87135490560752  1.01221717042262    1.463232539092   3.2324621688732  4.71234101301635 -1.09174688454147    1.680320182904 -1.08624588045759  1.69526222199764 0.852962154984111 77763
154784212814.896 260 1.57317769947327 2.66325858423958 0.478153488278384 0.550448122393529 0.630709221019107 0.659320353058567 0.809987896002289 0.855246202292877  1.39160936388674  3.39151700907353 0.786964791143299  1.08812142814696  1.47605464903553  1.03885720555925 0.974458018202305  1.05245574299479 0.867477021371904 0.990542632513056   1.56819823284607   4.18749820942887   5.76503028750362  -1.52206913769912   1.58476546464198 -0.970436918841486   1.13821879169183  0.303001080257539 74289
110073604917.971 280 1.63152892956085 2.81706694448423 0.437251641303193 0.538120794243786 0.621166835601692 0.725326136466776 0.760454441859071 0.893735391798659  1.40618030586974  3.46997050786631 0.754285991584226  1.08193863554507  1.51487018148922  1.04741330189793 0.961878218148269  1.06132428662751  0.85826036957486 0.960794559035424     1.521644577261   4.22492792908002   6.81366844658436  -2.41202304760782   2.28424091873179 -0.155114035882179   1.79677654892885  0.481548409262607 75482
101442070292.725 300 1.7880688565706 2.98501608190375 0.408587071579759 0.514471293589876 0.627091797226609 0.690790505948812 0.731932892605193 0.834915383640178  1.39436994194673  3.64064196799443 0.725251013659935  1.07540704897536   1.5229188176674  1.03251226483657 0.943694457760184  1.07188694887848 0.863756401849876 0.981717421561675   1.71160167941017    4.7917021372741   7.53381625462598  -2.60917567294115   2.42335014625896    0.6599611436385   2.39450146141857 -0.388403799004163 81972
122081619036.963 320 1.84078340878261 3.12660138728384 0.377164129397386 0.515036052117689 0.605435186423209 0.663434424934896 0.713788887650291 0.957151864809684  1.29816785916239  3.68701932986621 0.693611011712398  1.09913230678097  1.66385593096026  1.01700978675283 0.953808072708434  1.05883945704738 0.866229402914949 0.946680541028524   1.45026508512975   5.35695372058701    9.3837158615445   -2.7400788990709   3.31555778917152 -0.688826684765032   2.82303235682338 0.0726353460704784 78914
122614037562.812 340 1.72604543064347 3.49287165510392 0.348858225935475 0.491171729995237 0.571803701419911 0.633488661938343 0.706454885954567 0.891909029717303  1.26955203229335  4.25612352206747 0.663654475154453  1.08819507825788  1.62527180109761 0.984334353467731 0.984888538689965  1.01082886413294 0.850198004354099 0.930423415771048   1.35760213966699    5.4216727962515   9.06603673834201  -2.69613797857924   3.79857241487183 -0.479160598844157   3.14710260589749   0.18328617088217 74671
123449741724.384 360 1.75673401951882 3.46045835317597 0.341473530056605 0.481953882439342 0.563025444734472 0.615405477159355 0.700464571933961 0.850999433991437   1.1729431314458  4.08906767126594 0.650667833212785  1.06159310697713  1.59313386872916 0.957350888993805 0.967974515959794   0.9873617716055 0.857282481498129 0.901706659055578   0.753131333358587    4.58605282196042    9.84607638647518   -3.09003808805099    3.83642646273886   -1.05475829448854    3.76714906355095 -0.0486868179298869 71650
111065129039.579 380 1.64367164126994 3.50498699814496 0.317925326477876  0.46800227884658 0.541694168699708 0.640593544572908  0.67074139077711 0.809998716855942  1.11016385242417  3.90569160729837  0.63511495853401  1.03011593929149  1.54393528083919 0.960000392735812 0.976668522859007 0.965090311862628 0.917534412234161 0.888013370318359   1.54454891323592   4.22901315276873   8.37192090159835  -1.77557220151959   2.41480894514569  -1.71087390974003   3.27260165084136 -0.688319947828381 77147
119752674885.669 400 1.52714563673555 3.52848531582645 0.300888579379637 0.439154864562295 0.524211162652407 0.620075807617916 0.745314422827521 0.778622106980267  1.13117209162535  3.74612558585633 0.606483035469511  1.01624590229281  1.49771133367394 0.922058471895906 0.988704490506893 0.973723723395814 0.896852567131494 0.899762214206392  1.35709674950307   4.9954843912661  8.04559666777672 -1.85162720056348  2.38002537118234 -2.07358578913678  3.06300064043878 -1.04000692165849 75286
123864303235.76 420 1.60921498945103 3.53605012156669 0.281925426513169 0.422437186656611 0.482705561197213 0.630686003493216 0.694054445063626  0.76183208086349  1.23476180586224  3.52509698953629 0.610239688338503  1.01256104164521  1.46971282986161 0.912766828190443  0.96181430993125  1.03711844635107 0.896139931370718 0.921334898807573  2.04567058090342  5.87514748152599  9.04282082788042 -1.74363824145556  2.14660735494493 -2.89876175534311  2.80329289633506 -1.91917701456383 72400
129664817320.229 440 1.59556724378551 3.55572210590019 0.264242573045264 0.411700660050271 0.493638843521392 0.584789152379839 0.677764461721181 0.767200486713042  1.50330040959576  3.34086104906707 0.591852391537008  1.01792449108339   1.5145300938165 0.942744670548826 0.948028993700824  1.01269253085637 0.958660215073993 0.917362080170379   2.09024335569373   4.75166952447312   7.24222995834093 -0.892152076655772   1.97583135311413  -1.73614788950196   1.76243196817803  -2.21355266564559 77375
135086054228.815 460 1.51876027115769 3.93154278358409 0.242621385424819 0.394801822350043 0.471893537181335 0.546005025910431 0.642287148536897 0.767840930870846  1.43826061278042  3.75020570783463 0.572782742939444 0.978608031540015  1.48895267348001 0.926636538394651 0.927173121250792 0.990607685127923 0.918553685134246 0.946993212335779  1.87740943017309  4.81342757452856    7.290147407619 -1.26143288588253  1.85520914029675 -1.13977572049649  2.42680516956721 -2.73016250207224 78898
97549672073.4523 480 1.61656550730739 4.00138028009434 0.221750845214318 0.397409593159222 0.469655230784715 0.526725906116876 0.638136433699593 0.770913611237066  1.36782549510826  3.55046257212326 0.546718293840524 0.946525850370381  1.42805002612588 0.896834024956839  0.93644295973324 0.986017021622878 0.886937252735612  1.02380374085838    1.7689183674394   5.11390255606336   7.96261195643383  -1.90364753517336   2.42082688892803 -0.863490643260158   2.59912808277928  -3.75862979177964 75446
102879528339.26 500 1.70197723616316 4.03077572548628 0.202268421721189 0.376981598304746  0.46966845062695 0.530277239987062 0.599260640568453 0.868486578182781  1.38920808364505  3.28628598449126 0.523842024784491 0.954320988176715  1.41726860761803 0.883199085525604 0.900592112034799 0.972720323788867 0.902503204483464  1.02945047194128   1.56872237850358   4.45801014023211   8.19005636143847  -2.09658992716127   2.67049048615422 -0.869129539154143   3.73812357959602  -3.91708080038805 77669
114949760924.427 520 1.6537974489164 4.12235526877439 0.188367562926233 0.350312502283431 0.437921531736554   0.4943283883248 0.669839136392838 0.855913049221618  1.40759593171183  3.20108313247466 0.518049600244769 0.955343878060883   1.4016712986674 0.851895763684916 0.891685371864479 0.947775540425905 0.892751699629791  1.08269351783782   1.12943076405369   5.74529689781872    8.0982811066906  -2.42736831060288   2.53945244101286 -0.468440206550702   3.08245603736111  -3.11003119045878 73208
107517663865.566 540 1.73377745472367 3.96949562113737 0.196052070783685 0.332642130106776 0.405395452595937 0.492585295506716 0.699358073417208 0.900550001155939  1.41832325077755  3.08917198919726  0.49853306946991 0.957269039008165   1.3393126702592 0.831528000157739 0.948395924578039 0.971489278135468 0.853734687822384  1.06855502412271   1.19756321860943   6.30091534504305   8.33535705019936  -2.97266062182211   4.05568092194509 -0.331021141329308   2.87467929213628  -2.94575124829632 70629
109279621220.68 560 1.60067868081919 3.99210803812111 0.183131527112989 0.347244665375533 0.392830618811555 0.500981184352819 0.701514685570703 0.940536945340708  1.37922215210127  2.91855370355374 0.482487741607103 0.941418310371256  1.33349397927027  0.84386412668576 0.934353967799974 0.963489501159469 0.836166011300587   1.0267536910938  1.54291496111347  5.32877170172754  6.76767282585095 -1.57051337849576  2.86936140486762 -1.36893774044937  2.23909558575152 -3.41637774097355 76451
87545059484.8604 580 1.59480752307114 4.19274373847348 0.167735629546768 0.327212382611315 0.377871465680554 0.489119938283049  0.66299252152264 0.885754388295222   1.3047740687941  2.94864141484408 0.460730303068833 0.916132060801036  1.31353848530777 0.820567613220698 0.899311133331163  1.05548014892836 0.816739147681487 0.991187294678312  1.50607157239686  5.59579292145089  7.85172614377512 -1.71277179481703  2.75034788904466  -2.8215290414795  2.19085825025483 -2.81651336108508 69565
117331183689.449 600 1.62062110512634 4.21213740533596  0.15602009856086 0.320177178043402 0.347860349280081 0.478879739914899 0.641758697676995 0.962950365486653  1.34682801603398  2.76812442805034 0.442233292678375 0.910921477497852  1.25715538487397 0.790177799058782 0.865137042979151  1.07707127040258 0.818137206141962 0.977210111646324  1.69273667121732  6.57241700405263  8.24151297186069 -1.49712271125489  2.62242667086856 -3.48718980181062  2.09057252685502 -2.66843656348251 72689
90892080376.8964 620 1.6109920577852 4.22368293361459 0.141259903461507 0.331836699608526 0.348357091414091 0.444656653867571  0.61757530580898 0.950482661619665  1.40882754042096  2.52000569800066 0.423718360486554 0.890256636117932   1.2284466094013 0.764071143551783 0.837814218428959  1.04452507797509 0.904583507863662 0.947022131185159  1.44920957403715  6.71851391811672  8.85731725494875 -1.64356969827449  3.16181843270775 -3.09555548119489  3.46254827907331 -2.67529334734357 76207
104985703710.325 640 1.44131364520604 4.24581295978022 0.135388718842755 0.307414284082985 0.371965370339517  0.41623871665042 0.679008599318805 0.917651540246212  1.30475758047286  2.44064264454395 0.410129905367984  0.91941792035761  1.20640370662217 0.733418914141383  0.80933737859327  1.02537106881427 0.925851515134098 0.930177405037382  1.69316690047579   6.6336711367262  8.82749337258096 -1.41059931273626  2.82284147184398 -2.80191000365388  3.39069468839025 -3.49771830182538 69432
122591287185.441 660 1.3839368364552 4.35464861022257 0.126214788222837 0.288481598028972 0.362423567658604 0.425448493706723 0.682451911526158 0.885909134981021  1.27135686768598  2.39340655078133  0.40389591900004 0.920802660424581  1.19968866067023 0.739984937420637 0.810293079483311  1.00505198818146 0.906495207321078  0.90711637924177  1.76543475515804  6.85199253588429  8.71668488257565 -1.98123412949782  2.32495061885568 -2.68532369701684  3.73444434995482 -3.19292762661785 68411
115491254834.112 680 1.41251110076865 4.42747497754479 0.120582509384246  0.31893531937726 0.361916036643123 0.446757886398591 0.662401836792698  0.83898405595396  1.19583763680251  2.36372282161846 0.393857784075881 0.928291701113215   1.1639980887367 0.724691520392001 0.781787077955408  1.01237420020869 0.888675835293774 0.938858972655753  1.85153962064749  7.10576263361267  8.32726043290423 -1.79115121142911  2.51193434394972  -2.5812964631143  3.86035839924729 -1.96949756864984 70339
106307878438.823 700 1.47059790477767 4.38156495804665 0.116096574930566 0.300095339841763 0.341489209786576 0.473185294428499 0.641166318603743 0.857822946362593  1.24552158192052   2.2288349881469 0.380088133281462 0.930080790209302  1.15556664680359 0.710003262572934  0.78205251058239 0.973724524571971 0.863950011414749  1.00886641561706  1.69872375663903  7.07379547611096  8.08102087856199 -1.76320005187688  2.09566971459517 -2.77765305772338  3.62308411093898 -1.08993015415171 70023
109201952568.414 720 1.38498816966364 4.5069227598475 0.108831567582099 0.279394361724261 0.337054519417704 0.455502728146085  0.62571705964093 0.991289483475898  1.16450790680151  2.21062519250306 0.367105164434648 0.909137245365799  1.14733956134084 0.682892882256735  0.76431034911144 0.952274136252248 0.854553756113718 0.997779357514668   1.5234678438263  6.81802097248272  7.27265678909026 -1.64386389089579  2.32885046190935 -2.36170321143606  3.53399086540335 -1.22532073087669 69727
89991493005.0652 740 1.39581276410976 4.5359819800499 0.101445281818139 0.274235444496532 0.326660044131662 0.433586155492341 0.614864337846848  1.01276285658727  1.11004536137655  2.08725011727553 0.352750134472253 0.920251355465641   1.0953814075195 0.657241431007203 0.730559828546047 0.933519463525471  0.85222212891436  1.01584805800583    1.6089178933291   7.51914991416294   7.48141047505317  -1.54978871226547   2.37953329634817  -2.27731308286061   3.13613009012287 -0.302361976574932 74049
112618354684.167 760 1.41355169573459 4.56691690216622 0.0926780338399899  0.268184595957737  0.305646993334319  0.461068113704438  0.595796314964302    1.0327985775947   1.07739466969007   1.93296072792445 0.338003187773688 0.889803876461023  1.06674141897035 0.641146749868579  0.71956592973939 0.943047676866751 0.836933631955071  1.01545942213669   1.67201980439954   7.50779050673256   7.54805228997295  -1.81729730387735    2.8625641523362  -1.45670019657494   2.77021289888055 0.0346494724351962 70795
103540159263.677 780 1.27855562062062 4.58328343406683 0.087000135606825 0.246022525993663 0.294371188866658 0.422939051606272 0.584227947701897 0.988551561388575  1.14305366170817  1.82756722084127 0.324020266588902 0.870272978394527  1.06771904797637 0.613274932914249 0.693220392838124 0.941767671054289 0.830420250724291 0.995314937796882   1.56177733820309   7.54169728295432   7.82828555561446   -1.6866397574116   2.72782481657144   -1.7972321295069   2.33544129606455 -0.526023378545116 70447
99087272499.9493 800 1.20343477651548 4.60147443511905 0.0851022136141017  0.228077449165865  0.273149383992858  0.401099674026568  0.588333436335279  0.936301039743227   1.11224415960918   1.80191741985375 0.309417433504651 0.873194696556429  1.05764595387154 0.592563814325943 0.679462243804684 0.959190304077839 0.836737172670218  1.00282228108598  1.53601858318502  7.80624596582852   7.4398906886871 -1.68671004392594   2.9267678796216 -2.42246755606655  2.65935067167652 0.182637173065121 74401
99847312341.4188 820 1.3228573471196 4.80354739435667 0.078069867269207 0.208505345035354  0.27401449946405 0.391700076575653 0.588087840649544 0.929699094335322  1.14398545193739   1.8013893925374 0.297975481565349 0.851687722231651  1.06804380315636 0.565306367628097 0.716893597913871 0.939225572300467 0.848999563930818  1.00969506510485  1.56240811716281  7.46913707036687  6.71315018219597 -1.63116575342763  3.60375570507808 -2.38409706906022  1.99592356911236 0.246016067006431 79848
92732929847.0543 840 1.36599707177374 4.94324410697804 0.0719241861394221  0.193291980028925  0.296947914625711  0.429709179141199  0.587788761035971  0.901247901595951   1.17239066264383   1.75751512378964 0.287624397858173 0.839550557726901  1.03728778167648 0.561362175948344 0.727474025864149 0.921867452457296  0.82804811529844 0.983904160320764  1.59784039587587  7.01792835550299  7.19876836868956 -1.29644771543311  3.71000310191689 -3.03566503770173    2.323385414057 0.153370224024837 70002
105548565279.208 860 1.33723323778833 4.78470897760227 0.0706257390060637  0.194076974203068  0.285988348091468  0.505061461970108  0.565907647548828  0.855196862035826    1.1177323527056   1.61686611841554 0.276463964276115 0.856768140776528   1.0135783192782 0.546755370848944 0.726972219082648 0.904533358233288 0.823545439274415 0.944727932886373  1.51528162370608  7.35080771042169  7.55742710523421 -1.75541323923012  4.07534392793681 -3.20550895861376  1.80393363356566 0.348617166877942 74188
108090652709.834 880 1.26473467620015 4.97313458755756 0.0650548957883812   0.18098733722558  0.263555893717656  0.501732451988929   0.58544384888777   0.79340436956129   1.05505269744841   1.60894208203811 0.264818430295606 0.872156881135005  1.00645792374957 0.539748742983289 0.715279816772575 0.910695407163371 0.841757921096296 0.954122821543634   1.46706936656631   7.13562524292587   7.44495110787151   -1.8274615846164   3.84083714703666  -2.87115725021581   1.35612758061889 -0.474362341805494 75811
104893045261.885 900 1.17176870093541 5.16176539506273 0.0606101831303672  0.178216086116272   0.25835470027891   0.48306996933673  0.601917865427986  0.869899614270032   1.02801543250575   1.61488693032907 0.259973496813954 0.845777196279551 0.982447282672238 0.529490476448996 0.732419423776379 0.909786312639875 0.847674137336247 0.959941220302808   1.62285689418025   7.67087578069984   7.88345134073732  -1.77927258366178   3.94224507766145  -2.65612737075393   1.21796270271653 0.0268758827941715 74351
90951663615.1318 920 1.32159830116799 5.07579796556229 0.0584339720497528  0.176851327193679   0.24464199150671  0.459406915934926    0.6089984458082   0.88679930295882   1.09206730795738   1.50547678579993 0.256375521177824 0.871389705010224  0.98743221613592 0.521635957217445 0.740355103601773 0.945123787991487 0.913802722848386 0.982689083508615  1.68269270028154  7.97739094144267  8.39966277606156 -1.54812866807008  4.55854425354327  -3.4504578645461 0.449029456366371 0.540546821292978 74503
99912450293.5167 940 1.42502711335845 5.62399061758422 0.0548036919236541  0.182860951602769  0.234594196136377  0.430672488232716  0.637168253863108  0.866942638947944   1.17382976923878   1.73340079442561 0.250095647342032 0.879915512554037  1.01246238364667 0.537590146164187 0.808227159989714 0.954927441134414 0.908831401165187 0.981142644811197  1.61587267361866  8.32956889775916  8.42320181059656 -1.62752545621652  5.24718344905352  -3.7593046457229 0.315551123169928 0.282101836163844 69123
112800716611.849 960 1.46100143697876 6.08157085305559 0.050859752217212  0.17139422120905 0.255367184380457 0.418593252349977 0.745182497685748 0.812365152026917  1.16977971978268  1.88107357114049  0.23925606742349 0.863193388031705 0.982057353691676 0.524504544614849 0.816984168146369 0.943091890255341  1.01005254127912  0.94908958142712   1.60659606583693   8.05985410863917   7.84170287304047  -1.38731156483192   5.18570232720025  -3.74006719645825 -0.738305947290658  0.117111416378802 71529
97760416543.7513 980 1.36386844652226 6.19585822846457 0.0468143665915233  0.156694938171756   0.25111313939905  0.439629362951492  0.756636950440903  0.773616669768801   1.29810437691559   1.79714076414813 0.231605631089921 0.847875619908764 0.948689508471414 0.500167037695859 0.783719603589381 0.901487620199197  1.01388268157876 0.930545129313736    1.4597081047107   8.59444243684534   8.43924199955447   -1.6073986288194    4.8615280616963  -3.65040801012771 -0.350035269956832 -0.131315136120331 71767
97679299191.3882 1000 1.27157316418468 6.16482604497408 0.0442864494110136  0.145084167475502  0.236688182217531  0.422529477708107   0.70036181476567  0.758999885618198   1.25242172311143   1.68311006007952 0.226773588970395 0.830485424058075  0.95344023027295  0.49397023790814 0.766343466374479 0.913502194737762  1.00014630696101  0.94822001183268  1.34146117535345  8.63088016316608  8.82539364393504 -1.81802671132478  5.25581269434556 -4.05409502618767 0.344141827424384 0.477224370212334 72740
100288859760.086 1020 1.2466234400339 6.3541257758731 0.0415371894044735  0.137460227118993  0.247735148524665  0.427260714765639  0.691696874928812  0.761793591980762   1.23082535095001   1.67706046560932 0.220203454107907 0.829334099543969 0.932189289379767 0.478040977848995  0.78224772130756 0.893472816269638 0.983479925215461 0.913017822698233  1.43264643888285  8.10239777278302   8.7445744051087 -1.54721020866607  5.67734813632137 -3.38533382112127 0.371933614166869 0.532789987419239 71591
95415167499.0375 1040 1.41597989170488 6.46106438303349 0.0389722121111122  0.142272112334493  0.239010646718702  0.418165409667256  0.689826401427867  0.720962696603787   1.16870590723475   1.62690875027677  0.23712054031625 0.856813232248499  0.95734800784737 0.498367240118154 0.770582002819931  0.97743090990945 0.953228737946058  0.93621973678116   1.63168920840412   7.21289347010536   7.83529895168478  -1.00692962710842   5.42216994205336  -2.46907044325486  0.380997403289634 -0.295499534532214 68572
99395160881.9045 1060 1.49877125599634 7.1169052763873 0.0386595116108232  0.164390263483311   0.23580036547408  0.422476933574055  0.661678663050233  0.698167254346174   1.11026998242178   1.95811743488906  0.22877121129105  0.85514640472816 0.979660139434214 0.478597515265251 0.770270845954168 0.943819145144126 0.935861426339837 0.952374824105526   1.57781080026293   7.71688957385011   9.27844740134654  -1.13868673266917   5.12828182726776  -3.18009987428726  0.972517586563552 -0.774993451147349 68754
96420923131.3574 1080 1.67423215997666 7.24559280197974 0.0357082217886626  0.158610543182815  0.251363159649741  0.411274130100897  0.642422806325222  0.721852181621691   1.14350414827076   1.87463218987803 0.222561667058587 0.828787607807008 0.991302304581218 0.463282536376362 0.793408935153587 0.937135086543995 0.948055127649314 0.942198939192839  1.59796290743601  7.67361081437026  9.75648871808893 -1.06736773811394  5.83918286273771 -2.56952655473843  1.58793587522628 -1.16898708959253 68339
96860879205.1618 1100 1.51754215033428 7.22332446950464 0.0336388801997499  0.159019959834955  0.241971001720548  0.422253983564647  0.668859657928977   0.77449316586591   1.17260796760041   1.75515622025416 0.212382367484284  0.85041533872406 0.962195613468527 0.448600770287574 0.771381890429408 0.967247886648491  0.95234512570911 0.969967155130603   1.50449059420046   8.80930538254391   9.25912895147143  -1.26767694686898   5.88243000299873  -3.48068777155499  0.668100880892068 -0.202358959202855 76431
101771122821.167 1120 1.40507750616012 7.82063538073883 0.0303971795446582  0.149316088724778  0.244286192311758  0.412229657858665  0.620971095910564  0.743726817197922   1.21368198987515   1.85916256221506 0.206714729653091 0.844948928454807 0.949204949312859 0.431215564269612 0.757048151360874 0.942291063089102  1.02769742247623 0.958269564773813  1.61263906885656  8.80315772629541  9.64413600540983 -1.33069451170098  5.46983678316631 -3.47118483059335  1.66915185581465 0.159737688795606 66699
106224836179.038 1140 1.3656933456663 7.75081166925873 0.0292312789867424  0.142956287031199  0.232826375457279   0.41390526257277  0.605779865472363  0.797238075761532    1.3010748581091   1.75607146842246 0.200011298127606 0.825930690349253  1.00253924558563 0.421202022871869 0.737314569579712 0.928353080319895  1.08412842221262 0.993673992677111  1.61260612221089  8.52416116438262  9.83889855668768 -1.37455251496281  5.34337629554976 -3.84301604452233  2.18584052417092 0.858275746284355 69196
96590015558.944 1160 1.20832502529443 8.23827060309171 0.0284580066883008  0.134276623109724  0.219071181995826  0.381915156612566  0.586260177180404  0.795350919332192   1.39610532483623   1.93141937372103 0.198254706421037 0.810001316506243  1.02414831873731  0.40884126457989 0.730440523634806 0.909907492313758  1.10873022697169 0.961542939718797  1.73547271391393  8.20308404837342  9.40652075588742 -1.30555337376538  5.61423806123174  -3.3094781712124  1.59587575401927 0.490033595465631 73431
83666276281.3664 1180 1.0423804893108 8.55324830726235 0.0277216157598824  0.127711170913099  0.203519479490856  0.353378359350143  0.558086260695987  0.739913764650329   1.38837037819319   2.02805953496256   0.1982590530321 0.808696653203274  1.00376960080456  0.39473744739798 0.708845731107606 0.953099817114325  1.05968100677307 0.915182361279978  1.59357329841712  8.31581117974357  9.37209378741779 -1.25542943970206  5.60527191140621 -3.97349627463272  1.45827838411567  0.40245870592539 72881
92532007011.6682 1200 1.07104068911833 8.56363145000399 0.0267820382334065  0.116362229832915  0.203394537616291  0.340337843028041  0.575956297363887  0.690664840637664   1.31043256802324   1.96408176055995 0.202515744941558 0.777545790444561 0.981615629637174 0.385113217070364 0.790131021785534 0.926306307452383  1.06874381187721 0.918088949933747  1.44297298113398  8.25331433691954  9.31685262072594 -1.37011808297875  6.27621104526076 -3.71872508330947 0.819817744584306 0.273491615842911 75470
96155753140.2153 1220 1.08388349910598 8.35328335235524 0.0263746142562134  0.112481953497631  0.202503099367473  0.331572297429564   0.61123904976688  0.745602298695729    1.3547987674708   1.84035049924348 0.195870983729261 0.790124544100901 0.972403836972388 0.369400613078885 0.766446812666043 0.888259434999788  1.11144600455518 0.930307952049847    1.49592329534898    7.95125597392886    8.71291526897847   -1.26018363469752    6.23727864468143     -3.955685049808 0.00668593811681791   0.548869897938915 74207
96514417331.9515 1240 1.01942372654765 8.58287167658453 0.0253112961292903  0.105944935081505  0.191241815836565  0.335842689252039  0.585225367319609  0.700740132494015   1.41303868524861    1.8645739983987 0.188926656166204 0.770368530035686 0.978098013790071 0.360719172913814 0.807006101861396 0.866347041451947  1.12483279841763 0.927157526714044  1.57014235915476  7.73034345282308  8.29467606088637 -1.27769068023957  5.73448024690918 -3.69704163600308 0.766918588980675 0.588884080306766 74470
100612551938.608 1260 1.02180474560146 8.7205831169431 0.0239503730057111  0.101490178406474  0.192803776539356  0.319588490414379  0.547327313261261  0.733864441913771   1.50222475899462   1.82139161564423 0.191713448198923 0.788324007297801 0.965685348063916 0.347484519583856  0.79046264996905 0.882219376111515  1.12363897759628 0.906307392046927  1.64101286440029  7.42005541513362  8.29255113135527  -1.3062342020856  5.43112342021646 -3.58700386211788  1.50219245116161 0.633204013357807 69911
90199914110.1499 1280 0.90025392567444 8.38672484742903 0.0254206495548247 0.0949272720789554  0.181665115099698  0.309528478693789  0.512110136578372  0.717239369258113   1.56969518365005   1.78801613403953 0.187365836740745 0.798041724088757 0.971557233355698 0.341682819723025 0.794895763815181 0.850247775626906  1.11498099757536 0.911856871222762  1.55938477253961  7.46823525685196   8.5330738786399 -1.16345328134387  5.97116072897293 -3.64796711039403 0.803068318450429 0.721105930687712 74791
83728558127.5652 1300 0.8665784466555 8.53178490588741 0.0248036209370462 0.0935930344178876  0.175947969254365  0.302402933732522  0.495852238963607  0.692285374446728   1.57171897505042   1.80548914418132 0.196055685038506 0.811525630751293 0.978422472138471 0.346824919170975 0.805265075212593 0.848986115561349    1.095581347199   0.8827810696836  1.42092969784879  8.02373166856897  8.98352699066575  -1.4279752009719  6.34641794808195 -3.99863560632938 0.944693789892403 0.789943559073279 69479
95339018863.2618 1320 0.799729394900723 8.73235669749554 0.0240646458023355  0.092199409014134   0.18874917193504  0.277061288694041  0.500810088025729   0.68317412093332   1.52235439795186   1.83502678828443 0.192417241035937 0.801744685831453 0.933643106759583 0.339964683238954 0.778058396855143 0.879731657293853  1.06491425654756  0.87651920830828  1.41600713864975  8.06434402487788   8.9577197333817 -1.45675016565603  6.22038794282838 -4.32566575827741 0.634761313969634  1.09193628172751 75711
91707528293.2077 1340 0.71045679136338 8.90438829408875 0.0224097073194381 0.0868464375064264  0.187109084803574  0.290357827098814  0.475012392306756  0.678689080250364   1.43146699017145   1.77682380719289 0.188911018935818 0.775343624948189 0.912101490631985 0.332124120733045 0.784863583735655 0.873214774165639  1.10582689275143 0.862275529727389  1.42843753011013  7.85622246390676  8.77134555483835   -1.457284162158  5.93051440257442 -4.10254177009173 0.675359252780852 0.617756752092252 75181
105127217003.643 1360 0.612779661599304 9.09562808562744 0.0209966262682425 0.0841733080854312  0.182668263525117  0.267404933783497  0.470311909694186  0.630913322760581   1.53043905392061   1.73706034536575 0.183824854187564 0.765415887154779 0.888324474380735 0.318417039229145 0.778222406301115 0.860638893542551  1.07132441536319 0.837730837191453  1.47945317630133  8.02425047223062  8.77561808029762 -1.49338266285363   5.9030268870676 -4.08579646729792 0.741258805964089 0.834199057170961 78678
96633916358.3448 1380 0.628759212482545 8.88408284923487  0.021022202394709 0.0774646352651961  0.172143607100524  0.267302842109335  0.442395426866707  0.620278282583306   1.44619636461984   1.65921785632368 0.184015787263628 0.761788118259165 0.885167228014062 0.348127020683807 0.782144023680234 0.839716065789238  1.08001017093687 0.826209587868597  1.45237887681575  8.08820398371096  9.04350194931098 -1.69922484511187  6.08375055213374 -4.05874369515837 0.668060228590429 0.817561786167406 73971
100117319311.924 1400 0.606615777234789 8.60683965990864  0.021840309803629 0.0854629685762157  0.179524004842988  0.256274381506511  0.457938518620457  0.640709219843067   1.42518390950873   1.61787967579811 0.177783881682625 0.754710527801501 0.858146118159755 0.343483648650209 0.771343987977295 0.819886853503787  1.07115253652586 0.816902061895056  1.41112522307392  8.36996029573863  8.89526552303404 -1.71597097132614  6.33932422549377 -4.15451128882049 0.318030697123371 0.998455226421176 74289
97808176563.9848 1420 0.573482316442938 8.91960786915918 0.0199974893044874 0.0817606962265237  0.171193769652083  0.245267572388028   0.43832716974498  0.639048692950003   1.35088987031705   1.59098834135136 0.173813333282235 0.769571930527913 0.830419454796422 0.333477168321406 0.751536885128012 0.811693570677929  1.04472973394499 0.783550457415472  1.41261198815531  8.54898251512495  8.89640434721989 -1.61012823836214  6.18201608782698 -4.41983927980163 0.212127068352421  1.06218285661597 75428
104425618326.918 1440 0.560387165528163 8.98843572421577 0.0192947142716761 0.0774695955144804  0.169128077282645   0.24127999998809  0.428592446902529   0.61244295204682   1.24525530927616   1.55885810718937 0.168445122572836 0.792902314400584 0.800777501484742 0.335370894935653 0.758733822049425 0.817900932250145  1.02520303522343 0.781139524693755  1.44915204367788  8.61722888025304  8.89480434975883 -1.67895969376241  6.00540469894592 -4.61795032301516 0.365263124275142  1.21294795458766 71612
97317627014.7995 1460 0.573494289268153 9.09850372026419 0.0189283262529406 0.0854622705429298    0.1753889641664  0.230494617476563  0.393397023313941  0.672976614816763   1.17305815746097   1.56693927769146 0.163667905972321 0.798223157187337 0.798623609979629 0.329537803393768 0.734993234086866 0.822397917117645  0.98198179195045 0.775901126690143   1.4397281282388  8.75880603399367  8.76501088140314 -1.67675916229372  5.97580896415497 -4.78196866279212 0.273945891783339  1.03608699475224 72455
94046534566.3338 1480 0.547401374280009 9.21140699660735 0.0178267898609607 0.0843776841416453  0.189619299204279  0.221882881251873   0.40380419216757  0.644369405896216   1.11872270436467   1.51260345586491 0.158647652358097 0.797973171675856 0.772665059921815 0.317690631893772 0.709305821846059 0.835146408805262 0.967848455924511 0.787454597181198  1.43833777708109  8.82149106620944  8.85742859639163 -1.59597725956083  5.96258082930456 -4.75017596693655 0.520457447734845  1.08934870880522 71956
98095341818.5422 1500 0.580807218136262 9.15386483231836 0.0179365047601221 0.0820675267193342  0.181404077690977  0.212788941362583  0.390029803471613  0.616895186602412   1.11318862875591   1.50295787266956 0.162099637586664 0.807096302351136 0.793797320095912 0.314112914476737 0.688059233643727  0.81627136904618 0.957377410042317 0.765767686510822  1.37609749202995   8.9358777904036  8.81371205988788 -1.55696912716356  5.88504554274084  -4.8311336285047  0.66170188233004  1.19574461480719 73802
94390129651.4466 1520 0.547067073962573 8.60930940543443 0.0197610455170643 0.0849604140003882  0.168084634970548  0.221497457468647  0.363810448491519  0.597461143346311   1.12888999761551   1.46469281268753 0.160578943051847 0.779570416637739 0.789353286153009 0.313000500718694  0.67054819299462  0.81416876266295 0.924562839678103 0.745732659616761  1.40244701055824  8.83234148660329  8.58507408198711 -1.55747785971026  5.84133833741995 -4.96573532082616 0.536644424668111  1.13187199809654 70204
89739330016.598 1540 0.547725002359646 8.41492438932385 0.0193984715851571 0.0809751882918451  0.168446515867607  0.225550244603059  0.365149267219684  0.601521323941965   1.04333759154385   1.37362424956312   0.1561592853412 0.775603266305737 0.774539037074046 0.323368903127372  0.66600453236492  0.81886385192592 0.961419223285381 0.739180998788391   1.3860516188822  8.93589074776319  8.62863151690615 -1.69218349199416   6.0884404014848 -4.99492252693418  0.58970626313604  1.12497373430641 69707
94441055109.7529 1560 0.563702335763517 8.70695549244978 0.0183484420913669 0.0835889632905969  0.174865241383294  0.223140945818031  0.373162909103715  0.562877291034598   1.08824094062617   1.39101510021006 0.152284244360874  0.75675524518774 0.786446171718296 0.319278237643667 0.637843018896478 0.800516338024188 0.930078605279924 0.726368605021434   1.3747388055498  9.05361376176591  8.43340052152847 -1.62945172760519   6.0065005144838 -5.09786993440453 0.714851391800472  1.11745232554782 70955
93141618174.1818 1580 0.552495940110773 8.60304927586052 0.0172828535845791  0.081799438348973  0.168026020302308  0.247136834028319  0.350704567244042  0.587980301697802   1.02455638254522   1.27914645505055 0.147457864701063 0.745267845716358 0.778967970644752 0.314662082761269 0.622815714459704 0.778859071253069 0.932805850614389 0.737970250777472   1.3675627752748  8.97822781888076  8.31820752434043 -1.65620255139138  6.04291447305039 -4.97969441129226 0.816410942124236  1.03520031548983 75520
99916634197.6625 1600 0.547823610310959 8.81427255170074 0.0166707499076006 0.0774926364009399  0.165092954648205  0.254030437362851  0.352360046849823  0.564766592470182  0.966631695088544   1.29517390963496 0.145978065997106 0.741779529359221 0.794512261221445 0.307643706650093 0.628890119577553 0.780339786333466 0.932062421895501 0.725872374319221  1.38724466913609  8.88275249201042  8.09071052056586 -1.70612878106191  6.02255124144914 -4.91331815205257 0.689344268657231 0.879156162956789 76605
