nan 0 0.72 1 0 0 0 0 0 0 0 0 1 1 1 1 1 1 1 1 0 0 0 0 0 0 0 0 0
1929223819516.98 20 0.624871457524092 1 1 1 1 1 1 1 1 1  1.00463751151272 0.997032748308846 0.969020817840626 0.999229231496882  1.00929423484401 0.967388559093713 0.966134715901985  1.00238017066935 -0.0798349116779949  -0.251411314167354   0.301591322572444  0.0949293783782703  -0.226500202363039    0.12575520944523  -0.146377520500538  0.0384695846931913 95590
501901463503.28 40 0.617087869680749 1.13925682061809 0.899348250571101  0.90746459220903 0.913880264075046 0.925929835312648 0.955429456224178  1.02029421061589  1.04391281336337  1.16726958343075 0.988878870844926  1.00424670293938 0.967945232457939 0.973286641232623 0.976761913823084 0.941149082846565 0.958405443420551  1.02473484585544   0.175180005131726   0.097965677788366   0.468085067439846 -0.0323595814688497  -0.151299658659055   -0.11398041858172  -0.507153375197859   0.455314190913478 94520
661448980591.66 60 0.631912986294215 1.22041948930324  0.83038621174593 0.842479098803606 0.873709623380387 0.900651607551978 0.934323087806197 0.974526956121679  1.08617213719288  1.23679692873223 0.959503568594711  1.01221810258046 0.968655800730535 0.994637357122045 0.957602234929289 0.907468440269888 0.925949073842416 0.999510257282285   0.123909340202531   0.437796010660137   0.646945972537896   0.462469440756565  -0.100933756389839 -0.0355967790928233  -0.491833890324522   0.566270858176522 91553
338804955954.009 80 0.683072239753046 1.26446347019657 0.767520932241438 0.792055478849749 0.798808968121922 0.875558687156851 0.910163035356443 0.981076871409273  1.11738504069813  1.22716455616497  0.92988550477541 0.998984964353233  1.02342178006617   1.0025891370752 0.966684716979341  0.93925199610532 0.914256514887988 0.980615583608155   0.233657691989675   0.673241111603253    1.11123022834038 -0.0239518467354106   0.031050905707848  -0.494959738976313  -0.479863942766151   0.633727248269386 88194
222483248288.862 100 0.821646788859548 1.37251328542519 0.744316393449124 0.791191881897617 0.800715790461286 0.818406568041784 0.925732244034466  0.94260039984494  1.10427960065541  1.40213780236517 0.907910256872025  1.03702600824526  1.04614941624263  1.00025906040954 0.926396527255571  1.08548179326148 0.889628083326592 0.973662674499723  0.472893130630552   1.12868598701699   1.39627604636361 -0.240516975327992 -0.178962216316557  -1.15502879531182 -0.564982508246022  0.855297809352218 80327
229830422488.59 120 0.936636565762789 1.64011580605513 0.698362464628588  0.72863382397103 0.760068146074302 0.829070324289686 0.881248269152602 0.939378485112361  1.05526666876312  1.87858096292564 0.890051420133842   1.0909073141366   1.0696965095809 0.999615720882534 0.973138612091184  1.07209718739781 0.882621602441133   1.0299132768946  0.549378175873591   1.60349274189647   1.62958028908799  -0.38007012544228  0.572693050665412 -0.772816997091078 -0.517085388353107    1.3884354044413 79067
175457424831.408 140 1.16435617803464 1.84575673138417 0.636204251602747 0.675658970886097 0.735811608830791 0.802157730703846  0.89075331419525  1.04382684708747  1.11004113614559  2.16743203970086 0.899648658195085  1.12249341765465  1.15066184200967  0.99205451829867 0.957429376565194  1.06883393532603 0.905004976519928  1.09593718772352   1.11527706815471   2.36491929641751   2.66098256110082 -0.748553494605815  0.347118606746193   -1.1541762265572  -1.26283640677415   1.89534647290429 78508
129761667187.781 160 1.46424676469746 2.06536209957103 0.608470623081242 0.633210667859677 0.731610187812914 0.808061515463464 0.851807794750489  1.08696895487368  1.14104792553937  2.59556567279901 0.882234750614954  1.12210644066545  1.16799716530942 0.964274357701264 0.971496848025704  1.06150347052713 0.905943120863053  1.07239531056233   1.49695384129734    2.9068731728635   3.70709593381827  -1.05204403137111   1.33469630079948 -0.838902813701528  -1.73185822842784   2.24306830315338 73579
148000889464.858 180 1.61250579514398 2.09870274944724 0.584145396197826 0.603896112404807 0.734621410014623 0.783032328692812 0.852094439304399  1.06414545258544  1.17802918736012  2.57289949192669 0.855962682644257  1.10183127044234  1.15584779752471 0.962463785230591 0.965652568642037  1.06662441385526 0.875410526794243  1.04008610375644  1.79395214889244  3.52342395479043  3.87799469248496 -1.47570285206184  2.08561212973966 -1.11520624732859 -1.61071224980481  2.23787065730306 74448
119596387553.169 200 1.76977764169484 2.14842341249788  0.54249373554121 0.580830789545375 0.690855395142336 0.739134572422717 0.784550495496755  1.03582179606734  1.24963246556782  2.50400089895018 0.814501719876621  1.16784689783658  1.12368956935636 0.964417602394058 0.975645736522377  1.09270408628066 0.856457804867593  1.00728038496961  1.60789599508337    5.080267413507   3.5248119422815 -2.18081815171388  2.42191576894438 -2.05665105805082 -1.32566354465571  1.76509792197165 77875
135404406404 220 1.88097197814138 2.18813074598829 0.525713717243621 0.558012731509944 0.670220795989319 0.703894680613809 0.766464025909093  1.01272816954831  1.35997223344046  2.51707320313361 0.780209509091761  1.21767727159589  1.13604630889455 0.930778713981201 0.986557769909118  1.11980077854427 0.835664294881647  1.02857336189804  1.94027583749844  6.00107755854456  4.70853134080067 -1.42387767773823  2.82692096062384 -2.84580881336834 -1.50314406625794  2.80157150858014 68749
107320003253.63 240 2.08919783097849 2.35512929573923 0.489511719364578 0.517608559083322 0.626915702670466 0.688109548553915 0.777830872098098  1.05021577631188  1.36662851379797  2.71514234585429 0.745357987094315  1.32352250548225  1.15965670378595 0.918657426046734  1.05191507558694  1.20830493735849 0.821491541308397  1.00571323596582  1.96301695525829  7.29010158935816  5.88553674282776 -1.75008567512136  4.01988169499597  -4.0581877886565 -1.78060482569885  2.39889524219342 71854
112512942060.299 260 2.01883585215446 2.69011644484427 0.459453271115625 0.492347676634989 0.575618770503594 0.687287398055179 0.804748289719699  1.09212821566321  1.31231782360833  3.32493765653925 0.713346285679264  1.33691845963946   1.1668835002553 0.905189156463592  1.10837856694173  1.27442580337321 0.808458046810994  1.02148871469363  1.88396926186062   7.4865904826093  5.06933091020332 -2.24018863512153  4.24831495928214 -4.40736156334712 -1.85663058042685  1.65935575953902 68611
130470662170.892 280 1.91077044265876 2.84464338900588 0.421640734159622 0.494335102540846 0.572192428639849 0.652766737607191 0.785399379181838  1.13959174487059   1.5490649210913  3.41191513873237   0.6819209800467  1.34038170323268  1.19796467757918 0.917146711443299  1.09154308547122  1.25169662296037 0.785890195575281  1.02172062903402  1.57869150302004  7.76789880290642  5.53979486420313 -3.24716624453205  4.51979374327622 -3.53003883373415 -2.27712329663389  2.35093429460324 71849
116301444676.073 300 1.69961822107156 2.96610002247457 0.404487054053333  0.46423517267532 0.530361847227371 0.637154763024407 0.762827429347259   1.1500654709475  1.44995652763708  3.55857571418061 0.649222137261836  1.31791920147689  1.15227216539995 0.901877341187549  1.04416154216549  1.25464873025256 0.820770101933699  1.00808483985226  1.39154938616878  7.55566101339237  5.64593004634404  -2.5637446405105  4.12422045615873 -4.33906532780236 -1.33396914183713  1.61234092679116 69560
94718414205.8479 320 1.6041242190626 3.0150460145969 0.374879222441849 0.428916475015883 0.556500433212615 0.653422832473709 0.762824134130219  1.11057928562093  1.35886677335958  3.40784049761053 0.623653176319814  1.27087397481412    1.135410578224 0.886406657679914  1.04302362230544  1.26584391098918  0.82792242116041 0.973292393926111   1.35171811888005   7.65360516369095   6.31159939126153  -2.89670015175417   3.96220329967438  -4.73518767855519 -0.897304369299114   1.33860161627559 71726
125058111692 340 1.63639262039231 3.07076204376901 0.342877052333137 0.411444254959222 0.555400151856043 0.657663643650349 0.749960068348925  1.16147477792622  1.28994420845253  3.23318643379954 0.595085498035788   1.2275684829262  1.12914958238995 0.850843537056344  1.03897275425776  1.28786565187184 0.801019627636363  1.02417924769273  1.36791072288711  8.03184578365332  6.68723809692235 -2.97422040580654  3.08999821453555 -5.46220870175371 -0.89292480465412 0.626118871716127 69356
134544902055.263 360 1.80905011475322 3.15202393836707 0.309377892042653 0.392563558288476 0.517947566179035 0.628236217058481 0.759902052677476  1.09828677930189  1.50854024492899  3.07374822035555 0.589197263428332  1.27362877862974   1.1327066262172 0.868697376577058  1.08794966600252   1.3040115936344 0.785381053700118   1.0990710339811  1.95749970670411  9.21425963635017  7.24683484368692 -2.39672156183961   2.1344059713756 -6.73449763136037 -1.04688810902874 0.774177203530655 65509
132862089314.64 380 1.87226051721478 3.27371755128868 0.298923360523795 0.430836217118806 0.481599613343187  0.63988403406604 0.754715924895261  1.30314030679663  1.60307551427951  3.20362939244562 0.564728550386556  1.25419068343023  1.16447415284434 0.833143342915959   1.0887615685828  1.28439465493382 0.780340410198774  1.11353254716138  1.52566885618761  9.34092227868937  8.48408451817677 -2.06629601483287  1.68767412825039 -6.13666284092915 -1.59696657415424   2.0787607538552 70021
108137527660.166 400 1.72048594513638 3.35128707205297 0.283858355933038 0.399501260171392 0.462374603599307 0.583403156879468 0.741867687721299  1.36685915226121  1.60008485523251  3.18804868893674 0.540081542432505  1.26577415854612  1.17287688257877 0.804166327378852   1.0611133247478  1.23368717180713 0.765306353244683  1.07985704510098  1.60734400128497  10.2913063549855  8.77146979490387 -2.36183345371049  2.74153900355166 -5.93067513791193 -1.47851350609311   2.2030043864183 67541
109992647928.323 420 1.65660377702942 3.43865752649523 0.263531207887857 0.393744639898122 0.466449675615399 0.561308469745306 0.702221406884475   1.3053245577865  1.50725723189237  3.11608934499676 0.51371682011164 1.31019065237707 1.17911249119673 0.78169911920514 1.03673066096075 1.22269277498998 0.75540833702018 1.05643896324825    1.706830010471  11.4088880097942  9.05878429472341 -2.27290332028863    2.343824654725 -6.79880945854334 -1.15747621155525  1.72442812897144 64826
100336041087.105 440 1.51206277500839 3.68789330752026 0.240752175656365 0.386540120704601 0.434879923555035 0.521444009636772 0.686753694401357  1.25292182181806  1.44070197566846   3.2743636993609 0.489657002066511  1.33557268365481  1.19224801335111 0.801386587757313  1.01175351820514   1.2001273181366 0.722753976740961  1.01908802482542   1.6872365662451  11.7618873145382  9.62036590023271  -2.4114926992213  2.17688566131462 -6.93065469047958  -1.0874641423417   1.7698931714545 72617
131042515318.617 460 1.57453761683549 3.91440171925064 0.218435148714153 0.378248938308976 0.428836182297479 0.544210641024436 0.662971832227838  1.16611430798247  1.36626010277119  3.34698148262381 0.468261956100482  1.39547380207836  1.22029679210052  0.79990451581572  1.02266380724472  1.20451889032337 0.775412622224776 0.994947337777697    1.74995700008514    9.50311782049798    7.65826725504405   -1.92992925127558    3.42085406321916   -5.42489590802725 -0.0922382900963642    1.64823356604075 70082
110885891409.584 480 1.70234728727987 4.31687724846665 0.200699016210626 0.356365436089169 0.420799523392908 0.548382335068192 0.693357775032499  1.14132103340007  1.28244242455493  3.74011230275342 0.451226713026136  1.44502793420687  1.31567448406512  0.78237407686038  1.03145422021323  1.18124362930431 0.787308685554555  1.00289070907943  1.49711801636372  7.91753040482556  5.77204143823073 -1.53073815324095  3.51374696434722 -4.93952687630521 0.254573053756336 0.842902595448896 67919
116183016849.912 500 1.68642150387399 4.71841509135058 0.186147035359578 0.337345179178783 0.400903004675599 0.535960555990304 0.672055326990824  1.17008740210854  1.27292684365519  4.14427353426608 0.439813072197416  1.48495784923097  1.36666321311386 0.773272540824554  1.06782485484397  1.19865166508947 0.765073171826022 0.964945430680358   1.6139816133371  8.11101758971151  5.70813507230726 -2.03323983510461  4.60663025465445 -5.41202088063005 -0.10785620020634 0.934573809668983 66453
118671130230.18 520 1.63664711275919 5.01542624953388 0.173844799399329 0.340142811821486 0.379463204061449 0.523630762383512 0.658525374719197  1.15616775743167  1.35297269316318  4.37297908724367 0.423774477700548  1.50043752732049  1.32242979097829 0.754374942264151  1.04409699478089  1.19814864797618 0.768043983968785 0.950584502854961    1.585985321765  7.10844197708188  5.81690165430283 -2.29271740595838  4.73946755072097 -4.33217390650661 0.597006891422194 0.562658070573072 68859
101145200977.069 540 1.43743753692795 5.1919237267673 0.162217779207423 0.328417511723054 0.353502189584314 0.528732985052777 0.649757443021125  1.07627639939899  1.29634242098128  4.37275413349226 0.402965826125622  1.52854463360735  1.32466692560055  0.72171006120567  1.03763141516259  1.20804271111608 0.782049570567601 0.923781212391265   1.5331440447033  6.86378166449436  5.70019090205374 -2.05293779674614  4.26162344532737 -3.81324612140545 0.639527281824173 0.963862338982527 69759
102892542635.646 560 1.222287664163 5.60651960287963 0.146576663853825 0.315098709061929 0.339939105844569 0.504650525701495 0.610476411071169  1.01349312893407  1.23786951942371  4.60735337109472 0.386224108857672  1.47168831682142  1.27873864723289  0.69387228263069  1.01011323879221  1.16413141570019 0.752294343095913 0.898277597838481  1.66757131600201  6.76573373820362  6.00007749514851 -1.93025577407152  3.84827635917917 -4.06617954086144 0.227008981993834  1.06537152086057 64766
99195312900.1183 580 1.13961760781526 5.57644231796072  0.13612406661262 0.304496274499983 0.334845104034903 0.475153071963573 0.571481773524934 0.947163978772027   1.1777722196758  4.23301047721388  0.37287199734823  1.43643504668623  1.23331145466751 0.670293426384363  1.00264042346646  1.17033042883701 0.736781956927895 0.929309197871675     1.58809160824765     6.64749252247392     6.08175138288379    -1.71044417281732     3.80975212191047    -3.71632931589619 -0.00641083379434399     1.91338970465885 63165
117218124217.594 600 1.11037284004405 5.63850950037881 0.127614436787999 0.283808135369123 0.319444869455351 0.446003934367425 0.580053549109934  0.93175669782157  1.20825342584968  4.05721891139626 0.359104888766663  1.38429293719561  1.19384813554964 0.657869791022036  1.01323287558136  1.13397946166162 0.716293353036933 0.930158325095509   1.73298662058595   7.26723793739727   5.84853936883998   -1.7697213722703   3.70539805945576  -4.37030298180137 -0.109314195213541   2.36395116431268 67315
108483522019.683 620 0.993234692964269 5.69092249612195 0.115651250223031 0.279361850581586 0.300694734266399 0.435399903282819 0.631713527388924  0.89143530151609  1.19430303125184  3.74555064826844 0.346899114734609  1.33112975737369  1.15543670623283 0.646452265256028  1.02365579310239  1.11390828422029 0.694929962182665  0.90865270324373   1.64520322890897   7.38707119164262   6.21049047272609  -1.74109809101938    3.0343803252559  -4.49682908561077 -0.114040106383312   2.21113851700714 66329
101909801664.721 640 0.900113479591297 5.68919453767314 0.107938894051071 0.267988547595945 0.282314970606907 0.442313513047642 0.598851067515282 0.886182505514691  1.16317956525757  3.49365111240312 0.333624367873513  1.31340310784526  1.11659070704671 0.624677111120884   1.0377492416203  1.16131653570452 0.688090101903958 0.932120197217543    1.59801131993317    6.88174197266032    5.95807777473369   -1.56175620095937    2.91660256131538   -3.78011595084585 -0.0160340200933726     2.2115405239466 65609
99952915121.4992 660 0.832692864515005 5.94971712991159 0.0990215219302484  0.259176225235419  0.289843413409408  0.406025374072291   0.63322588561846   0.82645430182003   1.22220203929385   3.50527611636159 0.336180234699709  1.28274684985385   1.1266497119419 0.611149383599813  1.04880275309856  1.15075491640158 0.659264521967297 0.915974173242408   1.77418621166738   7.47728363086624   6.26588310054673  -1.43244734825333   2.61559556264947  -4.61638800210962 -0.110234860551016   2.42302098015613 64615
102390397330.88 680 0.809869712162759 5.99889820858325 0.0956929678478107  0.250261848515908  0.270741455731356  0.388688789601467  0.671287997786554  0.802045613575058   1.17676183454949   3.44368175439971 0.337430934507738  1.26072816235367  1.11046291083622 0.620274781416633  1.02414827963611  1.13521416716764 0.659403076097205  0.93096328823069   1.91338467604358   7.68531014576152    6.3985402221337  -1.21888678261627   2.77356539028439   -4.4832225086554 0.0535051645510279   2.68621528183484 66952
108559364511.706 700 0.752903109992315 6.01517554589039 0.0895106151950088  0.232524251562015  0.266067908884795  0.424585943406021   0.66584873923361  0.835952608974016   1.20706648283617   3.23870323044658 0.341351482872114  1.28738202978389  1.08306575439214 0.612946024196286  1.00799698556419  1.18026251584135 0.643826992395746 0.904980825057779  1.85243665526545  7.00000148730816  6.06087447153518 -1.11251990748184  2.70238780091917 -3.79756414024076 0.150232080410392  2.40864911811079 64093
103990364003.403 720 0.766571141824879 6.07706911075753 0.0912895332359869  0.214877759784315  0.253110168853004  0.407438638702089  0.622933156142725  0.841435734556785   1.16271094822651   3.37139266194939 0.333289258294181  1.35893525442964  1.12634435492651 0.605120522995736  1.00708690995565  1.23450684787165 0.642976298722183 0.908954074756794    1.81131118045568    6.23603703857629    5.51423851267117   -1.06325250976579    2.46076622959984   -3.39782182241665 -0.0954406474161344    2.36638177636024 65461
92240696816.6122 740 0.702881343251689 6.56980648568905 0.0879240741617252  0.203868685788221  0.241133107928806   0.38787685144077   0.67181109625183  0.799046959686299   1.18378536510476   3.79501030067053 0.331315981375379    1.347729616917  1.09533944821078 0.599641989705401 0.974951234236722  1.24995183463114 0.616379714691225  0.92906532146984    1.70724064060155    6.55269199985778    5.76942398235815   -1.38238337921048    2.59478852289032   -3.90825773642671 -0.0803197190502912    1.96377841460985 65921
95696341717.3422 760 0.614550685957358 6.62297236271002 0.0849399216848088  0.201522534743925  0.236795132385871  0.374836655433359  0.615136880826376  0.794032598525918   1.20843193414267   3.72578458698976 0.327024208803616  1.33527590871786  1.08284359166537 0.589062331155446 0.947639892054362  1.23340360390358 0.614856799437152 0.912167188507246    1.66448086141602    6.80650477836144    5.72658244898426   -1.50801739798792    2.75964636979302   -3.84756081675976 -0.0578476246294664    2.05648976050287 78846
92752936174.2091 780 0.560835120427727 6.73655577902138 0.0812710591248502  0.192150471111517  0.232759853062204  0.368525807586026  0.566202303840913  0.767350054043381   1.14241852068366   3.68817686882887 0.317604763046749   1.3342161239234  1.06778516105988 0.589989589686528 0.954307408616768  1.23594455139725 0.606009405532412 0.896920045200066    1.6624257773405    6.6514493728094   5.74807703171456  -1.23332031957876   2.39323054464946  -3.66435981695731 0.0454576438692279   2.05421372854508 70652
104410957797.176 800 0.512730292955088 6.94014639602881 0.0765087278618641  0.180330637747309  0.230232176459126   0.37487643098322  0.550041538557718  0.752672319050452   1.12947978679693   3.68509123085353 0.314651171604799  1.31776793951217  1.04962992858878 0.581583849892935 0.976298158691494  1.20932634492758 0.590462313016993 0.899781514078903  1.72401750104954  6.52741181319096  5.55030306885253 -1.14763119356363  2.77087857392154 -3.65532542074287  0.19349364777856  2.21384421426967 65771
78568398574.8686 820 0.552268844790529 6.96510793845744 0.0730127448064635  0.171089552273645  0.214185186534615  0.369007211008517   0.52712907921327  0.779573060281899   1.17331697617195   3.54204747272543 0.316675909722629  1.35605925738319  1.05851419841439 0.615472700414838  1.00225779114816  1.17915517662291 0.573316199422835 0.881287757293168   1.63353860586697   5.94689084202852   5.35218530524564 -0.865606221584021   2.37212392031285  -3.52111650392378  0.135495260059685   2.04966007186888 64247
99822221751.9806 840 0.557909332489348 7.18390199566119 0.0687316781192743  0.160277407623984  0.204107989380796  0.366570168948233  0.589643124954569  0.805348672007964   1.19691221150064    3.5471352281479 0.310466506053334  1.35362344692757  1.06871744610721 0.605174710872092 0.996672327767121  1.14932756214749 0.573279076357947 0.872860966758197   1.71616552592672   6.45460580682505   5.26420484872281 -0.880194651885817   2.69254730245165  -3.83577515132743  0.203837089743507     2.395864452234 65340
95058943669.4676 860 0.496808436348371 7.10236427386856 0.0690504087633087  0.150414214231094  0.201233700236508  0.343274750373512  0.614250394214129  0.759675594649695   1.22087527637643   3.48314969962989 0.303521100511325  1.29925593706497  1.08242478837507 0.582190137653107 0.993641207357459  1.11642306321978 0.584276006274709 0.866566073175525    1.7131940690876    6.6234458957834    5.5505954754564 -0.906604475132569   2.40127705521809  -4.03233792469011 0.0640099337288479   2.38970479458405 66748
94205979331.4462 880 0.459794471288434 7.03155826636371 0.0660960196177354   0.14633739019829  0.189823988622517  0.319360872648186  0.615313987513418  0.744501165601975   1.26741186986603   3.26797304899039 0.296870636041648   1.2479666871292  1.06732968706007 0.564521017593619  1.00469620633895  1.11394574111467 0.592141952034273 0.840890588834363   1.70512653309201   6.67628322478419   5.30688275892781 -0.881358079830189   2.74373086735291  -3.94156849329951  0.204239984290979   2.34054820180086 72642
98351805870.8348 900 0.403384172726431 6.83600465833163 0.0659658276767816  0.140410506029843  0.187219708946992   0.31274488350528  0.588296373588747  0.711898675744635   1.32226591235143   3.08264643399751 0.300967607067805  1.23441779054374  1.04073457035807 0.550616720541878 0.957681468291992   1.1154129572916 0.587579800277414 0.830566456877505  1.67719677031859  6.88177055625587  5.55840222112623 -1.00685426651271  2.61428992056337 -4.18024718225117 0.122374962396393  2.35821458605798 65663
105154721862.022 920 0.42183683505798 6.85495814514975 0.0655487570829718  0.137693830396398   0.17781424178378  0.296129203656414  0.556284059691784   0.67676404618985   1.20666671410389   3.08016566907661 0.296877894197322  1.24227791584504  1.08944563573573 0.579182734106561  0.96232730010975   1.1403756776165 0.602819001831284  0.81002976317113   1.63063187274463   7.06911869632859   5.86076400231627   -1.1645425840543   2.51162984835255  -4.42765198426791 0.0547320413551914   2.39439770479032 66790
102136655629.511 940 0.3586881099932 7.11943223611419 0.0649768592421892  0.145754115242869  0.171049826522523  0.293580836784218  0.519786863668618  0.630413607904432   1.28080513348075   3.29343757895225  0.29409637755017  1.28179202235849  1.06779996244637 0.565004545756075 0.956567846310944   1.1622228401923 0.588392546848601 0.817462970275751    1.66043699617135    6.83394135500682    5.59340479814893   -1.11940164708083    2.52473392049009   -4.15842909392833 0.00780587765912733    2.34300036274516 67468
99174313350.0416 960 0.356133638365826 7.43298874474629 0.0620947496451641  0.153284418926888  0.158209588158591  0.281366741129125  0.519034080702914  0.620795223923799   1.24366823597343   3.43069279775525 0.295236860315441  1.31692159190797  1.12648128171085 0.567062324360476 0.937146590957028  1.18058441933803 0.570815067839945 0.837649908836726    1.65105063938029     6.4314433095151    5.34049472504722   -1.00706148288175     2.4496116027314   -3.83265143197949 -0.0162542558883216    2.13825180236476 64095
104259191578.872 980 0.370071334296033 7.77316920739745 0.0613100897886856  0.150721618504445  0.168235480782606  0.267083434114479   0.55388827452665  0.590518276984637   1.21523235573191   3.70448802581635 0.291279569535163  1.42573660307645  1.17396091569189 0.569206985610774 0.919328563282118  1.21376643869068 0.562516780970737 0.828869397672043   1.59560629397273    6.0140108109078   5.08420830786532 -0.913861043368925    2.3842261986119  -3.56160615273109 0.0565384517478655   2.02580677897793 67634
100847705273.028 1000 0.383890169087836 8.66004899997848 0.0573808330820231   0.14178625022264  0.161260458794728  0.250313563938387  0.523808241018334  0.536690752688648    1.1669942519372   4.30335870356798 0.280278488387812  1.40965131456528  1.16161635066196 0.589282103386833  0.99044896191507  1.19690315079243 0.566630032735617  0.81570117528558    1.63194466305865    6.02253798607628    5.13750265691943  -0.787822174700436    2.08229067001589   -3.57103022669331 -0.0471622499928924    2.13840796933213 72347
95489116709.3521 1020 0.394496806361312 8.83770341046424 0.0540204411997056  0.131393796064043  0.153621317969925  0.238777112139351    0.5014228792394  0.537155178377442   1.32662573332464   4.21926664478701 0.276979516623423  1.39386817932955  1.15361579362063 0.595651817799929 0.995366764845294  1.19613461688163 0.591246483213869 0.821100711140455   1.64600544828378   6.08220860834665   5.23620266731664 -0.840624986971052    1.9748961817718  -3.57636771418156  -0.23735877707832   2.31627548158794 74494
95260960501.6968 1040 0.340830561544753 9.06393270697952 0.0504552562951758  0.130030597693862  0.154021794802667  0.241564923116163  0.493546910809981    0.5679205810452   1.36780304719781   4.14514533036415 0.266830078707278  1.38901515997616  1.16267976124873 0.597733624420442   1.0034518713527  1.19322981409478 0.641604450655835 0.838431478603642     1.6726639609064    6.06917864135494    5.15657578780385  -0.847056224777736    2.27492599447782   -3.60153966439514 -0.0931564046078342    2.16690410485153 72903
82292487512.1683 1060 0.304686574009296 9.39047735892269 0.0481508911801558  0.124881852366363  0.154184085601588  0.245319936775834   0.46701793521978  0.528883778223069   1.44057243560605   4.24599686633465 0.265525897624241  1.43724468876432  1.23769292464726  0.61934611426434 0.969846735907764  1.20294874469163 0.620774956368907 0.813266197511618   1.69661020438992   6.32371725220584   5.39082912947019 -0.933760993212792   2.28702259038899  -3.74929295779961 -0.113758312775085   2.19449880761786 68152
86033341969.1582 1080 0.274865961345342 9.75952774610269 0.0483462300121241  0.116024672848334  0.143219332133489  0.236361592032543  0.475708227100733  0.514828761550455   1.34671251887663   4.60490017608827 0.257282222487911  1.39511551816131  1.26211645567687 0.599533879133424 0.993536948984366  1.16673218050523 0.649125219626681 0.798136488057193   1.66065691530546   6.33198209855749    5.5398550961253 -0.959429835134669   2.17038722072639  -3.79015872116054 -0.215210247656553   2.21646520614679 64250
88135275058.7254 1100 0.253674154902102 9.88482994387399 0.0454321077005147  0.111406276014243  0.139333521435077  0.228672094863785   0.45131528460418  0.509493761378189   1.44686725919751   4.43916502009573 0.248320852509816  1.35043052067732  1.23971760466002 0.594619130338352 0.996673816083167  1.13080809003418 0.655485114629281 0.772991821532963   1.65759905215697   6.28243122428219   5.38418576549008 -0.945555826260958   2.18881943986581  -3.70699572426291 -0.262734623438234   2.19344101616108 63464
100652711921.354 1120 0.237540076529245 9.93716679557181 0.0421865933344063  0.103061034029515  0.145310582500205  0.227741815022577  0.429072940874219  0.492929314857813   1.46894641989014   4.16581150973739 0.256317955670772  1.33693515628882   1.2189722079445  0.60382756262755  1.00055171930603  1.11942832370211 0.665290582080912 0.756979616184109   1.62410620082572   6.26900545148123   5.45248733663823 -0.931940926967209   2.13146695135043  -3.74537965337456 -0.301877203440268   2.25415257027807 66714
101422851774.03 1140 0.246355519287603 9.3427664595928 0.0473338839025613  0.103508753828143  0.142132854111938  0.222332775832992  0.402383484359442   0.45599294433931   1.46811777214379   4.13164621996848 0.252390221042982  1.29030775547306  1.17318310389301 0.579571307260669 0.969043641601251  1.10671438031796 0.650646310538003 0.785639594510755   1.63567551049247   6.27518965666462    5.5220484827545 -0.932615548403911   2.12629982448203  -3.60427542778066 -0.353071760911632   2.38108375322171 69319
103171927606.423 1160 0.23162552207469 9.13662455761062 0.0455784966676737 0.0976625279572063   0.13438649035154  0.206806537231289  0.439915682552913  0.488462448088749   1.42767916734988   3.80479756558282 0.240860636134074  1.26797553913767  1.15735456397398  0.56960878458806 0.934330662457107  1.08943312617248 0.632585589839392 0.776869602527467   1.64241768632238    6.1372145905562   5.36024421752891 -0.871957550428958   2.10148835754696  -3.53147581341833 -0.303046572206555    2.3965008823831 69035
96076512784.7773 1180 0.232656812301608 9.21670752087548 0.0430779499123132 0.0951564898793511  0.129784027829129   0.19189796867424  0.432765282626111  0.502905884409429   1.33826853664033    3.6593726591639 0.237733905633386  1.28238758363229  1.16416979992911 0.549247478153119 0.943749987183662  1.09715601798596  0.67100168129967 0.798328488081515   1.61708325991811   6.05069516268873   5.26437173846141 -0.857033199246518   2.13474227057497  -3.47351588379538 -0.371569898699682   2.30649868872209 71573
104743313315.849 1200 0.221341512306684 9.52296422997212 0.0414546178440329  0.101607263745827  0.126344503847447  0.206235952049732  0.414889017010627  0.492535303980294   1.39753116275652    3.7593886159335 0.229870670299798  1.22762394522543  1.13979448058878  0.53202016821534 0.927023917351871  1.04715030750501 0.648676024315849 0.799923673422374   1.63899381820086   6.14442129019852   5.23916886844562 -0.875439460976423   2.14343005982613   -3.5059953633063 -0.351583478382127   2.43927518276953 64376
109109089181.781 1220 0.236164444732841 9.43504462157705 0.0387523656557928 0.0970614237132188   0.11978375115206  0.210406865958984  0.383855827109065  0.514090078835227   1.34494507105384   3.44973818751926 0.240491723024136  1.17748496362441  1.09837362874296 0.519973687389614 0.905959846835383  1.00525464656919 0.664495608691104  0.79667280576272   1.68094306804778   6.19679121137234   5.23393173386938 -0.925146125919071   2.21444444850997  -3.55086134547382 -0.256060633298333   2.52699573374298 72487
95856462134.445 1240 0.216047663858408 8.86197465391015 0.0400673394630288 0.0962080625250769  0.122968126802664  0.229434548973066  0.355375097529741  0.542804656127795   1.29511639471481    3.1466722681026 0.230635577142525  1.14731920963694  1.07231924938896   0.5137345255897 0.876891805659259 0.978601274697933 0.647162137112933 0.845848181371552   1.67076233315991   6.12198773246765   5.15601924844196 -0.874413167701355    2.1437911500318  -3.54436787975094 -0.297301158458136   2.34955936283158 75039
93518571808.2615 1260 0.182276221079214 8.82267248943985 0.0381468712016501 0.0909072693660097  0.126799795575025  0.221641690765925  0.374421673552855  0.609498317906118   1.21345264383795   2.96933528274815 0.228759237609457  1.10260762887016  1.04896612305112 0.492258622021295  0.87334876008326 0.949928835437661 0.627817408656226 0.814478468898878   1.64119637741037   6.12274440423594   5.25177024238014  -0.86506079804098   2.12132958366593  -3.53131254803362 -0.313331485118181   2.31571241537964 74607
93536815471.813 1280 0.160564223407243 8.46223987989495 0.0386376239732101 0.0850764630301335  0.115369564697511  0.216609725063905  0.371475719200958  0.581625762578394   1.15773963565149   2.76682108014854 0.235177865205955  1.10062034347115  1.02965514714617 0.479464675755754 0.872390665742863 0.935395364955479 0.620081951705376 0.807885501385935   1.66286257642254   6.20266510768179   5.26146363057576 -0.876791335224773   2.13835975251453  -3.57512113405775 -0.354334295256885   2.36334857794923 70195
94751144310.2038 1300 0.150473363157528 8.50445756708708 0.0378701376950398  0.080933390079106   0.11590223945084  0.204439283193176  0.337679026595429  0.571891572039822   1.14225684117797   2.73898794849198  0.24167007253654  1.10215131776824  1.00789825804509 0.461751426433903 0.846540105347847 0.964465437689157 0.596962193426163 0.830567380969017   1.68042540136903   6.26646028498228   5.29759771512592 -0.875417564080227   2.13094481580412  -3.68003683441838 -0.331110906740056   2.38756713645462 69136
103779830761.094 1320 0.161863111420474 8.56266751300137 0.0371994436095299  0.080504617405187  0.105338350150234  0.193936495639117  0.350768316089762  0.605489694485642   1.09457184383635   2.72743623355553 0.236735317864866   1.1039150810689 0.991676305591043 0.458184268049432 0.826977128213411 0.947681762307834 0.601469848371479 0.840435746091621   1.66644193730384   6.15032155690521   5.34812890431759 -0.839430757215032     2.105531437894  -3.59406941082666 -0.385094690817924   2.28531474474234 74718
89208833232.2838 1340 0.165679467571904 8.62086177012944 0.0349528893003797 0.0849713598521984  0.102199539488038  0.186850926938618  0.342938219266461   0.62654808951656   1.14198314027478   2.59767278586517 0.239982153699023  1.07837392400619 0.983399166876162  0.44586991716809 0.807315843646368 0.918995979450402 0.579285046261714 0.834228977695796   1.68831804477073   6.11633456972156   5.34482894517472 -0.834228071607546    2.0582065639714  -3.59085746768136 -0.341888996327644   2.29036659728348 67984
86961035470.7168 1360 0.173566853940122 8.26525078044259 0.0362672012944388 0.0835861406981837 0.0995294142811822  0.191917785733402  0.323710339715509  0.605935539604219   1.09565984598355    2.4775710249065 0.241237338872242  1.17448880662242 0.955072327683845 0.436774505119354 0.789886153872921 0.961960711925081 0.557009548377947 0.864475304128138   1.67408973511668   5.94677736867158   5.25613522204463 -0.809244789836394   2.02733243991715  -3.44757290012104  -0.33739630588206    2.2227880010391 70116
105632552591.502 1380 0.193453398962535 8.83182546024596 0.0362272918325942 0.0768176609827357 0.0943394597014712  0.176742995646962   0.29483680350377  0.594830194014051   1.04785576325259   2.82577009684225 0.235787603535129  1.23793079138811  0.92026326213966 0.433299404536332 0.863058922918681 0.969005154729756 0.549262602273932 0.851205978420644   1.68349678456538   5.85528981138123   5.28913493885585 -0.781980041546389    1.9034827734548   -3.4217368517348  -0.36374973052265   2.22498056490352 72001
103873643233.953 1400 0.196189141540997 9.03189501514034 0.0359501422001965 0.0749913696082571 0.0935977439864173  0.170449597731611  0.288173476083212  0.593601968659616   1.14338226792841   2.93263743594355 0.244150656747986  1.25538355453022  0.90826155052614 0.434381681051554 0.880933930805834 0.954822016175814 0.554638732654422  0.84945809198085   1.70604556004617   5.84251329138022   5.19367385376533 -0.782590290485716    2.0182310679037  -3.42580302293398 -0.336052688359712   2.19941812452145 73595
100161475605.76 1420 0.19269334351778 8.65561309109815  0.039669498814992 0.0744201088921731 0.0889587777414185  0.166546537499328  0.265398366062456  0.586232963715735   1.17290600508004   2.97202449017791 0.243305018464196  1.22036073528534  0.89606779000193 0.427678182176048 0.854216691188886 0.924060334021701 0.534727042247457 0.816885193532778   1.72041646754051   5.83986653678053   5.16647955333889 -0.775427933038485   2.03560965190889  -3.46938833558705 -0.318814614624904   2.18862065388797 70759
99381463078.447 1440 0.160943630733334 8.29668916594808 0.0405652305342483  0.076911345713671 0.0837921793929539  0.158925468217669  0.292975762618329  0.538514577309013   1.08713757240837   2.79230971737191 0.240817540775314  1.19279982874889 0.880393920720326 0.414117642560087 0.835343208353301 0.916915963625963 0.521150747185407 0.812814350517127   1.71921541479844   5.92381924971524   5.21090901025675 -0.789615521495628   2.03699274718327  -3.49448631035374 -0.307958230884289   2.26552861820119 70795
97758794604.8153 1460 0.146143217933478 8.36324398311042 0.0380991349900498 0.0721698965694361 0.0806652137753508  0.150492203671971  0.279041079034054  0.558601204151526   1.05428091466429    2.6648001798652 0.238475681369656  1.23511051168448 0.890927259925185 0.407965872958417 0.814419702503408 0.939187110780739 0.505268201477432 0.793113797426321   1.72013180011676   6.05610680331652   5.26283317337906 -0.810762308872381   2.04342917150376  -3.56155199725141 -0.340687530762224   2.30552741737065 73738
85784409922.0505 1480 0.127916582530821 8.83882328819136 0.0357877538741619 0.0662857499609708 0.0870766721796218  0.139879521393661  0.272054262643319  0.548088174307548   1.02715034947522   2.79591101079488  0.23096119748712  1.21113866095222 0.863546895604234 0.395576222096097 0.783531719946675 0.921496950124751 0.492184849490449 0.776986268329513   1.70406577551895   5.98257276328517   5.21942002454918   -0.8178173972441   2.02256306482179  -3.51531890067407 -0.348800344676756   2.26643430123058 72499
99996973129.6138 1500 0.121977701040856 8.96489784765357 0.0332236520751656 0.0639371980578226 0.0868488659680606  0.133687205915993  0.246889591775398  0.548063696533602  0.948610916919244   2.67016476444043 0.230868922439739  1.27446619729039 0.895165990043459 0.405588979102298 0.772872738737591 0.965198184575659 0.493934364277926 0.763728022525392   1.69583804582232   6.04061695796859   5.30035020948172  -0.82822708981376   1.98361017497885  -3.59014433157627 -0.385291133625449    2.2670124785526 73103
94011803564.5657 1520 0.121841890564373 9.83349278285433 0.0312489706010254 0.0597226020118615 0.0827995542803368  0.132907060627518  0.229401207289818  0.513142285921443  0.928659046437644   3.02169984431149 0.237882975310575  1.23427670792899 0.888672322231214 0.406899560960949 0.788645490492458 0.934374285930538 0.509174638962486 0.755574092817758   1.70142254366786   6.01916945937066   5.31208293678374 -0.826784018811181   1.93246583835378  -3.55986870478362 -0.417083117693216   2.24913842863493 71188
102493900943.02 1540 0.11986330822795 8.52223798815402 0.0394081488263138 0.0571671921040913 0.0819408209802529  0.135915223568378  0.221679290584229  0.488433637189601  0.973800449784128   2.86215632623393 0.235894626392382  1.27007612426173 0.880786605952145 0.422245279417125 0.824673252244475   0.9496868891747 0.523240687707174 0.744423067113066   1.69467534887924   6.03755395795025   5.26583006159718 -0.844133382653459   1.96686211478697  -3.56730294281597 -0.402390376043357   2.22766361470498 71355
82147476045.469 1560 0.125613737485631 8.81014501677756 0.0380942789338702 0.0555374594085649 0.0759937637532136  0.148303852915308  0.207068523998349  0.478540267286887   1.07238858936417   2.95682670229498 0.227142211333847  1.24643287411322 0.864875514465434 0.419827764973042 0.811035080286056 0.933332881507727 0.507520282622326 0.734755497136641   1.69743838474744   6.05273994143697   5.23337198296958 -0.849032939522882   2.01491208984781  -3.53404387889985  -0.39305347699871   2.21261581250958 69606
100314091213.592 1580 0.150171328232606 8.888237535655 0.0360348629582894 0.0549892918631928 0.0754397114892547  0.150060405399567  0.193047038253654  0.456215622505181   1.04321542206329   2.84678179407513  0.22387792391527  1.29862103772463 0.860847125238241 0.417004617802798  0.80252226829183 0.945343549291697  0.52075254056608 0.731705471719908   1.70362658827658   6.16750578745237   5.21056151475808 -0.851741112476752     2.060828347284  -3.60020279552288 -0.342850272917168   2.19305776704945 68791
83935225163.6005 1600 0.169635810565968 9.39542561774588 0.0334769798435963 0.0555422479076611  0.087621028163045   0.15099693589691  0.196847790452539  0.454468600635765   1.06167981574271   2.95514767323773 0.223640540277772  1.28378758064794 0.822312526454729 0.419616277798909 0.825406118148046 0.909002442189738 0.525379134155423 0.709494275362544   1.68497336496098    6.1938491733161   5.21971359482424 -0.879078951746676   2.14078253486131  -3.59223214578558 -0.305063242781099   2.17046773629465 71662
