nan 0 0.72 1 0 0 0 0 0 0 0 0 1 1 1 1 1 1 1 1 0 0 0 0 0 0 0 0 0
624394.070971043 20 0.724990436165285 1 1 1 1 1 1 1 1 1  1.00854199714999  1.06001678411756  1.01717050479621  1.01269265819842 0.999923841999356 0.996710816803936 0.978469717245055 0.988041909896232   0.243538615703269   -0.74397351015706   0.309536568798739  -0.469545248715979   0.148592066775579   0.050546775556478   0.137543732085572 -0.0887364015727489 293
637375.070321196 40 0.772915126791932 1.22413552706621 0.900916020407705  0.91059935069993 0.921378216529713 0.941658502713486 0.948406320191876 0.996010093898462  1.15888656591255  1.35002967347859 0.992408101342562  1.15909798842107  1.01658865970438  1.03461198615571 0.991002038636913  1.00783410057873 0.980139196281395 0.975324635359941   0.552983177294913   -1.16442620244716   0.447342918473142  -0.130339376604166 -0.0895534563709051   0.498844414362687   0.411669506282393 0.00789054488943644 288
637719.375621896 60 0.879562396811723 1.3956863199164 0.848771306912149 0.849273655220911 0.874068253501001 0.953326046900453 0.994348907385628  1.05814744194793  1.11071060546473  1.65335583727492 0.957411798013177  1.20882237665077  1.19867755084617  1.02772012481906 0.955444153216704 0.982309433858291 0.973167834667073 0.970918999167702  0.410449753156398  -1.35930149313427   1.51589800584974 0.0724442454577629 0.0489517525720106  0.216719229410013   0.43223798239022  0.277003554690039 293
634528.330995339 80 0.807953977533614 1.58211083829632  0.77404562373945 0.794501078694218 0.852196233351995 0.901448972591373 0.995023992210745  1.05308852389603  1.33067166075083  1.93749402103087 0.925295944057619  1.20563098348943  1.21179308219387   1.0896064614728 0.920893524003879 0.997902938784447 0.939387220246049 0.959503481938069  0.377307194781681 -0.980899366830098  0.763722171562279 -0.107685176619118 0.0562097987628892  0.603654260296775  0.163062692870803  0.697108375756167 294
656524.418649354 100 0.758358154005652 1.69830168641807 0.720933639767003 0.758304603952019 0.818599874732936 0.882111401910743 0.939053017838494  1.06042672059801  1.35358711221581  2.07933743556012 0.899091161696524  1.20305042463946  1.23283544359028  1.05875227100516 0.900586135026645 0.991148044704143 0.961097348189317 0.964855004945901  0.256619567450017  -1.35824640720513  0.810186604577408 -0.274232781244003  0.185122416851342  0.746415557924333 -0.219781671950339  0.561477633907072 288
654450.257215124 120 0.816669671908819 1.76266410726247 0.686146679686661 0.749689115274389 0.805394612034423 0.826069497911838 0.894582707583482  1.03067878363465  1.42020930035846  2.13184727350186 0.900632263359534  1.16589342467998  1.23685748566679  1.29802742066033 0.876794548886124 0.969219633863053 0.957940937051191 0.952888914431204   0.539537485661533    -1.4295639671225    1.07771033440199    -1.3981351634375    0.32491621009226    0.56455195936245 -0.0177175874279431   0.417553207741475 310
656884.553094268 140 0.757728157282782 1.89189160833088 0.645017889679998 0.729377941215066 0.779929906837489   0.8099767480204 0.897573675834539  1.20888172732977  1.53950041907629  2.30868276990511  0.92290600262213  1.13400035885212  1.19961350807521  1.28680417884985 0.904334173633473 0.952351991299997 0.943718673511548 0.925806192716882 0.445116470165102  -1.2914772397978 0.889327411762533 -1.05094173909321 0.686983670073443 0.433985683283184 0.334342630896161 0.500277354362907 299
634336.10173154 160 0.876527914770842 1.93885903850824 0.600068840211701 0.688525053318661 0.791153736919784 0.833678895126259 0.931566339994172   1.1562813415149   1.4481289089883   2.2557634050826 0.911247943929973  1.17805368299393  1.18683396142692  1.39655190271871 0.911310627528188 0.930226581964211  1.04402426554866 0.922357060783074  0.61658700049759 -1.92257756509354 0.554468854748055 -1.53810737497078  1.07262510393593 0.403836134837632   1.1434055742181 0.360999224182778 294
639699.51318042 180 0.867310439154402 2.19082310683346 0.565978418962716 0.712482089874676 0.775874753669973 0.806702787461427  1.07706274169668  1.08926067518484  1.46976171721011  2.71652994852477  0.90181702303913  1.19071560711119  1.19963377008139  1.43284406788846 0.931574297368718 0.902257638800503  1.06959372098054 0.913212709522828  0.644671539338958  -2.05076292854422  0.485497309623543 -0.562803400759022   1.23592135872588  0.596196578549744  0.539278282747822  0.515811977796309 296
636779.804134562 200 0.938004101777756 2.19707907294585 0.563430542598215 0.700608802099328 0.784293767684677 0.816298288209262  1.03554214981205  1.22487163018804  1.53831604436509   2.7197673793944 0.968072492115718  1.19862144421914  1.18424410859292  1.40042310838561 0.923541762816094 0.939353973416141  1.14230353818994 0.897448805157631   1.05754794459382  -2.30916524707653  0.835083509104511 -0.718981459211102   1.42701457218779 -0.222591935362972   1.14078906551241  0.412985653104163 327
654974.617861231 220 0.9431302235813 2.21562912431542 0.552892823177165 0.717910038323588 0.783406127483389 0.838750582218939  1.09803032071298  1.28154173358708  1.59637435456711  2.71415773397859 0.945960405528637  1.17543646201497  1.20091132136955  1.42202740224552 0.927849732974509 0.929679257357012  1.11638639993599 0.872031635046411  0.611204420288674  -1.74962282705761    1.5448151919333  0.366889885729746  0.824418264789059 -0.294714732877441   0.71112192464795  0.557800883176828 294
685093.196786143 240 1.02702031142761 2.29623590146445  0.53504158717948 0.672869380636891 0.767663986207213  0.78696441184628  1.02416516868412    1.245345998277  1.61964437147542  2.82111341031099 0.922922339410916  1.27480897762389  1.18563574082473  1.47008991201815 0.923795449798568 0.982068617178265  1.14039806220851 0.876460325184503  0.929680651522691  -1.16852336033337   1.76035805756805    1.0396890993414  0.954957305669697 -0.930592448163702   0.35126140256625   1.01655878663841 294
670380.716866861 260 1.15780298098057 2.56864921810495  0.50804563746465 0.643879674237937  0.72735627080507 0.770380836430346  1.10309548577838  1.25326608546662  1.57227909960343   3.3520641873927 0.930586443352996  1.24434642839918  1.14279572428628  1.62348180916095 0.901374228508091  1.03443425218548  1.14405018356995 0.893053829169055  0.380643695173999  -1.03026235889141   1.48263322792442   2.44445080901184  0.903215581981145  -1.39061013012452 -0.396201663057444   1.43101388423756 290
665044.068468078 280 1.21975375797881 2.85523790399998  0.49024995289744 0.616793656869488 0.694382987724922 0.770435828068754   1.0487447707815  1.22847219680641   1.4992050864215   3.9967056212087 0.907279614325867  1.23994478663196  1.13325160574266  1.63816472912742 0.920642572514578  1.01905475468445  1.18192365235225 0.881164151821884   0.23091146623192  -1.31827585643864   1.20559146752555    2.6502235457908  0.120217805933042  -1.26523107451507 -0.870535384021282   1.31577873594012 289
656463.679699979 300 1.24478945704307 2.85600476603173 0.501790856795425 0.609827577328065 0.642008689468756  0.73631126880485  1.07418078050846  1.20490042891586  1.52590256749235  4.09298920664564 0.918093542583479  1.24050844053353  1.11912011634665  1.69959929328854 0.946166890570846 0.984391439101185  1.21368589515477 0.857481018233116  0.581391487255554  -1.22175968118915   1.48490174243444   2.83436885960423 -0.535992712207825  -1.33636417786146  -1.18434548809788   1.33288058474516 288
647096.500818429 320 1.29629513237111 3.02133569508924 0.484969331107198 0.576186521400149 0.648451235306306 0.765624919026335  1.00656161523118  1.11964256681388  1.56692609613301  4.42702769042494 0.907344365362334  1.24173540599846  1.16402789049247  1.74547429640162 0.941878332618861  1.08812529688959   1.2196340305872 0.826486452225196  0.609115385979549 -0.858716729902552    2.6034706465411   3.33701803799309 -0.232412471080939  -2.35361626906042 -0.789883005732084   1.04273463818316 289
647171.427683366 340 1.33354886049923 3.2077351079012 0.462563574756924 0.542165553915827 0.607210843932891 0.741131346596051   1.0751482423148  1.22196647102391  1.59879676383172    4.759577748202 0.939288990645957  1.25051624513027  1.17980739980633  1.70593337362814 0.946338674021121  1.09951530395621  1.33157188321779 0.800588329120693 -0.230284516606733  -1.71074148724323   2.87760092617527   2.81435712000185 -0.682480737622737  -1.07858980083758  -1.94553086377179    1.0797843874419 294
686558.1267322 360 1.15473676642065 3.27834143203719 0.441423073492352 0.535174891010548 0.615550396727765  0.69228892393588  1.03561495632455  1.42656310044049  1.77590522948289  4.74420443424739 0.909514968630284  1.23019759249099  1.15299676676875  1.67914731627097 0.966883923725092  1.08151423583208  1.27597816983567 0.797114483246167  0.293567899757762  -1.32762626105066   2.32301446961193   2.73372144795703 0.0180041738510518  -1.10291146798604   -1.5397562107058   1.65995766541479 281
696578.125289854 380 0.96635964450654 3.27190722032209  0.41757428599984  0.52522546297219 0.583889026521702 0.686585981661679  1.00554650776605   1.4050896730813  1.76338916620922  4.47029009800386 0.903026396145809  1.21087375653824  1.12497052752352  1.65544886996845 0.949842541550851  1.05259581290807  1.26117878951944 0.794573094710473  -0.121808162465885   -1.20958882682542    2.46448637634224     2.6045676282674 -0.0981520649559102  -0.971627103249555   -1.35295919325463    1.51307806395655 287
705122.303947036 400 1.05251512221851 3.3848056164542 0.378929699734315 0.505214228514324 0.577024115165747 0.695023408871424 0.961441624421667  1.34215114740299  1.71867138180164  4.34136311043625 0.935144653292411  1.18546453815559  1.16563025619042  1.61071473648392 0.914483991359236  1.12193046207157  1.25336245427988 0.780404106177138 -0.389365183799071  -0.88133251073882   3.26560698829062   2.86778606492053 0.0949807198537373   -1.6877140839067 -0.563102001818209   1.16313540551062 291
611025.771374396 420 1.18713102684265 3.31443184530343 0.368429158233628 0.501336532575834 0.613895816561825 0.695640650539098  1.03681123707768  1.46030822470423   1.7840896613171  4.04736321218249 0.937843837668581  1.25324519336063  1.13569668795096  1.84859295930015 0.889096066089204  1.23833851521373  1.25525191248032 0.777277463589533   -0.619423531560187   -0.193469811469289     2.65124625307912     4.60883027560495 -0.00497590662455145    -2.54270367980345    -1.05499508691162    0.790363644343055 290
599253.12540293 440 1.16656966458462 3.91912048860997 0.351625734862136 0.488718645670147 0.650974321751633 0.664837691156847 0.977124928452039  1.46831332592974   1.6586771642098   5.4007973748857 0.931496555811978  1.23176076725727  1.11652038561901   1.8163691283126 0.873952702664135  1.25200385102267  1.21176085658056 0.754572708460457 0.0982929627686352 -0.127002534717022   2.23948279727692   4.85838218714255  0.278953770359276  -2.88932223316016 -0.884185647806675   0.86432831107375 284
606855.83237708 460 1.02873730601929 3.93113449885092 0.335745688751679 0.472064002854297 0.625232305596676   0.6496059667789  0.91910677374113  1.45370164653788  1.65577701545097  5.18855291868593 0.931789753042672  1.19967105835614  1.12481660602452  1.75701358725236 0.864163134258638  1.22853648261564  1.22066846695052 0.745102789208186  0.235283131354607 -0.529474476444462   1.62787049249119   4.11921860495333  0.365651530681282  -2.49906970176062  -1.19445382319117   1.01921974586052 291
614494.989493561 480 0.945225613266946 3.95748571492685 0.311224525361225 0.468597657128773 0.602994189684559 0.627803111252493 0.898077559309353  1.57526050204338  1.60278084725639  4.87430302749687 0.945235291795634  1.26087891748131  1.10062272562129  1.76790243332579 0.861948372195415  1.19146880859308  1.22157334654495 0.733012395419238  0.346530966060997  -1.58757890500632   1.94818254371878   3.05230881648628  0.445611868831534  -2.06390997115816 -0.578811891085003   1.06722400262398 289
636064.878751556 500 0.925095737999868 4.15837678008669  0.29498441244061 0.451768126196754 0.596321825555455 0.645360039066162 0.889147119886878  1.46610221238574  1.56765339006679  5.10089920472753 0.967609073851164  1.24545804278109  1.10367664796949    1.705866698702 0.841206511042357  1.23610014672067  1.23788352639292 0.766043335061087 -0.315499905054759  -1.73776436536297   2.35003666042523   3.32799116878821   0.17216949333519  -1.81240357014574 -0.159896354976663   0.66862772652303 432
645561.333112347 520 0.891172109260948 4.22569812549047 0.269635595871042 0.426528285645489 0.604075445728469 0.714481938816012 0.855415387218862  1.59143130405364  1.69394375526832   4.8147546635884 0.999311977914212  1.19519380772711  1.08879380273588  1.65443260801702 0.847460285652647  1.21646419306268  1.23757142507344 0.760206080401178  -0.779567905605852   -1.55555518841645    2.49614564234687    3.26897545373686 -0.0244577038213311   -1.61505213456437  -0.419400272694446   0.487110610984064 387
646289.840195503 540 0.940712005035391 4.14502936395867 0.266907280617526 0.407585066952863 0.594486933025453  0.75721321400259 0.794146077466357  1.57872025513915    1.672337791275  4.58580563369848  1.02550871519014   1.1761678436248    1.177188865985  1.63766035889268 0.869348234135429  1.25488140509884  1.19533388023849 0.752922705469322 -0.923030857977755  -1.75529011753524   3.22635827176163   2.53363130075786 -0.591206056132143  -1.06797971430796 -0.551846407292866  0.887272268452834 304
685140.981797527 560 0.847123060271294 4.18286897682963 0.254400200166858 0.387255662914077 0.571488481416262 0.735258698766228 0.814242201043516  1.65066857100496  1.96455371180898  4.45108585018914  1.01178891352671  1.15443678551145   1.1553246728089  1.59774347543059 0.847395337305997  1.24589897761672  1.15229173402105 0.734868070739153 -0.842474975082077  -1.54560761520245   3.10399479220118   3.28362947686044 -0.479159831421758  -1.47281011791344 -0.977873788634709  0.588075404351279 289
671721.914934924 580 0.836399540967975 3.95268404180856  0.27241117974593 0.356231826733381 0.559139124701247 0.691854718913744 0.783099530996999  1.55099674541296  1.91234414333197  4.25607358212283  1.04256976306345  1.12942275739827  1.15341481404546  1.55718162059269  0.82925143130442  1.19953423902893  1.20867753040557 0.740800920613642 -0.921155014962711  -1.32087929252778   3.45521749777147   3.02566309517703 -0.144172145334361  -1.45991098856481 0.0205660887367461   0.82218599955804 292
666535.387281116 600 0.789981117070829 3.83205212112376 0.268909871945321 0.325674977047894 0.584478865275879 0.675392443367714 0.818912295991944  1.64202445482922  1.98972238958156   3.9488402139274   1.0283581614476  1.19047043339994  1.18033558716655  1.54983528200601 0.840656228681782  1.22424284660907   1.2311149806086 0.725699838119931 -0.759495732897999  -1.40891067219996   3.55487635671642   3.00561270553371 -0.156338090535671  -1.46910533286656  0.418222519635302  0.603926363515414 311
632582.283268919 620 0.920488884475949 3.86289254411056 0.275512943170131 0.316515652424051 0.580946187852454 0.729507944493815 0.840376733963797  1.71161119187746  1.95202172112102   4.1111872786162  1.02809980197319  1.19951529237584  1.15940141309008  1.49294677727731 0.929684953899843  1.30505596542452  1.28612441976385 0.715486968984499 -0.210010651315918 -0.964624540285461   3.55727514209927    3.3103690879446  0.662990752686229  -2.49717858476694   1.04982101854068  0.888236746609284 373
638601.583227196 640 1.02889072957309 3.92395537166309 0.253893525682722 0.300523349758289 0.574913302874176 0.716524390347838 0.848641025688429  1.79321298091913  2.40543538060504  3.90930671234061   1.0131510148316   1.3198675927793  1.13588299824233  1.51134370574515 0.917146480499576  1.41517875742147  1.29478167735465 0.700753935426749 -0.299461676774181  0.102771812243017   3.31294340276929    4.1720546319084   0.32329177588411  -3.41508164756757   1.07058052606587  0.706294196400646 293
636625.483545606 660 1.0699922078433 4.35660782924829  0.23617813584826 0.286931771089426 0.537146379110786 0.733365579680824 0.816815577568545   1.7772114804878  2.48400222867079   4.4826685236375 0.999536803608365  1.33955999718293  1.15565578026646  1.51142994634788 0.930620506269481  1.47281192513776  1.28377267896813 0.688938517305579 -0.206278801733233 0.0459305131321449   3.93015641161454   4.11096463041123  0.591977141788505  -3.97096344087712   1.00700157959271  0.944950527635912 290
653504.499709822 680 1.19022058987228 4.35852403796028 0.244433232477844 0.270167311053497 0.541953574165085  0.72906648484987 0.783207576136007   1.7181304497667  2.64100245214465  4.64343255781662 0.988323554308899  1.34619240492067  1.11353212317048  1.49228199708586 0.893353590448093  1.65195263386029  1.23581816912878 0.677636442126195 -0.546905411792114   0.64880359085232   3.49728738819108   4.57012299975278  0.454701762604259  -5.06941898289749  0.662161311784763   0.67828890596232 294
666765.500468693 700 1.19015639145814 4.65271669004498 0.231240478671577 0.301263772508847 0.574375372509815 0.705266158476871 0.765884998684767  1.69316654212909  2.49230400348268  5.00584129769406  1.00449877325005  1.32875972867756  1.13344692091247  1.48800479395485 0.907451554694005  1.61134794769669  1.29381474947251 0.651864285818943 -0.177997203178774  0.765579712618538    4.2774181023056   3.71267550470858  0.992843227943292  -4.65591292568758    1.5838514329277  0.878482591939602 286
660190.921566471 720 1.34102484386812 4.59782966749268 0.229892476069459  0.28571169665515 0.537192958149856  0.69378964462587  0.78769259237541  1.64220766909854  2.75585194028877  4.85993559985338  1.05949508565659  1.35641705656153   1.2251622639813  1.46368846143739  0.89344260487508  1.64172716255839  1.24879011034057 0.663957338615131 -0.740498685488242   1.69207321969602   5.23095096408685   3.93658672475458  0.452142527409569  -5.37622522110468   1.46940440904674  0.616471888012835 306
612077.360169594 740 1.34580393126545 4.50229480544609 0.240277771107907 0.287683762568169 0.527438547672289 0.674694233852159  0.93436047128922  1.92423695182136  2.64034701954346    4.870588646909  1.04388951001623  1.37554184524624  1.27461695645748  1.44545193009694 0.901157393743327  1.72276141438479  1.22864089539199 0.652406359210771 -0.346144237334771   2.08399414646392   5.10614847422426   4.31585562686104  0.855955170099516  -6.57555330657422   1.38277522090536  0.933321659952585 301
626173.412542532 760 1.47304680155339 4.88550724314018 0.219931360765841 0.282206541012575 0.496428144690077 0.704901108134891  1.00220311689864  1.94764892125655  2.50830366751195  5.24936153134437  1.04318889186945   1.4119474625798  1.23681573601123  1.39635158225169 0.922984125631782  1.78708282420374   1.2300335984695 0.665422594635952 -0.187480858408477   2.54756833403113    4.9536389369732    4.4532055486101   1.63690163711672  -7.76177096474586    1.2127089576441  0.683512743494116 298
628122.712861349 780 1.53059339646389 4.86582808687004 0.226246994619486  0.30106229268434 0.502706755987972   0.6912787542277  1.00924241001299  1.97217150611059  2.50328762726896  5.35668786594324  1.04901322925353   1.3612126532276    1.247640567653  1.40644418789439 0.940721594704611  1.81751548194125  1.19861433996708  0.64022975797084 -0.789510328958335   2.28795036762616   5.76546875431072   5.57262236298097   2.08512055055813  -8.25267510546858   1.19051318104064  0.541900274776803 295
624438.304377156 800 1.39350212764126 4.78487175623531 0.235198956107352 0.299596872148671 0.492232608443732  0.70473665327078 0.960998185730081  1.99141361845219  2.45385454814904  5.38487956467524  1.06336622352959  1.32532649179515  1.22566957888781  1.35316052206404 0.922543835327621  1.81588752481752  1.15609869331791 0.636420929995691 -1.15537590337488  2.63947082304135  5.66273169400592  5.66766416795445  1.60346813335274 -8.81834903568492  1.58937425929636 0.206996971366512 294
611811.880368626 820 1.33267140692804 4.72469031613922 0.234827318110361 0.289453419830009 0.486843639409047 0.663330174897032 0.897669102667778   2.0157329371002  2.28084173665328  5.24197944133042  1.05263668315731    1.400891528994  1.18683819333591  1.38106409851344 0.950929302482808  1.83286273991452  1.11542548625011 0.652306401290755  -1.78882412217539   3.37764750685365   5.41372403972397   6.71583811236436  0.950168615126749  -9.16250793719714   1.04262732170163 -0.158200658768353 292
612503.02166657 840 1.2754087377042 5.05369207154927 0.217452696558111 0.282796854565931 0.460552610883508 0.686660927693943 0.895677600602608   1.8981504346524  2.32480374498088   5.5536991523904   1.0257564210508  1.42944257700499  1.18098266154274  1.38528490107966 0.920393994432553   1.8094588281773  1.09425536051276 0.643713028470221  -1.76512924973408   3.77068791265745   5.15247746195249   6.70384586276074   1.24221372638664  -8.63249146796651   1.44427306784144 -0.354310422795876 294
593722.298512286 860 1.21456632684552 5.20011106770903 0.208953292785187 0.271182036371681 0.434592051948239  0.69821353282352 0.875300582971195   1.7776911210285   2.2259732129569  5.65033840230977 0.998263783169107  1.41052144254411  1.23526343390035  1.38629575359811 0.909656839917942  1.81806493513143  1.06725458520725  0.63910547383839  -1.72182025953449   3.06037331955623   6.16074984528085   7.06375584808663   1.78042021892762  -10.1184145360655   1.98336208693894 -0.192375186080542 301
616654.546810739 880 1.29336566068018 5.30910929624048 0.193801444094014 0.265134323358464 0.412862112863952 0.759092336107494 0.837527764789437  1.68045725588656  2.50262975161409  5.46261183062528  1.01121061601792  1.40448190433893  1.19815627223422  1.38727962045891 0.923778995086465  1.85973955508818  1.14676549510616 0.628781988333433  -2.04424036352698   3.20047494975427   5.46526278139907   7.84515182029694   2.33167077320701  -10.0731107117083    2.8370846311562 -0.467520028860208 290
698877.320502624 900 1.20769259204016 5.58351923969892 0.179537470055517 0.248156348798662 0.413829959681522 0.752418109238544  1.15497400962524  1.66589569447682  2.36566068067037  5.59720398919221  1.04726743986221    1.380436449622  1.20936420511581  1.37378673566344 0.970870875739205  1.82834465455814  1.17627752416089 0.654247323286256  -2.80942082821402   3.47687582700353   6.23564083550813   8.22377150724397   1.75102089218136  -10.4942177380653   2.43123459265242 -0.625711089096513 290
680012.381815919 920 1.18114454919172 5.79095895394484  0.16577780998327 0.239517212901415 0.401547886920598 0.735014822754176  1.17752580760078   1.8574738967677  2.31307808514929  5.55939294274677  1.07472815956198  1.38572854103731  1.18238156017756  1.37348163251613 0.946425616686544  1.86509400263995  1.15472317042425 0.635504888107012  -1.67752710981726   4.02882935377099    5.8119515463647   8.20145165503001   2.01742379211469  -11.6440892586817   2.97020587439524 -0.380815696360576 284
696895.793306791 940 1.1029361383483 5.84539520668096 0.164657179278996 0.243297103493554  0.37723256296992 0.678585246940453  1.12733589116764  1.94164324567454  2.31244734968833  5.62611272562109  1.06346901919332  1.41774384759046  1.12911809997083   1.4716026511553 0.939741062368241  1.97860864083055  1.12483213443304  0.61365678433724  -1.50298364515422   4.35851878416548   5.64768127055072     8.685107491964   2.43850288384643  -12.2973328623171    3.0826581352296 -0.491181781196294 294
669336.742060871 960 1.06745950172383 6.43068919802843 0.159448306491475 0.229107344873053 0.356060319901859 0.619525683711253  1.12488424411894  1.76723566375701  2.17126428641438  6.59378756695228  1.05475856021767  1.43730316773345   1.1036549173692  1.44460326245674 0.908745126761357  1.95108428941492  1.11409856796478 0.611622269060822  -1.22012221918306   4.56252805850371   6.11333188784595   7.98508327640838   2.39190431412134  -12.5877768224068   2.85110563525438 -0.700845017606248 287
679065.82569082 980 1.10533511419644 6.41980310154748 0.155738697929384 0.222883502036891 0.367082395884808 0.585153040031303  1.15561681760636  1.73319455810163   2.0928700557233  6.41859474051581  1.02559935860213  1.47377251414026  1.06677256287565  1.37636967800657  0.88996881181661  1.91061226126897  1.10755249111491 0.612693311915464  -1.01650554133057     5.515890935535   6.04603749026417   7.78822230610549   2.32836892906762  -12.7995163683659   2.90529445068565 -0.853078792206371 294
687082.369512425 1000 1.05368262821644 6.44307451196371 0.146956417985659 0.223602728895088 0.367760605103651 0.637038126213386  1.10748862132276  1.68289016631645  2.03443678913188  6.10063251823007  1.02583146562351  1.47085377800507  1.05022287767895  1.33049126927745 0.891635712642597  1.86674819712268  1.08676617332173  0.60567916147487 -0.742392285908968   5.40190010551406   5.71079300844195   8.09119700331605   1.92031232588912  -12.9123170439117   2.25901013905532 -0.951876694940997 293
632867.877794461 1020 1.11447033770466 6.3145544760081 0.146705026517189 0.214982726769897 0.368711938740614 0.617127069959607  1.08429184299323  1.69369586300113  1.94141542648146   5.8496572857374  1.02953419918603  1.46822600582234  1.02327914235573   1.3135878887954 0.889525702136405  1.90443493574552  1.05926724861595 0.678405494085824 -1.30514435496814  5.67663433592163  5.84361680281171  8.59596031952652  1.47744210349331   -12.90648192252  2.35604360959125 -1.67480294461807 286
635180.100875473 1040 1.17271582632422 6.30736422733676 0.149760565424659 0.205659512786599 0.362315027724809 0.685018825474026  1.06028684331855   1.6195230365746  1.94818618637443  5.95790113620474  1.04694300363196  1.52236501480913  1.02079569182407  1.34752767027527 0.919921690059504  1.91043633427226  1.07683809433836  0.69832084450634 -2.17115010151988  4.81635009780427  6.55179085801379  8.31287610166787 0.845881507569692 -11.9229298977216  1.96649159851988 -1.95653124822308 285
641762.118668936 1060 1.25899519562701 6.74519344676622 0.138674068670459 0.189169580384403 0.340700864737905 0.690598102955004  1.03319796958703  1.58392273064788  2.12918931760992  6.30934210962009  1.04798979713742  1.59631665571303   1.0475749282905  1.40100652167871 0.934577725888606  1.98138012516961  1.04018803162318 0.702825764168911 -2.27961449119145  3.71935342853068  7.30202506135875  7.71195955437545 0.523317322097202 -10.9909000138074  2.21731158774583 -1.92627054123363 295
645493.113189247 1080 1.26067320263931 7.26256259917435 0.133868694552103  0.20794033229738 0.325317093930336 0.673746779367976  0.98745275737547  1.50150308838856  2.19129156422052  7.06087959630371  1.03980040289432  1.73042822993906   1.0508341936356  1.38286421628281  0.93132238686442  1.97970566039333  1.03508555477821 0.697509936233493  -2.1677247667269  2.30953943947535  7.33098919773586   7.2474900591473 0.924737895279222  -10.115536371472  2.22458485455446  -1.3751425637806 290
675548.744020212 1100 1.2949870348251 7.33736812847854 0.137522406530715 0.206666481585213 0.309023024666703 0.753228270714434  1.04533902839282  1.45431059364356  2.12677116190101  7.40378981950721    1.030214235278  1.85431134117911  1.05802950897231  1.35626031940191 0.923038624572651  1.98045838701669    1.049356335015 0.693401655520174 -2.51350112198478   1.4734323985099  7.54701511070107  7.32026912152103 0.634902548734346 -9.62623001174401  2.30343664672492  -1.9102291335772 289
660742.534136961 1120 1.2392674619589 7.8373541525428 0.126656108243143 0.194836438244543 0.324000783145787  0.71452864692973 0.982923592997877   1.5495905822855  2.14257455776724  7.77974000569342  1.04049044317373  1.82788271400291  1.03156045747982  1.34334701575999 0.918820424850277  1.95516946408178   1.0271178930933 0.708292340696594 -2.84448153103527  1.35855118132841  7.07396899613093  7.57270788282279 0.506889424282334 -9.43813672469887  2.21933789726349 -1.58608547628528 290
653769.460535085 1140 1.10597199115911 7.70356587707723 0.126749313900991 0.186272514627549 0.325888436049192 0.775273063072745  1.01894051087757  1.40780768189719  2.15318124389812  7.52192880895217  1.02166116197825  1.83845311398368  1.02473211124883  1.28746508310549 0.892375731970974  1.90034598699903 0.992436495254041 0.685062493523036 -3.12044782398481   1.0726255809036  7.21032506128216  7.68749570027386 0.676806993130203 -9.28235245330275  2.31116888659022 -1.53444007892195 290
592803.023818996 1160 1.02168655979963 7.72291441136852  0.12006283091456 0.178195431030254 0.303583075695852 0.818495549144798 0.990806238665197  1.40638867183805  2.01474566897238  7.16095629044844  1.01010026434402  1.81859515275395  1.02933362660163  1.27390808902222  0.88855993381687  1.88621139786338 0.994724710350374 0.671503090368464 -2.86529222781944 0.543156205246726  7.28099661563549  7.02977428395052 0.198501886194481 -8.72367913478377  1.61281220153095 -1.41016605383124 303
592637.025290131 1180 1.01629085658779 7.8994592366637 0.113523170581936 0.175417045015989 0.297622433124298 0.797802019357846 0.960720016571051  1.41315405973015  1.95543634621243  7.08401116035383  1.01153481105608  1.82154848852488  1.02383467668796  1.30118099098337 0.894648187517195  1.95797611347165 0.953648497194786 0.694199314099249 -2.82373458692121 0.256543647554477  7.05969970572233  6.63946055988922 -0.23834488973035 -7.62709407418141  1.62237351423054 -1.24975697076353 291
599200.218784374 1200 1.03006643485685 8.24696701417705 0.109579858743272 0.164611637098301  0.28977671453078 0.742997410469833 0.918997617896301  1.41893166616999  2.01028376572178  7.45279630013159  1.01174553788346  1.83363591222674  1.03966941114983  1.38803562536123 0.891977578539637  1.98646191451987 0.944537845165183 0.693250832818486   -2.74057006188936 -0.0657578942688567    7.59439799870643     5.6517910088626   0.113606918609019   -7.03340116263132    1.84025154804136   -1.03082576825885 292
621134.625828612 1220 1.11125770627896 8.64328490156602 0.105182489965482 0.168037065634035 0.286737660184956 0.717051635932743 0.915408294136635  1.39657315946041  2.06101574307669  7.85780242200452    1.037781404452  1.87727396277802  1.02048159235451  1.47785242766092 0.911899473287467  2.13621670333169 0.958999060594151 0.688782836241955  -3.09473630879132 -0.705235336848491   7.68474741989058   4.76442175403237 -0.579047647816231   -5.5605716136486   1.47881963478758  -1.21985618192536 287
686313.581138983 1240 1.27758515092152 9.52933461329681 0.0967107712604943  0.162163696803573  0.269880646157084  0.764697389251958   1.02953440214836   1.36579023557139   2.14475174231034   8.78213281622243  1.03915460921997  1.84997562843913  1.01742728026723  1.51584271729337 0.882967971974956  2.14871144781423 0.965105883353294 0.697537637702323  -2.53371196395026  0.348550354201533   7.75044797048737    4.2821203962853 -0.183964585134576  -5.52431985567343   2.13539465328448 -0.683308573782327 285
679052.550946919 1260 1.49891152328777 9.70702054228284 0.0928645259156916  0.160489147173487  0.303050358250517  0.844240710223523  0.985334559893901    1.3416229305664   2.17189292592529   8.75027583153235  1.00614385314596  1.87182995768168 0.995611331622813   1.4913975332263 0.865558096778375  2.14137598013998  1.02089228756278 0.680825432289044 -3.08513515523131  1.85116705543987   7.8159451197065  4.50304704471217 0.124231867913443 -6.68591160390942   3.1570393171053 -1.18896699173472 290
663321.079918776 1280 1.64480958222932 9.66069704840319 0.0928607851223266  0.154015983053965  0.280134327970514  0.884522880874228   1.15924014203917   1.27788130577489    2.0567417047425   8.66661047916547 0.991797883952372  1.86356416449335 0.966565415084926  1.46367144165382 0.889040489063977  2.10374591888602  1.10706526148635 0.676581303892887 -2.62156975711406   2.4873880456681  7.47413191003541  4.67532179629579 0.420774504704462 -7.71890849597597  4.16275115901304 -1.63439740854265 302
672999.318541121 1300 1.65183096165508 9.91460255501818 0.0856773605449394  0.151854319105947  0.293522887069628  0.824948230613645   1.18401339630878   1.31300694384376    2.1575614053152    8.4220283221375 0.974547780090003  1.90011738750552 0.975004514702455  1.43731364655588 0.876074071512154  2.06249782688711  1.08644507374017 0.654318815592132  -3.16311923782878 -0.196832489772117   8.46302523877794   4.74360917898207  0.193556006324574  -6.92650792370189   4.00994372837402   -1.4933393303612 292
674375.663329981 1320 1.89981148574269 9.88632855752957 0.082649902802299 0.156880102194906 0.295480749579464 0.808021876036442  1.23991419607839  1.47025945333987   2.0752270371351   8.0781595424607 0.982544790180957  1.96877403104503  1.06280353294279   1.4260459717264  0.90373067625678  2.09121643355339  1.14006771980773 0.646088387931284  -2.55805545173365  -1.91923307495027   10.0966918484056   3.79251186715425 -0.770168714649617  -6.06744951694643   2.37776105270145  -1.09749402781234 287
680886.98783342 1340 1.92370022256568 10.4336189792388 0.0796042227364718  0.167110018555528  0.271739370955075   1.01838161938089   1.21588841606018   1.41390179777231   2.07935045850434   8.66574792711556 0.980214940995206  2.01623385834302  1.13052658999553  1.42397926143103 0.869088395272396  2.05343320515252  1.14032909669884 0.629453665196925  -2.58253592410411  -3.58800844379036   10.0668111606147   2.73542296884344 -0.722596573842307  -4.25038193399365   3.44763717710363  -1.19445053709024 292
620039.79363507 1360 1.81596612843385 10.6063124398577 0.0774950127266263  0.160769103982861  0.292664106610716  0.981592128812702   1.29377392058766   1.46546328475962   2.01082159532917   8.71771338917018 0.964715744490488  1.98428630311281  1.13974838705694    1.395795316318 0.836101893683208  2.02002746360943  1.11427648282886 0.621327723030467  -1.94873178108567  -2.36664935286567   8.91920860621849    4.4151641921755 0.0193785332693433  -6.77583310726995   3.58728428788695  -1.49776420579235 289
652266.255054146 1380 1.68092114987519 10.2315191829962 0.0798135482508664  0.153604646073866  0.291767834812984  0.941426276644666   1.34852629600938   1.50840825229152   1.84382997581769    8.3552002712908 0.946651527164098  1.99486619544157   1.1302066376968  1.40400023880348 0.814289557474188  1.99936656836374  1.07013187558892  0.60989705948955  -2.03036514798092 -0.890991253682582   8.12338807947168   5.82287621932262  0.235169798730487   -8.4408493652677   3.03025349408094  -1.86622239745471 297
645812.332170657 1400 1.81031629617416 10.424803715593 0.0769278326967903  0.146311043415274    0.2898155175423  0.945228239316627   1.35080040031356   1.41145702933488    1.7211246049678   8.36025011089211 0.915475383306088  2.11441113201526  1.09960240269016  1.38184754497528 0.795184266804241  1.93900624907757  1.05706486175765 0.618692262476489 -1.95063344480189 -4.52371277937478  8.73300657282165  6.10675364067006 0.106338263981871 -6.81478097828918  2.86322695508202 -1.33315795935452 290
649655.475917754 1420 1.97500994046774 10.5055337646439 0.0748983965364092  0.154640273400136   0.28457072877348  0.893099393969829   1.33243445559111   1.41501070483415   1.89877884703589   8.26625438379055 0.888630933249142  2.22117931627649  1.07953995843622  1.35006726544475 0.772177845146504  1.97433473948365  1.10350177103231 0.611436567371795 -2.28586584033734 -7.10590961058565  9.22331354774246  5.31806381678987 0.447896208688073 -5.66377926452468  4.02207980304359 -1.79555344136994 286
654200.979721354 1440 1.94318615248711 11.2145803082725 0.0680630663629521  0.144282981910497  0.275142018745191  0.972604607057482   1.31248550329643   1.53375796464724   1.93080677755785   8.56007483674793 0.858458993913641  2.34627312002515  1.05110438249968  1.39056383527806 0.767978103802453  1.93081411802717  1.18113758631327 0.609469146304095 -2.66788020783457 -5.74074863175028  9.04641248796002  6.63882912834504  0.83671886239428 -7.62184337913918  4.33856657072029 -2.35202505062689 280
663565.810223173 1460 1.66401771287329 11.2332889863394 0.0691651971096372  0.140623112521539  0.267200410513758  0.940059834008949   1.20007327731322   1.65626638192358   2.36368794021561   8.72773361166239 0.832169510295995  2.37017239735606  1.03492764750922  1.39551051179568 0.761101015075601  1.98188724377034   1.1781907498035 0.595024388418966 -3.02707087634617 -5.21470626831655  9.21363841965977  5.78759896655148 0.626451448456715 -7.10198382707445  4.43263386427965 -2.33237674338111 289
655158.859662377 1480 1.64255791065328 11.9750253448992 0.0640056212262191  0.134965482500502  0.245560026044465  0.914076897648577   1.15604215139211   1.66076801354658   2.22418424724438   9.17848493946785 0.819404452684494  2.29536681189742  1.06504025042065  1.38279362586936 0.735486409036077  1.94869704562342  1.16339846724749 0.580296351647291 -3.34485603889841 -3.84089292571989  9.64635910929669  6.89799289014289 0.947021561107645 -8.79994430996601  4.65507854054325 -1.84268755523977 285
651100.654203176 1500 1.81031504662364 11.3217695170396 0.0680727007524746  0.133589798092157  0.254598224435624  0.863820168207084   1.19618593275742   1.62130288325185   2.15186539887784   8.72572658145306  0.81493684137422  2.31686292350652  1.07615326373289   1.3716000859287 0.732121821616003  1.94474230460938  1.18965147129323 0.558064899379504 -3.35433762002789   -2.288536966038   10.472734510159  5.36257858494464 0.874527253944209 -9.56037108899536  5.89978305312902 -1.99751624032361 289
640341.8378391 1520 1.85743407036221 11.0520470198205 0.0704363054025161  0.126037074077299  0.260858395567528  0.865791060581034   1.20967399405489   1.60522017426883      2.37444779535   8.60363575330199 0.804339545661744  2.28172968006288  1.06351778458106  1.35329386385795 0.723185789179682  1.89634874165698  1.16772659827284 0.567122557957647   -3.2830760812658  -2.68185848006404   11.0181128127539   4.61979053176089 0.0136764199135318  -7.83955062071751   5.26972117485689  -1.51351340995209 293
647600.156458593 1540 1.65209279471663 11.0060051853944 0.0678385569830117    0.1262418072372  0.247326920255648   0.85305218526917   1.14896299130038   1.62375360038642   2.33547010614271   8.21743026981017 0.809417177494629  2.31174664134537   1.0415131114941  1.37868444440711 0.710873635767383  1.96025687819782  1.12767460833776 0.554774473724328    -3.360348662953  -3.16436268430543   10.9212216406586   5.25240402944914 -0.228468766605499  -7.82025684089036   4.36437766947931  -1.48841303035997 297
669610.07279367 1560 1.64776714120879 10.971027075211 0.070500208683812 0.115616374841431 0.228655141248668 0.873441628213368  1.08515676446622  1.52844420089471  2.52476054345402  8.48564729139382 0.802573149213733  2.31043902379126  1.01524287521392  1.34836697547313 0.735175605053967   1.9038892626722  1.12163307153659 0.547570745263295 -2.78121406839813 -3.22066019247107   11.375413764488  4.68658755129803 -1.05351613297726 -7.38473236703639  3.68184843799202  -1.6230014299388 285
676935.090533781 1580 1.74869308392181 11.3093220964403 0.0642744334904247  0.121991797743658  0.232690329417089  0.848092956225201   1.09026827270362   1.50302817065858   2.47314044579021   8.22074929570455 0.812450679067361  2.28400589998791  1.00305221834414  1.37596408745921 0.737875693682848  1.93840879826948  1.13756108434494 0.538857013010686 -2.50264137788524 -2.07032327672058  10.7770350111703  6.55203428163264 -1.22631952663297 -10.0127734833237  2.69015629910113  -1.7033467631329 289
677477.879826849 1600 1.77952577692284 11.364551290631 0.0636879844349341  0.116777122421072  0.225917356400771  0.834144709006913   1.06753663847943   1.46506492154554    2.6638266451403   8.22549591199347 0.815810731525582  2.26769038419221 0.990531260877814  1.34219188383444  0.73347439438361  1.94201875584788  1.14531639995103 0.529593947232989 -1.72098322422548 -1.06119824031023  11.2220302034851  5.93682828769217 -1.14330603014518  -10.741992067068  2.99788406993538 -1.26507067581765 292
