nan 0 0.72 1 0 0 0 0 0 0 0 0 1 1 1 1 1 1 1 1 0 0 0 0 0 0 0 0 0
869514545644.72 20 0.700896628556954 1 1 1 1 1 1 1 1 1 0.985268115883167 0.993393179366608  1.00229794090081 0.986858180472319  1.02092909355329 0.962265722385486 0.972973529802008  1.02125291105027 -0.263642882350657  0.412109181658151  0.431299978719779   0.23926115518263  0.332971352436792  0.032920007328346  0.281089193469028  0.319973167823579 100075
276359153170.223 40 0.688798989299418 1.17575331476429  0.89717167642806 0.899540250264385 0.912409330236712  0.92034459322107 0.949478308837435 0.995402913980127  1.07936655061237  1.24024640867268  0.96355496143577 0.977483610921381 0.997937360525125 0.984933174336218  1.02843026582698 0.938825132557737 0.991415382167212  1.01329660001277 -0.0363702678848463   0.244243512570159   0.712486554246067   0.460858798433534   0.167060893651428  0.0503998418799253   0.690463747538348 -0.0159412968744804 94750
559168923786.279 60 0.717425620729613 1.24520145774661 0.815683791026597 0.853247978947248 0.868296426649832 0.901020569642761 0.951219734259404 0.985793421939799  1.15861921250907  1.26473947257875 0.932548955155621 0.948829315632528  1.04811496916456 0.956964472686956  1.03066067060078 0.921502308741301 0.996688780389628 0.990961601799061 0.126740101200975 0.529013070986885  1.22024987259927 0.370199496281836 0.462708888147787  0.21412903153017 0.754317501642256 0.355077476382926 85129
262402588788.584 80 0.71918004049048 1.3777120763421 0.776121799605136 0.806562155787886 0.825481492715207 0.873794210221021  0.90475558643618 0.934837340011406  1.07636990854078  1.47314946535329 0.915288889319048 0.938847161087264  1.07429984843382 0.950200036360247  1.08117626556427 0.897481851913483  1.02540170040586 0.965236538010045 0.188076148249393 0.643333067755601  1.40246401424757 0.524357533195634 0.807938880591044 0.365208703899125 0.901416197778124 0.121672056646054 85305
437204651750.094 100 0.675983158193177 1.59489327044611 0.708929974906249 0.732503766433716 0.778873535358479 0.810041609971992 0.878716587749063 0.975743799101637  1.04563053592535  1.80329422002837 0.876082352045787 0.945530205860589  1.06550149099023 0.926458171835863  1.08061437514937 0.886695732601291  1.01000517487994 0.952585899375341 0.245325644750926  0.97850414927802   1.3995088382139 0.345657530278064 0.834693401675717 0.129113151996851  1.01196186885046 0.206192530469881 85310
208092619928.921 120 0.696809584493729 1.67770955536983 0.657787398811686 0.690534704601514 0.748513649933847 0.771298401300104 0.841243844785022 0.963532327741556  1.01226225783585  1.85148034318091 0.860347697710329  1.01905723392608  1.04009963365293 0.898308723472686  1.05899642029632 0.862329269873836 0.992691086402135 0.929703984554784   0.471594194315682    1.39903518046841    1.05482376939466   0.178838083427321   0.922577861603188 -0.0605000908909846   0.630519647957819   0.420543645099096 75613
256946877411.964 140 0.698116977630491 1.67309573821865  0.63181496948345 0.650373468958094 0.695088116009254 0.734719792595022 0.794994272279072 0.931387988092187  1.17532564777836  1.76860764217004 0.878062082425607 0.996838534234368  1.01192950547844 0.893376109074013  1.05887977037529 0.860362389131626 0.977105015859736 0.906287576744134  0.803885160519026   1.16897160407148   1.15912418174218  0.333706540658516  0.589644408818015 -0.274036625098545   1.09161374613199  0.441576918614088 79096
223131435748.871 160 0.620257294583611 1.70141708314309 0.577133392313889 0.608534395340525 0.692408946320616 0.767790289855233  0.81620228062435 0.886157799760637  1.20541902940802  1.67069733914823 0.852381619731666 0.955315227021672    1.013576185729 0.917516346230595  1.03643958901871 0.882177641130851 0.959655882271382 0.902538424325235   0.739670159040301   0.993160041903857    1.41243088701716   0.337722940524287   0.657739357145187 -0.0328084567595564     1.0421862395753  0.0336159880054049 83644
187807358091.32 180 0.630236178933524 1.6893615714437 0.558681841509262 0.608033872780199  0.66608991595994 0.754307357425927 0.788943575867078 0.934047408621997  1.19176413619073  1.59444586211602 0.839767219528359 0.938709871809512 0.979531297580827 0.933530912785052  1.07183772696205 0.883925126929991  0.94827614617291  0.87401501431658   0.733038934545234    1.20961969228348    1.22317927571621 -0.0262894429507734    1.22521476045215  -0.317731160506885    1.27620093858004 -0.0544043449506936 88502
132328905677.299 200 0.750024688428135 1.76075291420946 0.510696502477246 0.562865880728825 0.634315678886821 0.727325109658929 0.809006104978252 0.880058420775512  1.30308142151869  1.58328725307715 0.860096959717367 0.985190882973305 0.969974316701292 0.978298743920504  1.14334379056216 0.900847483175329 0.938386430901305 0.877084671952413   1.01486482019512   1.69255984573992  0.971846028120702 -0.319833458625411   1.73140092477267 -0.685524059227661   1.29211553808571 -0.343691175166273 83465
176961937916.748 220 0.868057260383603 2.03902230657052 0.483526277938046 0.546522728364078 0.597251300913527  0.67795086284201 0.790984471646439 0.880040709732064  1.39030329945778  2.01031463936533 0.858908817783724  1.09949782779657 0.937706954707328  1.05363031431499  1.17476594308328 0.875603066438745 0.921246400456507 0.851676433240193   1.22432651262728   2.35927517916603   1.06104427866847 -0.892140147975385   1.91201872050869 -0.522078263602503   1.29937360380519 -0.329653066411211 78453
115769029167.882 240 0.983544494669844 2.3636210931824 0.446960705712419 0.544581711246566 0.581497563313502 0.632553508974958  0.83316296515855 0.852549937747523  1.26851057600345  2.49703746286512 0.852731912192573  1.15477603380894 0.944734573412525  1.09186587050118  1.16582764070083 0.841741804800293 0.890320437477038 0.832387776618506   1.37387147185322   2.83186433534537   1.35510826424768  -1.37210137309362   2.01090965574953 -0.519260502452091   1.03713888174549 -0.565649793610675 73679
107716515258.694 260 1.12646593161851 2.59897234743426 0.413758896395088 0.504421156300109 0.586765567795869 0.613412879023358 0.753421207248505 0.799732834845314  1.23226506535944  2.79479953455339 0.858581286423362   1.2223258451457 0.919063295905359  1.20604063281124   1.2165345689576 0.829149669702381 0.861316801455912 0.894202213947944   1.68659843555198   3.41129567310422   1.44300377965477  -2.18919244416675   2.84386537881424 -0.760039797819041   1.33811464817012 -0.998492068212493 73342
102781595609.26 280 1.19334223117609 2.98204283925444 0.395308002243262 0.482463910574988 0.534637983837806 0.682564783286914 0.732030156956155 0.758382955488458  1.13866778371156  3.51530783501663 0.828527420503046  1.25071371554855 0.884460207623065  1.19172493203868  1.23462437904564 0.830507128230275 0.862778863603205 0.919294370261933  1.66183686163666  3.94078306817433  1.46041889324558  -2.1012838830651  3.22025245513822 -1.25355938578613  1.83854132975532 -1.31468799710562 73286
110763234775.632 300 1.2093317942333 3.12543330231375 0.382605443264938 0.451239934524177 0.506703641601185 0.642596201504898 0.694344179183418 0.749541030197973  1.09230167845465  3.73741750261755 0.810047039898564  1.25880042481868 0.897804616301481  1.16299191740704  1.26489121904301  0.82837054416144  0.84906736175465 0.907688851979434   2.02638955613595   4.40398964545531   2.23403447252654  -2.15572294751735   3.89874415087763  -1.04404994972743   2.02113791687769 -0.923073151363519 78508
98349048387.0862 320 1.27399066939773 3.26655892687936 0.355552790335154 0.432334683844879 0.472991860547543 0.630685075872514 0.672616816603807 0.742425094718538   1.1298206526371  3.79389306207011 0.774919537113272  1.31478276690344 0.903478188985649   1.2616150217787  1.28746226352423 0.854721589706291 0.852287175953389 0.911932541573518   1.87005155798994   5.23981364545613   2.26467888915992  -3.34523493366257   4.57293231662251  -1.46500778143084   1.68125591903809 -0.995490493333168 79181
99806975151.285 340 1.19149678712432 3.29711821840623 0.383920607938484 0.405104899389618 0.495145598994089 0.593136003228959 0.651440854380007 0.771515499884749  1.20936178553621  4.17359653152876  0.73721686110723  1.31920712453828 0.895677861055576  1.26665198830917  1.27779623477458 0.830950377425596 0.852385979849083 0.904874230281265  1.88092423153055  5.51321611391054  1.99314648642104 -3.19945482271554    4.305220897508  -1.2583258329691  1.49576205623293 -1.51980801169109 77656
107880185212.606 360 1.17288832803387 3.41065223582686 0.358218466471281 0.373955881747625 0.477830613130378 0.563150773325092 0.640915329734311 0.746606656285389  1.23137173886665  4.16699374706353  0.70700740997853  1.32993202299553 0.866625411544253  1.25713313425906  1.24569413406452 0.813443712219765 0.884937240841774  0.92216543030094  1.62804359980352  5.79180166181917  1.78342890038737  -3.4698363077184  3.92663863696088  -1.3998998830273 0.835790900440684 -1.35890966750224 73330
87288446224.32 380 1.06977281634087 3.38291315130705 0.348752330539367 0.398464923188435    0.451345891815 0.537333325336921 0.635336423039209 0.818984037343324  1.26557557269858  3.99115703044236 0.673465021442838  1.28025525655149 0.829955125176984  1.25556821700693  1.21039250489958 0.798803565608456 0.878541173357297 0.917924656297051  1.53664199779199  5.39551350657844   1.8713416062027 -3.73799277686235  3.76564229596939 -1.78166182504149  1.44838201435303 -1.68802461862229 69371
109694352388.582 400 1.17047202645394 3.41298519220749 0.317568475995251 0.367633288149425 0.440839057893761 0.529372573937636 0.633602487874341 0.855727636890913  1.23151340818545  3.69918620574139 0.643979919786422  1.24882318721856 0.832948612854989  1.21717946848781  1.18187675777649 0.894444653396093 0.855406405454044 0.919665193880778  1.64636735418584  5.34448674642234  1.23676808754053 -3.87179529081111  3.31142616999988 -2.60876471262966  1.78038857312313  -2.2190453179585 73977
108890488985.495 420 1.04031610476747 3.41940609857396 0.292671014068725 0.393088961200984 0.440140968674324 0.495745908501398 0.632260717163651 0.928892980510554  1.31915784706429  3.42200843889294 0.619172699428849  1.22549534907969 0.818436813839629  1.16769068570177  1.17406631632635 0.893844827039032 0.840016217327025 0.900587792444589  1.49803400829333  5.44982987191053  1.83434222042644 -3.65809999728741  3.31696417483533 -2.29644964649018  1.74348490591814 -1.85114651503907 71095
108214446366.521 440 0.984247373095458 3.32517147221116 0.283243160517954 0.367435237697937 0.431028879604957 0.482599407160835  0.61631105676126 0.903641402826617  1.39661764648546  3.13175315423078 0.608292380982283  1.21678715443938 0.791756212018553  1.19981628510653  1.14049825256507  0.94900360163774 0.830014088490377 0.863807745032653  1.87301732934824  5.21124470803205  1.61698763721526  -2.8588805664539  3.30708839906108  -1.5955092386753  1.92542669226315 -1.65012272587613 73195
96250018595.5448 460 1.02939962447819 3.492859578317 0.262628669689612 0.366530812929088 0.441979877945774 0.486238844179708 0.595213701656399  0.83667528981874  1.36010409067319  3.20408763785037 0.580209621142643  1.20804274207646 0.779564879246848  1.16623579974737  1.11303104500096 0.949799724987151 0.821771513152295 0.862750644036054  1.72674383963235  6.01041447223329  1.55226958924084 -2.93594094030299  3.12556457005638  -1.3264911640835  1.51784004989334 -1.08479028022378 71137
104715051431.983 480 0.985105901251197 3.4764882043655 0.246034572371664 0.374376603477435 0.416836171326706 0.468260767901701 0.573374318664295 0.971387927750322  1.30060565107272  2.97356651848763 0.557790459699736  1.19994311617172 0.798143264185919  1.17281091381382  1.10125216656821 0.931850901367997 0.842674930524159 0.853209756046203  1.61217222325972  5.48698181840975  2.10565213956402 -2.40663433314615  2.83185013107331 -1.26500445913668  1.41449113683144 -1.17118213627728 75263
102523151158.158 500 0.909026895689565 3.57520959657526 0.233122621799333 0.382026407822775 0.405814313442928  0.45051916877144  0.54474177902152  1.05404791586397  1.23260776542913  2.97980217965284 0.546020315149489  1.21850952259531 0.791455940257013  1.13790083561613  1.07678367962439 0.901421168231565  0.84651004721053 0.842400956079827  1.62046461084425   6.0434089330479  2.11984804695163 -2.77097118141796  2.88824887006931 -1.34298197799344  1.69117947894941 -1.21302750852953 69133
94377478135.403 520 0.926348218174431 3.5455919551201 0.226491780221682 0.371799341737848 0.415732293502838 0.465475772403351 0.535588831937235  1.01902050860989  1.22097925488104  2.84727852105551 0.520289299388544  1.22074069801317 0.800543851711574  1.16221052766946   1.0839697395113 0.878480716532623  0.83624351760855 0.840064624389435    1.6273371798375   6.62077632848009   1.54394994905982  -3.54798821548469   2.89984769747086   -1.2945729465064   1.36958054678535 -0.981573691399131 72070
116131295937.993 540 0.902424550288846 3.66254449297684 0.210010166228153 0.362902067093635 0.395246029521866 0.471177874717268 0.509310699856584  1.10695379827607  1.23151737329599  2.81712512638202 0.504912279121511  1.20090126590149 0.805449427713087  1.15130732384706  1.04755819497067 0.885781246767617 0.840668586690874   0.8549556866595   1.65556785916993   6.75049217597425    1.9273786031176  -2.95015437484594   3.26147643247883 -0.945175682141746   1.30129579241816 -0.475480608298836 67997
105972333093.321 560 0.847926715153056 3.63847483630677 0.198832914665472 0.340714566692699 0.375422494816749  0.46345407491253 0.487573191654364  1.19652592125144  1.29624454968451  2.63224936869656 0.492646097870272  1.22368652683747 0.780521320536276  1.15456226558023  1.01989205647183 0.875473353811068 0.835425428267232 0.876191895066704   1.65109035283769   6.11504285422875   1.82158895764864  -2.43732665392759   2.90954220775729 -0.951011832994668   1.11169970826521 -0.229568068780491 70398
98608171721.6577 580 0.745843641225496 3.72228565038756 0.191351885563842 0.321548258858061 0.385184182428652 0.455823626254043 0.475101504897873   1.1279279605555  1.34642139795788  2.65125891737156 0.478005516869445  1.18804906546508 0.752782677643286   1.1302668863856  0.99514157521781 0.853428329477737 0.848716033571487 0.874672004104777   1.65803868836564   6.17289052466693   1.94103661087272  -2.43491224234759   3.18056402278602 -0.915767587584568   1.48288235383969 -0.244057931115376 71046
102796312335.758 600 0.65555320961616 3.69163338419096 0.184309345072485 0.297887421977836 0.387300352591463 0.424211847135606 0.488934992024195  1.07580411107982  1.31790676994574  2.51179669919066 0.462522737097213  1.17702763844157 0.728271747666033  1.10719864649166 0.985949623942449 0.820731737956029 0.822557703287615 0.891293190479184   1.67711267947336   5.86215530761671   2.01666861810567  -2.32325760444018   2.74695938175372  -1.01714908151048   1.39232531270251 -0.226873807907573 73193
106367065202.444 620 0.67654995827103 3.78699377885665 0.172679743855421 0.274913245701223 0.372745201812602 0.434775858840114  0.48631251732703  1.01325998909977   1.2411495528892  2.47645578897632 0.474630533975355  1.18620029010445 0.699594315108004  1.09412293486929 0.975863254050561 0.825885235974686 0.817671839072645  0.92039289233622     1.88394476012923     6.34126514701742     1.98587145875055    -2.32969790971445     2.90843495302887    -1.29532047719229     1.08161651698348 -0.00759382668321898 74975
96930838841.1893 640 0.608728883273451 3.84540894379658 0.167130275776574 0.288777429634707  0.35030603498487 0.427317325745486 0.511579344372011  1.01314235308191    1.239351746183  2.47138379086806 0.456571405050934  1.15311853822906 0.694639359974525  1.08072895480803 0.985306671016628 0.818405451326331  0.79481042160832 0.897787101552854   1.82233090159784   6.05778984752027   2.12367670710407  -2.02099197888889   3.23116238244596  -1.01377305552169    1.3777413214377 -0.091332943145105 69312
96536441362.754 660 0.556836165268147 3.8720388649326 0.156291279639057  0.27007080760749  0.33244456169669 0.425579708261294 0.479980916535381  1.07175412764153  1.18765340921636  2.34322591942857 0.444007266748191  1.17373259739792 0.677758307549073  1.10762154991302 0.969770210500007 0.802422024016441 0.802230429152128 0.877077459142568   1.78808176955196   6.42982659421803   2.11320297961874  -2.30185200769447   3.41174010841982 -0.962634572314834   1.09116913785083 0.0851743321225883 71528
85593356909.9372 680 0.490492668968336 4.07183803952284 0.149780038880855 0.271489084201564 0.316627333986644 0.410636875996533 0.472237559519202 0.988485873519669  1.16555678754148  2.48333282735069 0.431848244854195  1.16953208795599 0.685747485023007  1.14485430518048  0.94846692635176 0.815439476450478 0.776722375361577 0.869092341613574   1.82027813149595   6.00990187346483   1.95873658420739  -2.19034130617284   3.18033863721099  -1.08319199022329   1.06352088762655 0.0282686406887937 73470
104131482799.659 700 0.463602499182623 4.17149571971663 0.145052692741766  0.25398315516872 0.302919940992075 0.399702738249831 0.452502064595665   1.0153029323417   1.1648093528495  2.52411652448442 0.435052921722022  1.17472939743729 0.672471511834872  1.12286224964963 0.930232391829038 0.803688762440873 0.748221585214089 0.872094400949902     1.66386916505682     6.01153813597245     1.88633272127128     -2.0874323222107     3.23538727597047    -1.13843238975567      1.1500533734381 -0.00535734395345363 74313
102495283285.321 720 0.433776663279253 3.88554002504154 0.164160859606205 0.248054540469826 0.277745649958859 0.396953977715678 0.444379718672036 0.994035217669604  1.11019426197833  2.47840565617958 0.433003713766893  1.17643182870493 0.657881804697068  1.15336162395997 0.920655164013294 0.814681747517342 0.729762152928183 0.875333581053252   1.66829978432611   6.33677222703713   1.80311504641887  -2.51227167318709    3.3607957455235  -1.37641713122208    1.0887970190974 -0.115249578327132 70497
101952637433.59 740 0.447105909721885 4.02872388544388 0.159181273054995 0.239293575817861 0.256986397901258 0.383044792750511 0.432889239461415 0.944047968999052  1.14555613859275   2.5836101404513 0.422850327463983  1.15857600085782 0.676452613057263   1.1700335870586 0.887692892000441 0.784562254417062 0.787246339725885 0.847277484073464    1.60106981331991    6.18057907221922    1.64161293977347   -2.54091104938288    3.38329228758224   -1.31998200867067   0.901223624168581 -0.0419394438217191 71702
101970603469.739 760 0.446422195820285 4.1147873801425 0.152869365113996 0.232664383764112 0.277574118427007 0.386535407480715 0.433130571875232 0.958089887074495  1.05967242222767  2.58830386178783 0.416112280184103  1.18315771392489 0.657862400447997  1.14654033567437 0.909352796228899 0.769520532405514 0.830459925924931 0.838203933704237   1.62334684165489   6.05224525790409   1.67835459130641  -2.43874305237342   3.51485068739281  -1.28425228916508  0.951372854603659 -0.303025443761274 68222
90298770166.76 780 0.436296118216214 4.21982427213613 0.146826085499032 0.220640649309811 0.276683154735258 0.411583163320897 0.463906142392585 0.951129933941763  1.04639413521065  2.61451990142895 0.407108813807586  1.16741236052328 0.657878706678113  1.15293096983585 0.887497342102634 0.782221215450507 0.822756333442221   0.8453493242389   1.59124736436628   6.00192591065193   1.85573386085414  -2.39075314524107   3.63620170709227  -1.22044580098431   1.16114486824966 -0.453103757252272 72833
109882494268.782 800 0.495737086817653 4.36234788979304  0.13704060515721 0.216805450521558 0.295300270769886  0.38273830216538 0.448664634149976 0.971212315586956   1.0220533100483  2.60789355764076 0.395059110784704  1.19522324750157 0.638416848247831  1.13647088476162 0.888231488284052 0.747525277088113 0.803435037470711 0.893131796763584   1.59286680067523    5.6174904415025   1.78029851400105  -2.22605887127393   3.78621728908227  -1.21596999233055   1.14744402840894 -0.707669154240505 71430
106287209277.787 820 0.573959207303414 4.35464722429845 0.133635492540464 0.204615121730352 0.294199705577859  0.36057591980417 0.508029169400671 0.895072234866581   1.1444628045684  2.53412349042193 0.383444832731746  1.19114098200309 0.727541474136773  1.17196637533557 0.897681584027075 0.757188078163263 0.844338074235434  1.01115314644244   1.66824195435876   5.89105336554553   1.39119948047409  -2.75715063176659    3.8322046026158  -1.45653133257217  0.771477826844301 -0.778862571140826 72016
78361698775.5845 840 0.623896410451301 4.58462601699633  0.12709969415622 0.195259447728126 0.276687590733128 0.357638547571272 0.597110453999929 0.973159889919264  1.38473391033227  2.67148250700004 0.373065387883156  1.13950155738541 0.725340190842314  1.22452368257253 0.921171441730925 0.812858723166607  0.83034051323164  1.05531869516856  1.67980628154605  5.86760461100513  1.28583902188649 -3.09131781343441  3.91915337406998 -1.62996013427766 0.769297604177884 -1.02135759585596 74644
96315049564.6673 860 0.6281640411844 4.74789796613231 0.117677970513095 0.188870324399012 0.287410469557892  0.36784269736944 0.671089478566606  1.01308922762527  1.47693732128372  2.65275978041204 0.356634722822482  1.11310770555021 0.720202882111906  1.18817220323556  0.92555782843688 0.795013084460916 0.849780816844692  1.02715524434107   1.68719090606786   5.83707815533519   1.17530345575717  -2.91296449134551    4.0290433633767  -1.43835615770995  0.472082653032854 -0.995078237004315 71975
97130617492.9503 880 0.687901062095458 4.87347349205156 0.107035779025734 0.182392226797509 0.284340430704962 0.336771751150313 0.737162364467471 0.975318528817236  1.39732044216467  2.54217937339343 0.346982425439345  1.16420272410457 0.703595065227098  1.18273986245343 0.964339088993611  0.78098543404505 0.923526667392015  1.02855156621874  1.69390159523592  6.26546977849437  1.22476198102695 -3.17704102991371  4.46689113943381 -1.68501922512706 0.138654596587995 -1.21400690747867 76236
110604665966.749 900 0.689292375941441 5.20590810922343 0.101570941599393 0.189559088136173 0.286619703833113 0.319723837595365 0.753385748709863  1.01266875237585  1.40414150336791  2.75272276531366 0.340023141372076  1.14335252015375 0.707234708148824  1.17897879385026 0.952293037120538 0.759102145253479 0.913867407708942 0.991089557901861  1.63247648650981  6.36323994263262  1.50349566237199 -2.67076135665783  4.44776432653343 -1.44872601492438 0.295591673200152 -1.14168745313892 77122
83462493601.8338 920 0.757600729029853 5.24445800779735 0.0977783742587273  0.183033760279067    0.2679030960367  0.326445032508688   0.72049786449645    1.0201178205055    1.3084473185473   2.68932963026847 0.329530686707395  1.13668223214415 0.726759391244889  1.15877557198826 0.985688313407889 0.769356259252605 0.897968557272453 0.951850198671539  1.66466141281582  6.65581915312884  1.80934794424725  -2.5014891703211  4.81143121570888 -1.11758340328243 0.183588372956549 -1.15310252213445 73616
89139949697.7375 940 0.812396832138701 5.3934292852808 0.0897002122737551  0.178200108136336  0.264790335429453  0.305973190031016  0.691087945534654   1.16786842281716   1.24051702854136   2.60929660199074 0.319955497197528  1.13418516976096 0.721885741919085  1.17963382711633  1.01356018677786 0.753059605696553 0.893907348710047 0.923232200141717   1.72700204808361   6.62012153633781   1.91577219414331  -2.10588789990322   4.22086476843937 -0.990815292522693 0.0131552465028559  -1.05465294597749 72006
91265022320.8712 960 0.820863128021209 5.63516823315249 0.0815408076657809  0.169351307163605   0.25023726341255  0.363373508089438  0.669400098837254   1.11896913640981   1.30502323862312   2.58933821516362 0.311060561808525   1.1051837743835 0.704832478702286  1.16720197967636  1.00017006679717 0.752842636770846 0.926393715379562 0.898449133798876   1.73505261710792   6.61672083216136   1.90050426183603  -2.31168492083463   3.93015497312692  -1.04004947456246 0.0677297060730329  -1.30132140906702 71952
93630585156.9975 980 0.830541317069772 5.78363846014596 0.0772015334412779  0.172867475886415  0.237735730508961  0.384436141306787  0.665152189934247   1.02463642167397   1.26541012548519   2.58242787460621 0.300051523189237  1.08973307770463 0.688761738742693  1.12844287005576   1.0317997447129 0.743466565125918 0.925415920292078 0.861501021665979    1.7735577461718   6.27439148441341   1.64866247667751  -2.46836567331079   3.31015436896706 -0.978002382995009  0.360918178428379  -1.09314414262772 73096
102830742724.206 1000 0.859344168571521 5.85305725056812 0.0731550979822968  0.166142313402033  0.239196796776819  0.365503219938596  0.643389311902099  0.980250610228226   1.26745190322576   2.50616777000278 0.292802284371706  1.06632950770009 0.678116275085684  1.10492943688614  1.04311991573243 0.724029148878603 0.930122667020289 0.831219965494513   1.83435338014695   6.28611196278756   1.52388199642566  -2.57411365633398   3.02529455316509 -0.874606801669635  0.632091843402012    -1.056356605553 73615
101058830623.568 1020 0.897981442248598 5.91100813759974 0.0692621453133021  0.165135347561082  0.236835621861536  0.369596672787686  0.622810304732879  0.931226890275757   1.25698718224414   2.42002054874756 0.286138072834221  1.03860296489862 0.680787730997724  1.06586173011294  1.05907035499891 0.729551232357903 0.903688670533041 0.804071664812579   1.76022988020074   5.83302562992517   1.37377964112598  -2.42658474754715   2.74207328460419 -0.571127075486872  0.777342984471674  -1.08172416226036 74377
99696720289.4597 1040 0.977201131774562 5.95649920835018 0.0656498920919784  0.159311087183935  0.250643070979013  0.360813846037164  0.572257234286957  0.863699072387837   1.27553906921927    2.3292504785084 0.278804533222176  1.03698420419758 0.691858386234463  1.06131840091767   1.0679663089927 0.704614410439451 0.885280117633132 0.814711901545821   1.82383216015479   6.12150673518955    1.0279364088963  -2.98274132594405   3.29029846570883 -0.558558358348552  0.582197330112743  -1.61395266752883 68116
94896900272.2022 1060 0.94854701201106 6.30788577836072 0.0609466761489903  0.158972114143298  0.293670946299568  0.360020992052534   0.52487360165609  0.822199669094414   1.19692577927423   2.42503307730014 0.267470732732694  1.02602131789531 0.676155555282908  1.02574339003165  1.02078246146822 0.687746046094335 0.884931217888976 0.817960166914116   1.74362668026151   6.05334740998752   1.22664032144409  -2.82168557634643    3.3528839806638 -0.447579799563115  0.587148894985799  -1.93718354386275 72644
99391543095.0459 1080 1.04355264753183 6.24007018798289 0.0578364907389272  0.152926413574033  0.285408314306123  0.351178732450182  0.503983733163199  0.838741682292859   1.15860955713934   2.25206480372522 0.254738462655383 0.999919702502439 0.655196340049759  1.00592407427894  1.01621002207757 0.700025267177527 0.858323904833098 0.879620602808746   1.72095433184609   6.08646964157655   1.47190100098496  -2.56647679032235   3.26378768663403 -0.241827894198334   0.54937372460035  -2.61346906901794 70186
83379972520.0948 1100 0.969246814186582 6.42151574138905 0.0524147390485635  0.140993606762281  0.284050718646976  0.449073151927755  0.457429937556431  0.858485798702414   1.13525207169002   2.16136707285414 0.249763475039328  1.00308308480256 0.628582807678599 0.971764410391486 0.997630430661627 0.695992568571292 0.830857032156223 0.880664233269409   1.85447677756289   5.93783324994335   1.26683100039291  -2.32927739194165   3.35513564621209 -0.384047657738844   0.60526366108813  -2.45542363050857 73584
89206592223.4626 1120 0.915323455148583 6.59587434589509 0.0482435476133792  0.150387779846139  0.276085062571426  0.439214816823212  0.451825086318314  0.821330861454933   1.06761528311597   2.09886247748202 0.242148208996023 0.982728925050665 0.610101742444201 0.951650239383409 0.964047078261353 0.674135058695782 0.795953167897857 0.890771101515829   1.89221345150662   6.00757384312124   1.34038565328113  -2.16876807619821    3.0915381050858 -0.206887407151046  0.526304593675631  -2.67657141317377 73510
92685087397.311 1140 0.915725038945534 6.62782505640448 0.0451160767811406   0.14509627226876  0.269041749010211   0.42910844705323  0.451788291974517  0.786308729156836    1.0047921380998   1.98186195240805 0.244655388422804  0.95719016207358  0.63079926759502 0.941542261411384 0.933466738523107 0.656216695482893 0.818496644638083 0.890964854513912   1.93917566545123   6.41245618504856   1.62419995477224  -2.17385413022831   3.37330177934012 -0.196804942984349  0.793470881311865  -3.00194654223367 71209
96733295979.9553 1160 0.840847862732241 6.50369770175095 0.0445308571192385  0.135457406348978  0.254769887009027  0.422140234194123  0.496460812748128  0.737383463971521   1.05190185678148   1.88356992592659 0.241898377985174 0.926912431397345 0.626387245207457 0.928848274823924 0.908945543160884 0.665954571597255  0.79129552839042 0.881974700035201   1.77707899428719   6.52551423900463   1.31353894206037    -2.735690822945   3.38850547127429 -0.302262350829242  0.840728653484684   -2.5853424459413 78479
95445295218.6298 1180 0.846788426137936 6.4200435509771 0.042666980889925 0.133453232644435 0.251037547334492 0.411162096713942 0.474305709620906  0.68678627862156  1.08849199976824  1.75860321037544 0.238091113786284 0.918963166819308 0.621604139836866 0.918045798510016 0.898648545476612 0.671427885928805 0.802185797539776 0.860506626755194   1.78609654031915   6.89225058750239   1.18002952499053  -2.62112799263301   3.68162973781859 -0.183604661935593   0.65594867456923  -2.32999614049962 76901
95549415554.0663 1200 0.761142134154789 6.22750897516335 0.0439608301816058  0.130911030092718  0.241044643128488  0.398919767119193  0.478226554098544  0.689126058334319   1.08566680021349   1.70488311484462  0.23032609488983   0.8835367515208 0.597977531762468 0.900639722130115 0.872594690636816 0.639903892573965  0.77928373814256 0.934130183048342   1.72644875584975   6.78103222025402   1.18523348072978  -2.75237596907425    3.8352987985821 -0.179038334964599  0.446085150207267  -2.55963417297861 73146
85084736483.7441 1220 0.719285359214773 6.16892830796716 0.0420883717316982  0.125452075911068  0.224125935058059  0.392065190586878  0.453831506927418  0.798937932681621   1.01499469750225   1.60170145772171 0.227404505133807 0.858742433056134 0.590282917651634 0.895448697102622 0.851868558523127 0.626411061767535 0.751643204109979 0.911703611508966    1.65382470009499    6.70281898252896     1.0979977864157   -2.91991605807675    3.80802797899886 -0.0606952008368209   0.683594209338517   -2.52838324605124 73061
89156198410.4286 1240 0.661884082047861 6.04903322515112 0.040444633831835 0.116980609012865 0.233653956828714 0.365597985188621 0.434190975551861 0.796191545094575 0.986694175331306  1.47990162728886  0.22036885009383 0.822571607661683 0.601544969295079 0.877555936080651 0.846798990976042  0.61178120677567 0.723803908287159 0.923305737833435   1.65997765457139   6.72174854798872   1.42779147746265  -2.54873313732135   3.98834459119339 -0.168513686924155  0.622994937860741  -2.80080653632419 75479
101853784165.787 1260 0.68588593624579 6.03283103261028 0.0373640607343049  0.113583971451376  0.240950538810521  0.360136392468479  0.400648089190365  0.741014092579506   1.07131359623012   1.35986686864259 0.212833007947713 0.818162734517429 0.617164283195137  0.90240929126491 0.862326559412804 0.614311043058701 0.712424925759671 0.959765961573029   1.63849861172647   6.41607175598021   1.51421035668026  -2.51797929250644   3.95282125319811 -0.317854924577548  0.794756368752225  -3.26761936532024 75159
91543348458.5589 1280 0.649753882940433 6.01463941272046 0.0355743959750816  0.108542491182169  0.227099306747312  0.334887995972219  0.382603965956465  0.866920973790097   1.21704309142843   1.28693533831681 0.203443761901895 0.817470865958829 0.612325679872191  0.86336703593965 0.848985403849353 0.599760288453673  0.70240457146032 0.956019408256467   1.67126018621038   6.35311102500922   1.35438600945702  -2.66302160459175   4.19365008099425 -0.376079056077362  0.723311473581687  -3.26621451057821 69241
83420426586.8127 1300 0.648913993561857 6.04291087816865 0.0336508356899104   0.10241446148493  0.228581330694155  0.323733839516372  0.383891842939416   0.83347843874104   1.18325662887737   1.22881989050993 0.200481974795651 0.845950975985271 0.610215280590856 0.841855512214786 0.851122348042309 0.614552602173617 0.695621963815127   1.0083270968312   1.64642825637291   5.96102494185259   1.47392037439928  -2.41211920716303   3.91486709590752 -0.264688494025821  0.814609324446243  -3.56712586387758 78330
87628855320.6014 1320 0.670920742880115 6.33769004976093 0.0329009103423066  0.100250955081707  0.237244806302882  0.312343657172513  0.384186428795668  0.836777432298688    1.2143945469441   1.32150833408499 0.198431414489321 0.840028557435454 0.600318830330776 0.813969077168745 0.849114446055994 0.615898531494728 0.692003794877406 0.978034691783718   1.59512388233356    6.2102650839828   1.27026670687172  -2.33798176119205   4.19709465966573 -0.134097057787347  0.573496038386425  -3.50556168093251 72355
84450653751.7272 1340 0.689866110752375 6.05001567355054 0.034717409530835 0.103305300621457 0.230642559184264 0.297385847583105 0.383326877981926 0.790274815780172  1.19329543705746   1.2707505665163 0.198354171333093 0.854032202047943 0.585624012459651 0.806262094201972 0.884400297020206 0.602534502494915 0.774787602177131 0.950379693667537   1.66331184035451   6.65444123585105   1.16854562528996  -2.60965706608643   4.68137464331882 -0.190982416619399 0.0769832369126098  -3.33949165883811 75468
93832384802.3313 1360 0.753687110200219 6.74737103350497 0.0336229199603031 0.0997752030919728  0.209990695266957  0.292658291957828  0.378968470324998  0.734513550838576   1.13017818876558   1.53075121041939 0.196260362354012  0.95969083441162 0.592765578161503 0.860183465628381 0.926339284026574  0.58335057449165 0.816384900301168  0.91083815212096   1.69691634364094   7.18369623346891  0.928910318134844  -3.07703377936404   4.98543548393316 -0.123026404991973 -0.192908496541465  -3.27287980733544 72648
91945911247.9056 1380 0.707766926222278 7.93714205557916 0.0320814653208378 0.0936068205314328  0.198231741619654  0.269935989522242  0.379208153358701  0.717039581435824   1.03414496871397   2.02107533886541 0.197737848719305 0.938085988642452 0.602899205418764 0.888197100507849 0.904242163209781  0.57095265347155 0.805941825232252  0.90376273542207   1.59684096478524   6.86631547868384   1.35340628286838   -2.4328599801799   4.97087236935885 -0.107660668705606  0.186541984631544   -3.3776540599349 75477
100184925482.833 1400 0.789460131775232 7.99108115538359 0.0308115460012375 0.0907404631057425  0.187178327142194  0.270140632089846   0.37433181107116  0.674419540622205   1.08629038919583   1.96754454074912 0.191161128652183 0.968165336359606  0.62135655538687 0.881891804018782  0.91917464762463 0.625969529648665 0.782081661130558  0.90421723211984   1.62950470905616   7.27301965724867    1.6141329175737  -2.19600093060725   5.26483640979742   0.31872518581782 0.0641531335759087  -3.01365836543575 71119
85362262398.6564 1420 0.806638810487988 8.08589887795091 0.0293587137658917  0.086649902758951  0.179765302609663  0.254255071421978  0.368705444861037  0.780839979174115   1.18458541952806   1.91952439685756 0.187687940416581 0.933555457244772 0.621509921894309 0.874479580585852 0.903536189716508 0.606544983735828  0.76141691224275 0.883335824942106  1.60672238543269  6.93167432444849  1.77510937694479 -1.95604058154285  5.29848348503533 0.142648606472753 0.403625500160369  -3.0021150535573 69738
76416450538.2999 1440 0.716945512293438 7.93421933787824 0.0282394888796743 0.0817906425497949  0.164640308152162   0.26867156719397  0.344360273592355  0.763998273571157   1.17262579112193   1.77772768684091 0.181542131394553  0.90502106085492 0.612979046352687 0.857574572486462 0.883241434099592 0.590455726554369 0.755583332184793 0.874766749768112   1.61646932683304   7.12836075972673   1.45416901480035  -2.41354111590025   5.21061792544148  0.274429416970449 0.0980498516768447  -3.44777334989113 75590
90469827047.0317 1460 0.829030757547668 7.91377515958664 0.0269142443986467 0.0764445010102268  0.155201971695655  0.269541779737951  0.347583097716316  0.747457361239334   1.11935068459525   1.68558091861814 0.175949315462585 0.886552687475438 0.631282040915097 0.840173988505041 0.857714631256753 0.577203557795612 0.772951855774036 0.961365767770994  1.58920067688119  7.17926394853633   1.8373107036059 -2.35929925723051  5.27619887647848  0.26770883157752 0.587434767506027 -4.10205597919347 71266
87453164949.0652 1480 0.857586093331632 7.98411697424177 0.0253966504742513 0.0764959022008171  0.146392273695815  0.275412951282905  0.381665803417485  0.873615163305532   1.11394345091803    1.6189380267195 0.173170772444619 0.856555703729517 0.653681386744434 0.832667463687585 0.835965827068788 0.584041397124933 0.757216695940284  0.93919009395501   1.58511838065764   7.30022556280952   2.05230051436428  -2.27565515997094   5.35227064735191 0.0782485855238778  0.453142162589176  -3.69274932009234 73349
85603861945.6263 1500 0.824427638076269 7.97403168077418 0.0238028089204722 0.0747887304225364  0.154824012532994  0.273539078150035  0.364451840242077  0.854226949750528   1.12056928586652    1.5135059193719 0.177550609157787 0.831942770874932 0.642113702353681 0.794919302554228 0.816071858468382 0.571394605652991 0.732249343958815  0.90015104315014   1.67228256322877   7.31580089138353    1.9898031309528  -2.20683376473142   5.38631013341565 0.0358957140368915  0.629932106726871  -3.55322062567611 74482
89871930999.2043 1520 0.737707709918576 7.35473143865678  0.025916683063325 0.0732580112730653  0.146774307694942  0.267144263679703  0.343691822849835  0.785458196255873   1.06265533614075   1.40188715195529 0.180584055644812 0.827284273839383 0.639638090659099 0.773943914532426 0.813555752254461 0.560471465200981 0.715175731443412 0.899335658464045  1.69216397999633  7.21164648511801  1.71097464842075  -2.4223279503798  4.97612451127258 0.024763682128345 0.574102124768727 -3.28167104130935 71663
74607089425.038 1540 0.682275603835673 7.33068720279127 0.0259492198749869  0.071309893392946  0.136758068084591  0.252597288953621  0.325084525378383  0.761617196159189   1.05361745304395   1.39448447463263 0.174653756605516 0.851113371104672  0.63068367889919 0.764934554956583  0.80988071322039 0.546530774542921  0.70561915688876 0.887848656544367  1.67470893520352  7.51194872721292  1.58144291167251 -2.56342818563488  5.11856809384873 0.187475983085678 0.532038674713617 -3.52628528998888 72026
96902484162.5037 1560 0.675715184322336 7.69355965148448 0.0241101893780203 0.0737028988391227  0.131853735441462   0.23690686156959  0.331827928855344   0.75616125605357  0.996895253170895   1.42710284672291 0.169568187991975 0.901080718163308 0.613151432192179 0.736318879474117 0.810164660725388 0.553255523000256 0.685759002232549 0.859393273231484  1.70872356597314  7.68464541544599  1.65656992796533 -2.34238752143161   5.0574753868659 0.352595554123001 0.576611247206569 -3.39924922728544 72538
88283994768.1922 1580 0.600916027894395 8.10603254672744 0.0223630402106664 0.0758341183493002  0.123632552277888  0.225311028943789  0.338268476538552  0.723805218156655  0.951460865427438   1.46942536062671 0.178998660977215 0.871618929806722 0.601164445383312 0.714874305504829 0.829230453822732 0.534599389580078 0.681899403172873 0.823995448589729  1.71661053600786  7.65334287434292  1.65056079742906 -2.26832937899197  5.12311075843768  0.25303591291729 0.460909144130343  -3.3066022994902 72851
94579810298.7059 1600 0.690174053819093 7.93189045258159 0.0232476900428978 0.0888230945866664  0.115831319906336  0.213574008245431  0.328927112190519  0.670482689802171  0.878067303609418    1.4626257723402  0.17960994461557 0.909726133877324 0.621635417958174 0.725336287603726 0.810194246324125 0.516814734359488 0.667362345947768 0.790685287162107  1.74939530470175  8.03041000786608  1.30189570220682 -2.57105548651569  5.23403634249395 0.224641947617826 0.512695285579866 -3.33149888205839 72284
