nan 0 0.72 1 0 0 0 0 0 0 0 0 1 1 1 1 1 1 1 1 0 0 0 0 0 0 0 0 0
6876109546189.48 20 0.734445563254928 1 1 1 1 1 1 1 1 1  0.99808564575677  1.01158152180712 0.996388980058508   1.0642267891017 0.967775771236352 0.986360741210104 0.978600472347453  1.00350427180222  0.361427828165891  0.460140241967572  0.440111845047226  0.633605993308467  0.193376631852296 0.0157034436550735  0.274298310122107  0.122027148742352 67706
3746186338390.75 40 0.793345114457965 1.2347240976296 0.897271307672185 0.903445737293539  0.91161722930898 0.929331550506229 0.933393351729598 0.992372286865418   1.0836582624485  1.36792922712324 0.978911092497886 0.994523776266556 0.995487783926026  1.02959248250537  1.06433670791178 0.968754258524185 0.960819752975318 0.986145030289804   0.473606299237796   0.571016468167286    0.78366892666264   0.339239428619353   0.950737505308099 -0.0990603330075351   0.461845875258796 -0.0265674074827705 68043
5126223246337.42 60 0.811994753592582 1.33761717049827 0.821138792534771 0.836108834680313 0.852523902171237 0.892576897903931 0.951935116972146 0.998709408762306  1.14316448344058  1.46919769977719 0.974723623896009  1.01838649204588 0.990981442814197   1.0313884460308  1.03726020497112 0.944950506728625 0.956080905352376 0.964735171074332   0.54911403459174   1.08494075203932   1.00387622851429  0.705840615637187  0.668793968563507 -0.123111697308289  0.186741888536464  0.373657397565018 66743
3690782241557.9 80 0.841299440232421 1.45237790285789 0.750830880221561 0.772049477578469 0.806142695646465 0.848213144593474  0.92739145443604  1.00757201285575   1.1506448727308  1.58380383957851 0.946047693168212   1.0157228077389 0.993635466853425  1.00594997647315  1.04990268586962 0.913845470276453 0.943690600622417 0.991454835760986  0.661855309279577   1.28258176527672   1.16559575266998  0.475095785356131   1.08690727447762 -0.293171445873986 -0.017510612425739  0.752579288356014 66294
6981569296248.36 100 0.94226998446507 1.56370552072018 0.687287762398081 0.724517254988149 0.767732164094601 0.847355704440332 0.895007910616654 0.975538254704984  1.15891181536184  1.68053882385857 0.935176856692495 0.996134514346794 0.979566164292956 0.971628202618853  1.07099058469311 0.915098298465925 0.915314903201438  1.09699493666623  0.742268986908643   1.46221669996832   1.44901158178614  0.760673028849193  0.522908320219086 0.0152113005649582  0.107497298101262   1.66689537330864 68283
6276074362435.17 120 1.0136611983356 1.67995243535425 0.623725483402522  0.66232458869787 0.730812293911141    0.808567526844 0.937272664819441 0.982621242065781  1.29044902632791      1.7603031237  0.90131152456966  1.03887347200168 0.963391388915048 0.929933600028223  1.06653707356601 0.979988641508564 0.961117088119151  1.09952747941104 0.381005104359879  2.06360845284615  1.65283796657498 0.662537884785731 0.296544066358582 0.577276577705047  0.26370616264597   1.3231464747866 65674
7451288363937.36 140 0.991273096565321 1.70592032352472 0.606011895982376 0.637877672098549 0.752352403834291 0.866554925477024 0.927382354605807   1.0629273130481  1.29840516634152  1.76359409429154  0.86619526794273  1.02967844284737 0.944820544373945 0.900147270206037  1.10071096828232 0.985166629587952  0.97438332542205  1.07974505110278  0.344588758644163   2.29580424947043   1.84256521788139  0.314841705050536   1.00691308412071 0.0642690819740431 -0.167082873820329  0.722766661743462 66243
4172654714819.15 160 0.99074625461198 1.70944191829986 0.571935063184239 0.588522714361563 0.693238578849758 0.848302607469528 0.958469074410388  1.04544646214016  1.43365469199288  1.67130387858506 0.860712542209083  1.01421108521741 0.982499326548217  0.88653150561571  1.07834146020527  1.02234021665042 0.950851646295856  1.06285059159712    0.66682292364857    2.08881965302195    2.22019868620562 -0.0781587984927785     1.2732208257737  -0.582433239066173   0.011523177743963    1.17651308261128 66812
2595682046236.18 180 0.991396417130162 1.74746361665021 0.554103693682143 0.583053886449408 0.659342309284355 0.846067343932337 0.973337297017033  1.05283538762186  1.40169622277968  1.69202715874438 0.819119496765158 0.982634850538119 0.966123848031039 0.870794978619102  1.11501176653581    1.034157970189 0.942198197826291  1.09824072604984  0.618454344457114   2.11284964017857   2.11704240982481  -0.31423979489604   1.92119297723774 -0.936602408525724 -0.337508465603475  0.446079382327062 69549
6488385259807.01 200 1.07654709871757 1.78644548776293  0.51158315938899 0.533650568335054 0.680015299904901 0.847663431147696 0.903623092120317  1.06414681888164  1.56146880714138   1.6326600902358 0.803858677267403  0.94302935810127  0.99292355274912 0.855779997483543  1.10090344056825  1.15877598471162 0.927862449416722  1.07743867083498  0.511399141834809   1.83676558227538     2.641337812965 -0.488411809587845   2.05186594829999  -1.94828230964282 -0.141452641752926  0.777305035510231 70124
4770549408078.78 220 1.16925237599944 1.96452174561049 0.493290521300276 0.505323694671713 0.633429715212386 0.817478971562471 0.914061846808287  1.06961762536318    1.493321689892  1.90377864679319  0.77429381100417  0.95445900095913  1.00240165517027 0.849022757764922  1.08262373867823  1.24324754245211 0.901909443752508  1.05451787907146  0.608828804971815   2.54889799980754   2.96491226036043 -0.620113503651385   1.91483719553514  -2.80990622498041 -0.481722170728559   1.23849152064353 67427
3152411124849.62 240 1.28592861759664 2.17726498276522  0.45672938696322 0.493290946453244 0.615201573612962 0.767400017646892 0.857452911532229  1.12639444927485  1.39777173413529  2.16511780551756 0.737967956752424 0.959428912291944  1.10400795691102 0.837366804666709  1.06102289319274  1.30686779987759 0.885666847868389  1.03264382005035  0.524905805185314   3.03128653731022   4.04645497951439 -0.920516380666807   2.05129921322939  -3.45799503711487 -0.665930926691447   1.43035464552323 67651
4511458947691.67 260 1.30955275962316 2.50436634866785 0.426528948114749 0.462497905222605 0.577441049972615 0.722825151228417 0.849446246139119  1.05696122904752  1.29872287041403  2.67512592801388  0.70194891928085 0.983521849068421  1.18117819508622 0.820730540972057  1.02506162120129  1.28140439232273 0.882697046911981  1.00707664979626   0.380425590742979    3.53581255408645    4.66704821111227   -1.03720477321215    2.27917457579947   -2.86992993157985 -0.0902629414278713    1.24002055287706 68659
3604838704941.46 280 1.29707529041933 2.63996048944792 0.393157745412098 0.487853344779636 0.552592837400096 0.697155563775662 0.859836420031167  1.02915631799374  1.25511162787558  2.74007020415376  0.67453012096972 0.953272809438313  1.17517404429403   0.7871709025891  1.03048713692255  1.23357006210033 0.854674743978992  1.01731685807371  0.313195721732166     3.515623562896   4.79411277510664 -0.643105521677707   2.88591441837298  -2.41262770898032 -0.595745615967518  0.822441419661018 68472
3223450453328.15 300 1.3223220536947 2.65701247944751 0.369056965659004 0.491973919429681 0.504446511107061 0.643958168169908 0.787840595408408  1.12235825907088  1.18832181100267  2.60543711291713 0.642540752519344 0.952665840704342  1.18463335245669 0.784728656125005  1.08046358952165  1.18746937323121   0.8219561920271  1.00196920516802  0.374294320961535   4.11670211721834   5.17634508164441  -1.15842406407732   3.84794145863367  -2.33910270388989 -0.155272722217946   1.13908475511572 68901
3629415326829.06 320 1.45686585359181 2.7804989506277 0.343110766515462 0.459718570785236 0.487675438977187 0.596259267679066 0.765663068317093   1.1082766816371  1.18327244323546  2.65264917940383 0.611392689872587 0.918395446046392   1.1568213745287 0.749313087696822  1.20437313929784  1.14109867938873 0.809281048510932 0.964787576074929  0.219553131643235   3.77541995767375   5.28660563019109 -0.933993512271625   5.07278805483006  -1.92862238072662 0.0743381922054096    0.7416735950737 69326
3004073704316.99 340 1.36707291524862 2.86359310258708 0.316963119901136 0.438941197215801 0.448566607799467 0.564009661913125 0.746366668072613  1.01726705995475  1.32406440782936  2.59915002701467 0.584531462139569 0.891201714871769  1.15306513807239 0.723224987909298  1.20018641667354  1.08857536821456  0.79126723443835 0.950434247806992  0.407752434128307   3.89641919640652   5.64635867238667 -0.533787763180397   4.82272355620898  -2.13248488283556 -0.177602496020362  0.802525388188037 70678
2745935205690.83 360 1.25162747766052 2.9156645845626 0.293391936876121 0.406721522734499 0.455266196403061 0.534093572610743 0.685434509673743  1.00254652632216  1.27179553504691  2.49415418567977 0.560240210080101 0.864681319393994  1.13282641657163 0.691507048369397   1.1553873830766  1.03989438510065 0.759387539269091 0.922861026933307  0.488938412233593   3.23551773444014    5.6612720154189 -0.403097886442532    4.5961331736529  -2.34630934525786 -0.330042658876725  0.809194424678129 70347
3030240110868.63 380 1.18870789608514 2.94431097005683 0.269844853717244 0.384417959019964 0.442992313049699 0.500655613014409 0.633270053018899 0.940179818768419   1.1570260456559  2.33927615584809 0.542876409108721 0.857720930444097  1.12539592233856 0.661471861330962  1.13479794462699  1.04612138615551 0.774763545065716 0.914656518817024  0.484892312122887   3.16552832932747   6.31507189345595 -0.516617349860432   4.50617170462869  -2.33063753788566  -0.20572774485244  0.498000677539864 63481
3334591401272.5 400 1.02723190994386 2.97049559767456 0.254140375501625 0.355985014853329 0.423737839633966 0.502760618587816 0.637370428462498 0.900263393909096  1.23669970049268  2.24249505187542  0.53043555795578 0.828289533934627  1.13170655561654 0.642434078491868  1.14642206372505  1.00146796807527 0.765490702422035  0.88879090570595  0.168356776012023    3.4665620453447   6.27268081235715 -0.849845673423845   4.26961988972661  -2.53538967340261 -0.272688692118807    0.8419316887957 66702
3502507031770.61 420 0.854902126606479 3.09001070378167 0.235997366873421  0.34344821507506 0.423079621260644 0.479932981805624 0.616749226202607 0.821596807079823  1.17990734719361  2.25334206974846 0.508684105370128 0.811562382727805  1.10737182112753 0.613266578422825  1.14025327046656 0.974825792821219  0.73593112802863 0.867326199466728  0.396858272180355   3.70080501322694   6.36960387130487 -0.877589316332499   4.45334961856127   -2.5312871071756 -0.123328318828045   1.03247791920666 68448
2794020784802.36 440 0.894373316831694 3.17799932485246 0.217245642815388 0.315882358488322 0.409615103710525 0.468611455376021 0.591072297431717 0.784204014728437  1.08333119208478  2.19411141055968 0.494200852907363 0.809902417905521  1.20290897760863 0.608027593058513  1.14798954618412 0.984551354165379 0.749217767905662 0.862405175636554  0.217783109255471    3.1637392825433   5.20483787157063 -0.532653785193914   3.76814360597925  -2.23955523642452 -0.561072173745751   1.47244451478657 64506
2253039517202.93 460 1.00338531789249 3.49119499698501 0.206071987748276 0.293783662908044 0.386113806382997 0.439705961217534 0.629633663980454 0.753071157397456  1.08907847512039  2.51169657496754 0.478815857689959 0.785944432476367  1.24167272148669 0.588815798434366  1.22783745213275 0.970646393992063 0.728799757236705 0.902881710725449   0.36030137058874   3.53138048601848   5.02460695745458   -0.6947808133382   2.96727160080379  -1.83243093607748 -0.638992754114952   1.90870491994063 67436
2595447799442.07 480 1.08417506379752 3.73015089298465 0.194912492035636 0.276455513367886 0.363752982044948 0.441973888268838 0.614086544031585 0.816846019835433  1.11146730904123  2.71201742040091 0.458304848363475 0.788011593976354  1.28811864132734  0.57002635459946  1.21959189155278 0.972392169622138 0.723797812732339 0.937786509653153  0.419258227197024   3.40302480662098    4.1496766732003 -0.836217210627967   2.68415362356627  -2.24529717651385 -0.931026738064456   2.13813069954353 67350
2911678995616 500 1.1328055612896 3.94898043692829 0.181725366584147 0.255660910590745 0.349520937937218 0.424174867319359 0.617416922292513 0.794520978826263  1.19453652138675  2.83390650529787 0.444160043220551 0.759656541656174  1.27997342848304 0.548659202637177  1.18126196511309 0.956980000677008 0.777478814318697 0.939596920140921  0.266568439645103   3.65938109997886   4.09410480622508 -0.740977524614196   2.83684469249703   -2.5768554375074  -1.58722568472245   2.08966200205714 67141
2624007781939.11 520 1.42414166359433 3.9447375796976 0.175741200335082 0.243802984962056  0.34392934179904 0.438376492009142 0.614644395504175 0.775345593531001  1.18568049140443   2.7347008349622  0.42847932772529 0.754028527002336  1.26171842608047 0.530223082999216  1.15718469480179 0.945513929861018 0.830116450660269 0.927064053274355  0.170316060300943   4.08600929905886   4.02680737674753 -0.861986154391268   2.28486459361173  -2.83398992982023  -2.81405058113025   2.42238047229532 66883
3180426208098.23 540 1.59416575059397 4.03824036891062 0.161664576430088 0.225461214625228 0.346116588063688 0.483729074949114 0.607668775986923 0.734371298258911  1.21149948643394  2.63632653350452 0.412929098138224 0.737778309420692  1.26093974238033 0.514083167015826  1.12858906999461 0.919510854989037 0.828158238393837 0.895812848616684   0.30566466526366    4.3821727417757    4.5175242811889 -0.883565997743963    2.2895604483011  -3.17126750316806  -3.20938173619258   2.11998150571952 67273
2370820546057.67 560 1.66325726146004 4.1077833090336 0.153140881675767 0.213908229596203 0.320176108112163 0.488118274175108 0.583746726998261 0.690569225707459  1.14287716386691  2.58408142925251 0.395605826289814 0.715166552679433  1.21308461153882 0.490562470481139  1.11901755439216  1.00392694561474  0.86703372422944 0.875497704081348  0.407510340912391    4.1433345281292    4.2742282819925 -0.811357431296938   3.00390632967748  -4.10517623859898  -3.34629264196925   1.43170530308144 67169
2476463823263.29 580 1.49721315444819 4.12950444417272 0.143883648394816 0.203899906269015 0.298452774481303 0.484019507343031 0.554170314238824 0.761140240029724  1.25931981730036  2.45362007997763 0.380759311843696 0.710208657543768   1.2117414495605 0.469349933605973  1.12330234490381 0.991765607602213 0.843263309869408 0.843685638982326   0.17806178507216   4.48718143282117   4.78085202900201 -0.755975987553739   2.86607125062303  -3.01153169004366  -3.11169648917936   1.34421983583429 68358
2982252524143.71 600 1.42861810787112 4.29465143303495  0.13315653957246 0.187717078063943 0.287229016613887 0.501942484584565 0.527037839247159 0.714412937382052  1.19884710721136  2.45594333457522 0.363231212181325 0.690897479075252  1.18090957100409 0.460631143228393  1.11306382628926 0.950295126340915 0.841451015048154 0.834873503461014  0.192151248237907    4.5724040394722   4.52343869180362 -0.507249378835657    3.8816156924907  -2.88727547684719  -3.11573163921388   1.69211466665373 66647
2637666856825.38 620 1.39167193770284 4.34999508281972 0.121836239867024 0.178124411958093 0.280103457329924 0.499354240517819 0.589415666533334 0.690051415120709     1.09870372302  2.30544103679713 0.354066846978969 0.704501046596081  1.15369512367879 0.440762372724723  1.08859036216192 0.939404138720061 0.824858147495276  0.80811959700635  0.337532677940623   5.30785618493632   4.48640914545106 -0.634338517363432   3.98219512157308  -2.29776714419467  -2.79835836895709   1.76531265464422 69605
2380287384676.93 640 1.42027614651771 4.34647237523968 0.115576616970596 0.165503092084585 0.260958193281117 0.485847540372743 0.621497983257983  0.65412317124454  1.06096683843806  2.18345288773637 0.341489590472522 0.715244466779559  1.11206242697783 0.422953429357736  1.06392450906668 0.950799667316713 0.801669208261669 0.816741146368839  0.210395466002186   5.72699784027633   4.44954978112873 -0.615709509055202   3.87642472583469   -3.3591528906605  -2.97482393403138   2.58975111183704 67095
2702787107287.13 660 1.34544020168224 4.32537747146885 0.110305208243309 0.157415352182426 0.243496065930838 0.447064849738702 0.579230813070133 0.709542314205022  1.07871457989015   2.0636880373097  0.33190700311151 0.705043134388361  1.08464121268118  0.40865143771135  1.05090939158995 0.966393089521421 0.817272630138999 0.804798453506485  0.414210038604506   4.94455998961512   4.13249676850891 -0.888071494785283   4.43835104792724  -3.41126252268898  -2.68560664395695   2.21938454550766 64710
2557991054866.52 680 1.15914528869764 4.34196754747939 0.104294284502767 0.149154087967203 0.230811038441903 0.455846930286358 0.603077696638099 0.680539112225223  1.11470174406656  1.96622699927204 0.318042497277112 0.694821646020548  1.06009966003791 0.391147391318423  1.05123595863774 0.943431236862199 0.790601797261751  0.79289587377205   0.32726593470738    4.4941770788618   4.01499275995152 -0.740940542565936   3.53262772926924  -3.09297678096466  -2.97069057344714   2.15032030629725 66748
2839760272312.15 700 1.0854168129905 4.49245151250374 0.0942921082774173  0.137210089270891  0.244156935526749  0.435043306501904  0.595399348936413  0.647667355482923   1.05284648455564   1.90301470014735 0.307630908532516 0.708739201165024  1.03113504942128 0.376136938943968  1.01424914792525 0.973302848944761 0.789454384262495 0.762528704135119  0.292037561616642   4.16109360620604   3.95147984027472 -0.685376807666852    3.7749568561882  -2.39382295172057  -2.59360253593634   2.06702811337056 66812
2388071482605.67 720 1.02117845768175 4.47064688227378 0.088689605833907 0.126741390651479 0.242134062662402 0.453662484651868 0.547333701985815  0.63812930388814  1.11307290213409  1.77261108562038 0.305057457146164  0.69530511866031  1.01047552607201 0.365267957544549  1.00323967200652 0.972119389719923  0.77240749742983 0.794862287771638  0.124101061315536   4.06548775000087   4.07319733503667 -0.583457496828853   3.69257072194135  -2.16465501120812    -2.607186928921   1.55275241085374 66703
2308010076956.24 740 0.972186881560233 4.52350075914818 0.0855250093858091  0.117895491068266  0.222356629158427   0.46333325673116  0.503728305310506  0.629408021141642   1.13865156484258   1.75001779812114 0.294207000249511 0.681579121099054 0.978502684190888 0.349454704421247 0.965904278457208 0.971330731786293 0.762992750387106 0.812942033790715  0.201051607106972   4.19964360583535   4.36252596880077 -0.570548463840396    3.7324801119499  -1.96768880510263  -2.46894949409296   2.27101272218342 65632
2063632746622.89 760 0.917242147021535 4.49665168541821 0.0795322438773116  0.108037946272498  0.217405924147406  0.455059047540239  0.502435217828795   0.66583235795186   1.11374622678706   1.60813213942122 0.284768022288514 0.685879732579727  0.99698629659855 0.334670606312872 0.922257677724249 0.940583328184181 0.794790388111394 0.797137900349929 0.264104067427655  4.20178493707397  4.20567148529692 -0.70279077520771  3.69975787168273  -1.9643164798133 -2.09011818469198  2.52404719013837 69671
2006477377361.97 780 0.943003893770437 4.70486832924184 0.0722200096576096 0.0990111293625201  0.203218382753078  0.464641746367334  0.524564891781166   0.64823372379736   1.04935017691171     1.598646678374  0.27263950499218  0.66139720045194 0.975501502709204 0.325977866891011 0.957337298120875  0.93043593157679 0.819217073463127 0.790020293778904  0.254451663554192   4.25550674040151   4.55417760664987 -0.665731704019455   4.35650212714877   -1.7767254885312  -1.57966162145219   2.80352350498774 70577
2417632587504.57 800 0.888733239938455 5.02200577237205 0.0660658436506183 0.0947707427266034   0.18873709500283  0.437068289781331  0.511121982413069  0.687153936738784  0.995963437718972   1.66621638308511 0.266036786662671 0.643520341707007 0.967887030259149 0.312993158877368 0.934177861442509 0.940688086822556 0.819852156628759 0.778969373922041  0.368306377765991   4.03603503301144   4.27291173083014 -0.716457330701164   3.97207021955765  -2.36910096874393  -1.70603743708482   2.80304772828096 64563
2294553500339.95 820 0.785722363814012 5.10387989601644 0.0622188526999228 0.0894420266569839  0.180665970135161  0.421589189000627  0.500699426630385  0.699366721629294  0.981439431215137   1.62077560266541  0.25530429240774 0.648331136416282 0.983821803127648 0.308853112193939 0.935864911071128 0.917705288344224 0.829295981349812 0.757795235941534  0.352255357422737   4.32976760386288   4.05887764586328 -0.617217938053519   3.78296338367377  -2.20114326902593  -2.36734544757769   2.75758002621841 69498
2186626334964 840 0.761723546208583 5.27869071672965 0.0576016481468485 0.0859288712472174  0.177947284603071  0.419143270621427  0.532246289443154  0.663375047068764  0.987532806340207   1.60504548424693 0.246380908319943   0.6585072709088 0.956188891665156 0.299324133794273 0.905032591325149 0.899402162607339 0.806334288071694 0.754656946316274  0.322999049788489    4.5381301571867   3.91484463798141 -0.560560135808561   3.74997183760705  -1.81569353711922  -2.42670874539698   3.02645111634801 67769
2011520975269.34 860 0.726927131318113 5.31348692239258  0.052894701873401 0.0795975958216195  0.171457231901801  0.417332333694546  0.528642628369355  0.669576990424246  0.933032665111483   1.49338369645036 0.241411284679242 0.650104866533827 0.958489731863004 0.296409692633105 0.881085128695282 0.884722883530094  0.79861279691717 0.739013061008575 0.372376964509074  4.67199126063512  4.06945443970131 -0.53361909006417  3.49089801941146 -2.07647153116845  -2.7157546802505  2.96838422179912 67489
2348663876245.16 880 0.715283202603973 5.36468785591017 0.0494782981190593 0.0751933594731733  0.167662204152191  0.432489614073961  0.509660728908477   0.65068570285777  0.921296124407484   1.42397927423392 0.234666597004172 0.632450487074038 0.938843848750536 0.289330334070039 0.917896659273353 0.870577393493188 0.783525936551166 0.722869381275766   0.32891678895382   4.71124659799863   4.26204887748499 -0.642190148851954   4.17800621549681  -1.90428460845853  -2.56690885459062   3.09359697069315 63861
2126896033109.31 900 0.696666231953051 5.49788712166035  0.046462426941152 0.0724046343454056  0.172013505727336  0.414593037840769  0.478308905668118   0.66482953813165  0.904073348666483   1.40440875837956 0.223815600043186 0.614119925386605 0.974511136126256 0.282398130017607 0.934566992348245 0.876861337495052 0.760232659994109 0.706724620043219  0.311457751705747   4.57481843917999   4.00916380094473 -0.707640325826326   4.35889283545749  -1.61987643644325  -2.29627475234441   2.92423321784034 66577
2107427042030.12 920 0.693288143107703 5.74791662621771 0.0429772668801797 0.0695444940864376   0.17010248979076  0.414349418721453  0.441273517638413  0.615761041025173    1.0024574008967   1.41990638908936 0.219163146160944 0.587896933306241 0.957339516377157 0.272727886368675 0.958866482596347 0.860687734153318 0.773814898657933 0.691189535433828  0.399702386171633   4.48965000776772   4.12261128402977 -0.687080673835766   4.70144694771272  -1.82230739123675  -1.97686261675119   2.88240091258203 67342
2014008236767.09 940 0.827186042340531 5.98133587707538 0.0407371754285825 0.0671988619872585  0.163984857140248  0.412638926200778  0.450319201661333  0.584529612241681     0.944438259828   1.45742862240542 0.213916595443087  0.59069321290684 0.933415896128584 0.267079701661896  1.03167491933713  0.89118098389139  0.77203450244267 0.670096499357742 0.450807245848563  4.33767819595829  3.87083444144051 -0.70203886460647  5.21388815931157 -2.20187121211667 -1.76013092145289  2.88961055476329 66511
2178548195428.45 960 0.890583483931041 6.25193160562386 0.0372873144707907 0.0634051440009903  0.171853555814164  0.391503683817494  0.505206662841854  0.667786445050875   0.94641988895454    1.4574361654671 0.206690909121647 0.590555387308959 0.892444746232309 0.260152681980209  1.05376530651281 0.877747326123423 0.787601593310566 0.651866578249686  0.400297857313412   4.29928456489246   3.82180514189695 -0.740476274273904   5.37961734082156  -2.50453831646304  -2.00278744632521   2.77751462861162 65307
1970404550738.73 980 1.13461201227254 6.43021885041299  0.035079759757159 0.0592229477261552  0.162161889180237  0.394880291110493  0.486161162187032  0.679168025208034  0.914579870682368   1.45046788991198 0.203369942776037 0.595591171834498 0.884289829108587 0.263271721872622  1.07707093133111 0.930445122519161 0.789467787746829 0.682565212527651  0.304061779693935   4.16428236631357   3.34773266220366 -0.601872550564616   6.17107434871455  -2.11284329587123  -1.51801989096456   3.34225756125726 68586
2344920322246.33 1000 1.18414483207012 6.41879743382565 0.0352260059878394 0.0574389062600896  0.178901614323663  0.394803520574694  0.482553161821133  0.678473518151516   1.08359124510262   1.45134528115398 0.198170229572716 0.637062682786663 0.854795782256942 0.252044535967356  1.04753098141477 0.931318846497704 0.797033940710747 0.653421674016792 0.404172804871119    4.910712592793  3.51312927661699 -0.61633969541491  5.98631253005722 -2.58358183564671 -2.16772982731319  3.38593427943002 68460
2333960482377.92 1020 1.23565103573024 6.5824832772466 0.0322156237391154 0.0530764422670274  0.167372538907568   0.36724823656156  0.510187740915577  0.654653428787324   1.08559397096704    1.3958735346037 0.193857076350788 0.624305839311953 0.895459395142748  0.24139824459058  1.06502805270365 0.929506843202246 0.787638068258886 0.659685243480531  0.344306073970438   5.00025853765853   4.32573021578074 -0.587967168857875   6.38321293713976   -2.8242170299412  -1.83258850764303   3.70862376739662 66036
2085087028581.01 1040 1.14954123970418 6.92204212061959 0.0300058287515829 0.0507081222950195  0.166240454250014  0.360475065915654  0.535535398894704  0.638436400659252   1.12216449248621   1.43771929628077  0.18740118546034 0.630061720708252 0.885993182301839 0.236943878114396   1.0682341594687 0.938600349634399 0.821957299746942 0.638762727933212  0.375023763085936   5.19146769896878   4.30519045650553 -0.582031519067552    5.7129718795696  -2.19171277264603  -2.35369121943336   3.71080121990043 67040
2088496030711.91 1060 1.13507244419734 7.23583951728686 0.0285734641698847 0.0505399538457775  0.160589582589754  0.338434509018718  0.534315989068373  0.610650519853166   1.15981420282193   1.49603153630099 0.182707356070795 0.623998162775117 0.866678439670729 0.228681110761417  1.13398185575556 0.913414589331185 0.857845859732491  0.61912027053822 0.296737639768113  5.12511019316493  3.89375576039503 -0.56288724810743  4.39793593744244 -2.57941535249084 -2.90265195904899  3.65187378187825 66216
2168232552172.09 1080 1.14042288579796 8.00145083171869 0.0268914396070191 0.0474067557457437  0.149701064009339  0.319487945048129   0.51605002065469  0.590375511552307   1.09404357562838   1.72167643071004 0.176951449297361 0.647546433347546 0.873117612848497 0.220364790429476  1.13924794839002 0.908488177924689  0.90663158230269 0.609772968018364  0.386387029230795   5.44068317891073   3.91443457608519 -0.602939223648159   4.17697895604826  -3.10528901774529  -3.64244962082007   3.69311338362423 67605
2108005142411.51 1100 1.08442576107664 8.60096071777534 0.0251303784898153 0.0447359860237474  0.143883530470299  0.299555672155506  0.499338282292204  0.572339538790368   1.13452229378512   1.85905807936418 0.173317857158533 0.656101410155737  0.85953242188983  0.21887663592442  1.11156699536494 0.897505096261237 0.890792002550438 0.601260599715443  0.467680168992409   5.72203933881454   3.92343568383341 -0.752341503622939   4.14832019395681  -3.14210612311918  -3.51639049754924   3.62259089791987 67908
2158312138083.92 1120 1.01901312528106 8.74510915421232 0.0234612824831711 0.0428742375112997  0.155993593315083  0.298864137714356  0.474462901522412  0.561679363448036   1.09174991882014   1.79424695481479 0.171850706699935 0.659110890006938 0.839931046413392 0.212218809135522  1.10096026509908 0.903038095274359  0.87911137273202 0.574645987750173   0.40498384581049   5.79608907422915   3.55378941900419 -0.753997650080596   3.66485824765902  -2.59843384165822  -3.69708134120912   3.65383378123693 69478
1783274474911.19 1140 0.980931442491429 8.44992458201382  0.024447530855962 0.0401240800186198  0.143538894150639  0.284498390913277  0.463043194257357  0.543880856427506   1.10001033138358   1.74558366213998 0.164836693499978 0.651039902262042 0.812599045296231  0.20668811885207  1.09838920453951 0.882568994578424  0.85619812557634 0.581454914666756  0.42325671246925  5.87274947098546   3.8050671210557 -0.66141481973903  3.53247953312111 -3.01333616021233 -3.71205967346875  3.20194386591998 69236
2220463066625.58 1160 1.04451257345758 8.7711937997633 0.0226194997833352 0.0383444449930485   0.15717437523246  0.270436730680431  0.445575115619179  0.506967051843041   1.02929098903731   1.74020499243421 0.159595999557053 0.673680057239832 0.814002367921196 0.201786685145978  1.10435532897048 0.994783534868288 0.899370100309391 0.594047378224055  0.416628921047564   5.58600383890334    4.2155772200116 -0.646615484844211   4.23367131223308  -2.07420702696036  -2.88708649266687   2.97097568924749 67421
1836471967954.35 1180 1.01437916901779 9.73065346083824 0.0209511356620441 0.0354952703396492  0.153147260208743  0.258499141904103  0.437148027066158  0.559722478710167   1.10485274647014   1.98377120229573 0.155309019653038 0.646577232967109 0.793415245779107 0.199513828498427  1.07810010873603 0.981271493425841  0.88042459275457 0.614592067918351 0.353485162642152  5.62841387767981  4.26288338003485 -0.59394615723213  4.44387831000765 -2.79114907263072 -2.88010478685477  2.81586549729004 66412
2415721608209.65 1200 0.973650996941833 9.59880307091269 0.0197857360689581 0.0360961770365816  0.149988416545973   0.24248808775585  0.442243571859591  0.569769468480841   1.10619076606893   1.82299876769911  0.14862910586503 0.635567891753055 0.775459942213498 0.194238629108236  1.03666366011825 0.996145078792277 0.864748972886128 0.601701874843485   0.38784245514473   6.03400766205357   4.49709287883491 -0.537463652238248   4.30178295452362  -3.36218967019347  -3.31968110391689    2.9615321509391 67034
2109300117217.06 1220 0.858317119454538 9.66653710670227 0.0181966437912765 0.0354191730269729  0.147146592495119  0.230941570496063  0.415650139147636  0.545588228835241   1.14864437916195   1.70032969070864 0.146710215755742 0.622416575784409 0.766259982600556 0.187338227642203  1.01149600818821  1.00855160353761 0.835971060101217 0.578880801569932  0.357403713612124    5.7845543363788   4.57310608913652 -0.507934435390437   4.27132400369582  -3.40914508905835  -3.28519261954174   2.91593496601968 66422
2236037047688.63 1240 0.79263822306315 9.46656380757827  0.017641306102033 0.0329637312559468  0.135842592900177  0.230454480988603  0.417622242966933   0.55065701592755   1.13930569656511   1.58094029431503 0.142005132829965 0.612720712345464 0.776351137044579 0.184585283939426 0.969169015385012 0.989342365391631  0.80030619229911 0.587853080895774  0.376093043562906   5.69935040468428   4.86286249996906 -0.477662184146142   4.26579129209663  -3.48656444014506  -3.12591407369875   2.81978774154093 66420
2274228340250.03 1260 0.702130587128416 9.32775927462029 0.0166613802577242 0.0310527794154621  0.126793597525316  0.219488057707198   0.43069542796177  0.538062791424509   1.12412078931183    1.4496582630128 0.137470261072286 0.590759923035615 0.763957424807086 0.180964806132956 0.935455789296403 0.998331121647035 0.780266909291527 0.587165653313963  0.351536488059704   5.76701488801927   4.71600618046831 -0.472918218616506    4.2414112815352  -3.82617165977525  -3.38189203031375   2.88836239800367 69163
1782530960043.85 1280 0.662732556937454 9.32423125612186 0.0157316542871495 0.0293738175927942  0.118177868438109  0.227643190751334  0.398338930656755  0.537580717861696   1.11502060983843   1.36773029423883 0.133090013791889   0.5874725318952 0.747824730176879 0.179961226608284 0.906299993332114  1.02689302216839  0.76380894199762 0.573584425180383  0.362589556440083   5.95711043948954   4.62697248121189 -0.542090021798414   4.07084697687838  -4.19636635433984  -3.62529457114575   2.85850978515887 70174
2303828368072.96 1300 0.609657061113521 9.63358461090024  0.015019234536084 0.0278090701823257  0.123714279338901  0.213947077254342  0.366625458478959  0.526303425666666   1.07546403549672   1.39387436627192 0.129229441955299 0.568292665464611 0.745705207524851 0.177184836211081 0.880348527773849  1.01255108116889  0.73985171529467 0.549054458126792  0.383492791327759   5.90627979616363   4.68542285927102 -0.577212491879894   4.18937580295418  -4.37328520702325  -3.49762603590448    2.8466089309473 68382
2300313152772.48 1320 0.587379160139122 9.56719991241939 0.0142501699781224  0.028207947451011  0.118808647025384  0.201439236930791  0.337278841185233  0.508325475922089   1.06359500229164   1.30433678516074 0.126695159839994  0.54721357725447 0.718531058314445 0.182406767001286 0.857614580960282  1.05381398639368 0.736152688653996 0.566986972645208 0.379146883938279  5.88212566781239  4.60929966833748 -0.61202135857996  4.18801913706166 -4.66801994447271 -3.59619150580701  2.83515434017046 65721
2260083164104.81 1340 0.587961008957304 10.0210499251997 0.0134304262041669 0.0295942175033738  0.111497832917385  0.206212260848868  0.319331799710358  0.500938310508915   1.04476756016253   1.34870276076977 0.123181237949173 0.539254707534812 0.713148585678784 0.184029343803953 0.894738975731492  1.03533579707943   0.7312218020593 0.600302128164119  0.361488851133423   6.00624262072745   4.71912674290096 -0.639877200832226   3.80449356959366  -4.59451559755513  -3.78829074061518   2.57953949600318 69361
2044587294761.83 1360 0.600417955965135 10.053805000022  0.013089746086354 0.0292449702473174   0.10494062591441  0.219681422122799  0.318593502465249  0.566034370052764   1.04125996208919     1.323098378932 0.127786386873551 0.538393271680698 0.696359766970907  0.17710614927818 0.903913543389362  1.03541767076812 0.715266055925622 0.599827729223831   0.31939329255899   5.83495474006525   4.80038593397296 -0.626915661249011   4.21834363132038    -4.929837046133   -3.6488436593868   2.48378599779969 68054
1728803239102.62 1380 0.582107473062265 9.69659895673161 0.0134416514580011 0.0268736027784467 0.0984244861508067  0.214604214727142  0.326398083931661  0.528209916900843   1.11123825746611   1.26383825778296 0.130739682493207 0.547688124866813 0.679727165045152 0.176741965561833 0.882447096455292  1.00465706559202 0.710411980509033 0.593689430112836  0.301206556428378   5.95756424852292   4.61190292520122 -0.638474488976198    4.1764075691452  -4.79911230099217  -3.85424601828537   2.62365416818871 65292
1832382307539.65 1400 0.601940953320159 9.16777821479124  0.013822735194649 0.0265590427819208 0.0972524569254327  0.201673585029333  0.334197118948056  0.508977873135616   1.11126467166177   1.16177542327757 0.137420584232416 0.521679158161055 0.673268780175408 0.176577468796071 0.927828508156361 0.985484380955191 0.698300034091794 0.587251656506621  0.263531936863243   5.93602491058718   4.81085399268363 -0.568094879626453   4.54017597493917  -4.99417028289831  -3.58424400730104   2.70638981337529 68742
2109738087103.4 1420 0.694752158709622 9.2686359471994 0.0141623878215307 0.0278945228580051 0.0901847417283667  0.205474525203438  0.331914531806181  0.486863605402224   1.06688542787077   1.21665692252187 0.136195500362832 0.531331478081071 0.663774838420956 0.178428349124691  1.08919094771541 0.954084920959648 0.709776163067281 0.577516249940858  0.238940387967951   5.68820777095493   4.88055235456867 -0.517518227073773   5.27230875753007  -4.98642769219316  -3.28046949432995   2.70089997305303 68664
2015737782644.15 1440 0.767695958752767 10.822042154111 0.0133372275492617 0.0267376582834299 0.0873970534982624  0.194280714446838  0.310908404005903  0.500691334798683   1.01185515503414   1.56201069578653 0.133228841685435 0.573348053462899 0.672997807089009 0.179519034191315  1.24248574261354 0.975903957044361 0.805194498632062 0.569177187945358    0.2378230873104   5.40599622954424     4.915330087762 -0.577953385626492   5.63976756422807  -4.91677983283282  -2.93123135847379    2.5208336407898 69189
2490267214614.63 1460 0.803262844071214 13.1899268404401 0.0125209653288475 0.0260584223052814 0.0872125328421553  0.193242202972345  0.307778713281751  0.495431230814323  0.999522633594699   2.17832455138823 0.134106631803599 0.598454070679934 0.675633052453525 0.182553269637742  1.31562688539774  0.95832440349813 0.875641508600014 0.569742308586896  0.225562057382646   5.30951395403339   5.05574897043175 -0.520330735578612   6.17252244623137  -4.96275068510186  -2.60089900421957   2.55813210920527 66239
1823809228079.22 1480 0.791060845922839 14.2569373246933   0.01233455032579 0.0250018203194562 0.0839481933368028  0.209319740748287  0.285840379595362  0.514032136360774  0.968950944847364   2.50712392939498 0.131022614134653 0.579170480792511 0.656039532579237 0.176643934024063  1.31520210591552  0.94216729058456 0.853824470415058 0.562182547745934   0.27592667768539   5.33133008198139   5.07238656177487 -0.537221025688731   6.22094018481458  -5.02253620585722  -2.84482104914682   2.36223147578704 69169
2331635084863.56 1500 0.823797408629057 14.2391546844735 0.0121883620509755 0.0236363621263379 0.0769713730027942  0.219445828880172  0.266106700529537  0.479669734786768  0.927445800151109   2.47123338356442  0.13409914500633 0.587927712202164 0.665650430073857 0.169399018810273  1.34015032702476 0.941933075300029 0.849619862978365 0.554163390801054  0.218272167386068   5.57116342976821   5.32189203731293 -0.572487411414217   6.47249506798582  -5.14819558829329  -2.68835688556043   2.27174576714865 69005
2407743801033.32 1520 0.96905954595598 14.4423783230248  0.012424562478401  0.021831720625039 0.0813285215475903  0.206193137092942  0.264297312384154  0.451332419034808  0.918668503387835   2.59154371418756 0.135288319210499 0.579864163316473 0.682153389813767 0.174194796759864  1.51473916970696 0.984716221056989 0.957990794957094 0.550838711518549  0.191943503257052    5.3807759488442   5.54513486419201 -0.484335525064724   7.48290763352617  -5.56391025122714  -2.08959158903596   2.05419177635279 66560
1831254808639.69 1540 1.06298536934268 16.7532463283079 0.0118682829929029 0.0225363997233256 0.0877728837136739  0.189350340024452  0.273280232823276  0.410881197716474   1.00871758049528     3.331085971764 0.138677610464378 0.614102566796976 0.692384068867356 0.184727664362084  1.49144216196928 0.971234573655402 0.985529683937321 0.550091352751664 0.311521244195881    5.899092422163  4.89629136518786 -0.66604989296296  6.44791009074139 -5.37083563032122 -2.88592134611421  2.11305153516464 66210
2140027553835.19 1560 1.07796259133012 17.4787107673705 0.0108919558587293 0.0222670882088267 0.0947511966900772  0.216079315764799  0.271017224909198  0.402015774611706   1.00686589886618   3.32755056994018 0.136224139613144 0.591140251201759  0.67568154568727 0.178648842850665  1.44873301489376  1.01564035026496 0.959125816833852 0.534404544259039  0.351401414126383    5.7493224929312   4.67636318570615 -0.623836052718197   5.75738839504117  -4.39428816025479  -2.59177353928535   2.37505966911763 69147
2362141472302.17 1580 1.02415258895416 17.2719745247484 0.0104489499742741 0.0214627779243975 0.0938469800904099  0.214638146784676  0.257055967162758    0.3706515552919     1.107081322987   3.11714229179443 0.132271015328628 0.582461034603349   0.6518644361544 0.172831397299776  1.39837538981957  1.01032629187725 0.929415244316545 0.540999281117901   0.34592819631472   5.48693184728442    4.8858056724581 -0.602131359877042   5.93465930741457    -4.592578714051  -2.38802914502513   1.94325676833249 66699
2206250639559.77 1600 1.05729186096068 16.6879159266979 0.0104139204490876 0.0208244912828945 0.0888188295505194  0.217545128179045  0.264277977083083  0.360862591453327   1.08138068816486   2.90013665262948 0.129171530625764 0.572798231170558 0.626891162676832 0.172431295988581  1.36788400800108   1.0635843153601 0.929252023261127 0.554551835525647 0.378819428167757  5.47143408906928  4.97658861535077 -0.56075991703185  5.84112853355939 -3.77726785335591 -1.88739429249053  2.16711733679908 65603
