nan 0 0.72 1 0 0 0 0 0 0 0 0 1 1 1 1 1 1 1 1 0 0 0 0 0 0 0 0 0
33007675937157.4 20 0.692231650951628 1 1 1 1 1 1 1 1 1  1.00968192576662 0.975478414895003 0.985879091062534   1.0500022965025 0.965566727489305 0.976899590424853  1.01853018168586 0.975411881927307     0.11227717124373  -0.0906941995548202 0.000385804591535362    0.588717445496838    0.209761220273579    0.038511830482596   -0.502598114259276   -0.202911116971133 72834
11315686790019.2 40 0.72393342783139 1.18697314539981 0.897036045763851  0.90483216291448 0.911885047852109 0.927277992005872 0.966571234706323  1.00103862048864   1.0484822232536  1.26383879243244  1.05931686107828 0.993127513644811 0.956922124990833  1.01199990492862 0.965616482804417 0.970419494747157  1.03205232935952 0.948141093790394   0.460000754144127   0.370516393477218   0.108303619827055   0.478926756625418   0.592723169999302 -0.0482204662872468    -0.8481619670509  -0.384357416694183 71749
9136041628923.31 60 0.842982669821171 1.31357007939603 0.819396951111295 0.821137562423975 0.847662864194202 0.879751215621632 0.945266801657359  1.03392085079853  1.12555284821761  1.41384186929031  1.14277318927544 0.980735881616686 0.992536577072667  1.03520482385488  1.01357953710885  1.03635933533925  1.01365239077227 0.933398005239618    1.1055747411473  0.557200386932176 -0.297739429605371  0.936854572827963  0.923302836476083   0.53589579939915 -0.959699091904246 -0.522198399080295 72097
5359605278071.16 80 0.980586359440348 1.63506172308211 0.764989034008671  0.77554863821983 0.805239440709234   0.8579993844891 0.892520430176366  1.05957341403212   1.1236459151207  2.04514221451496  1.19758646831875 0.979005065476415  0.98270696233083  1.10355244538966 0.993202834188494   1.0168439068317  1.02788488613854 0.904119804808984   1.68563480178331  0.805757908591216 -0.219829824591681   1.65152248444779  0.462192720157381  0.666541236133657  -1.24069302501188 -0.587353979203342 69304
6376165058818.58 100 1.08648877541906 1.83496043855369 0.719437239659727 0.725971848080474 0.798886884586362 0.831901796373465 0.909791363092651 0.997424662879102  1.06479220251558  2.42240260498095   1.2812778698848 0.967758526449598 0.999963931950276  1.11429790704031  1.02544436983379 0.983366926487895  1.01645543171232 0.919097778689941   2.50343638329221    1.0904120242566 -0.573867515191504   1.54346421946165   1.19274291691158  0.589455046353001  -1.49872204812768  -0.30608523301713 69785
5562595859161.34 120 1.22523217040479 2.06448369505294 0.651681781204407 0.727781797211994 0.767289205154011 0.842869510237771 0.918576361606779  1.01424687478936  1.01631243477137  2.77752831041694  1.43290794486966 0.953280763029502 0.999033059408762  1.09346760079861  1.03100183583076 0.948417542264887 0.990668743943566 0.894750191438926   3.75794251063414   1.36268063618028  -0.97269736527316   1.72662698209967   1.00005440193522   0.73218609374409  -1.46890364836488 -0.493742771284181 69723
3883639415656.32 140 1.50868424731116 2.31434734265766 0.608841487430669 0.668967467459863 0.731722540617499 0.797268289537947 0.862002789034774 0.953285382655345  1.01700398746933  3.26107898048407  1.48045613357004 0.927412324351532  0.99366195934394  1.09011467140899  1.07619461995525   0.9406130491139 0.969728351456836 0.901696674112523   5.26507808209852   1.12377882723905   -1.6514066428808   1.80357391416577  0.948112951284611   1.65756102991002  -1.01517793825285 0.0168788905715727 67567
6477182544025.85 160 1.78683266583003 2.40112226758858 0.583315601711732 0.625643642986059 0.717440793730688 0.799219609201659 0.831216829855085  1.00606221926692  1.09799625394285  3.36304085426639  1.48501364079055 0.913890944985368  1.09107452006691  1.10687032277717  1.08028163334663 0.916997356574936 0.956845506038445 0.890529475425838   6.10575074258909    1.3125821683497  -2.87796142902545   2.37256880209516  0.560344504322135   2.16284108982993 -0.704898476484743  0.376420725947744 68618
11810310926953.5 180 1.6885076193246 2.51680629323642 0.544285721455979 0.590192598184779 0.691007912028836 0.776760401116253 0.866626222890583  1.07960949876656  1.17639734573094  3.44767662061008  1.52110209665403 0.883022643778341  1.10079193233096  1.11830531791232  1.07673839686637 0.895351789994837 0.984086391890583 0.891254703743275  3.47466330728555  1.60806533623175 -2.32223062979092 0.896983542898493 0.971783668600925  1.76249250266162 -1.41463385540727 0.216375003881225 70635
6692011446703.53 200 1.56352516016453 2.5606132195219 0.541031030458098 0.597672631546246 0.659280553193198 0.756251045114583 0.881058447255061  1.02367508866521   1.2732429896737  3.54739983110244  1.49413571191088 0.853000783073097  1.10170899402758  1.08031411172533  1.05438673906013 0.878488283689731  0.96401613117623 0.893386156560937  4.52143539188237  1.05452971570442 -3.33553591053062  1.27818469861477  1.28262879630585  1.32050084654915 -1.00372199646789   -0.275020392428 70464
5083661472386.71 220 1.51422940656332 2.56862847107165 0.507080618833256 0.579697121704172  0.67390534216371 0.795292830543992 0.822079843771899  1.00846098135683  1.21967240875483  3.34564298790491  1.52396233221327 0.815104957410847  1.11791002481414  1.07034637539316  1.08932962181305 0.853038509837111 0.945410336580685  0.88883113494692   5.59349709825064   1.15069936931734   -4.0639932820191   1.76942292823914   1.60220823066471  0.856791115341923  -1.41026916010318 -0.424383381109441 69444
4951653203387.26 240 1.40827231181886 2.69382789588131 0.482825431512281 0.565760245019287 0.662345877060907 0.776421650169669 0.805010513958713 0.946801899675763  1.23746754110016  3.50372352519021   1.4784068310558 0.781500713856001  1.09409593070489  1.05068626864573  1.05882299427898 0.824867805599738 0.918336544993341 0.887273871772633  5.22555959669297 0.777437452240925  -3.7445923629388  2.32446403286715  1.78476368417793 0.631830011794229 -1.28248954313901 0.447694295607999 68901
5787975397825.76 260 1.4448970247043 2.70918568955577 0.447368689286531 0.546948050941094 0.611574469179763 0.745265142947385 0.798112217894668 0.954435272378383  1.14227758735613  3.28354619792116  1.43254634765486 0.757660914913273  1.11563177093933  1.04968773683972  1.14278224442308 0.831124927993312 0.912910692512119 0.867358460103515  5.26586468063477  0.41366928674452 -4.02815151546368  2.89004274032626  3.22792052822833 0.653773599972368 -1.68294055039656 0.371369438806194 69750
5061272159389.39 280 1.34869410411038 2.80587235729361 0.421103690200721 0.526839233209024  0.62893670386415  0.68876539672762  0.74265178937744 0.910116958834547  1.32142492388443  3.31531553218612  1.47295022761417 0.722718039513488  1.13346051183149  1.02374352022017  1.12780692831312 0.808561694125615 0.888488124539824 0.837379749631797  6.31251650699172 0.506601934611517 -4.58262028093773  3.16727344463438  3.30603460386997 0.629409021567733 -2.17310127035141 0.182826465380249 66373
5587917084477.27 300 1.11208178696335 3.02640451040322 0.381556424592527 0.486382099865564  0.58934400683622 0.667793468872489 0.691388394815769 0.834109182519305  1.29572745527013  3.49472270526901  1.43572515265336 0.687597377248764  1.11742357056332 0.988692529599459  1.11121818156719 0.797756525340146 0.907054069292511 0.848016901729371   6.0480881907723 0.607652700991069 -4.29834650789448  2.83628072276497  2.83944985465321  1.17588495136052  -1.9445026841346 0.220504715601184 67684
3040975311766.96 320 1.19028821292191 3.02474701081698 0.367307512343204  0.48477339135121 0.567462089968451 0.644440840325877 0.665064445806506 0.831374469088568  1.25239240998205  3.36053113343834  1.50736189596172 0.664969621804058  1.18099301355427  1.12608737099074  1.13435725649273 0.774568059648315 0.887383662137204 0.810955330623096  4.43819048671351 0.925273134973184 -3.55418410674215  1.20058043589831  2.64473783568397  0.85019779831463 -1.92301869679717 0.119852542087165 69166
3418131122036.61 340 1.17521257178829 3.44078998456253 0.333931699668098 0.459584409544402 0.543714539826912 0.609532036301007 0.648116259672455 0.894728350437674   1.2659255098187  3.95342931969825  1.46584721068402 0.639530689277091  1.19139437846114  1.13128686887501  1.12835078719184 0.768827241325804  0.86706135634694 0.790228363427891  4.57197259952824  1.07870654418524 -2.97390753951007 0.996884506808129  2.29378268501678  1.26068354624637  -1.7156309741056  0.12672140409658 66361
2604410761977.11 360 1.13260533942974 3.53451951980086 0.305992706559133 0.487981116548007 0.517772443893785 0.581875573072997 0.662390542811345 0.928558933876039    1.190179539084   3.8227143244671    1.449194399122 0.617165761295622  1.17697882494956  1.15006088228944  1.11075370716151 0.774955974343447 0.841609588192951 0.760819184303628   4.03289947695868  0.958699913728739  -2.99920682557473  0.872489687783173   1.76003274638848   1.66110545394155  -1.56966226770969 0.0479004295838071 66983
5155314983345.33 380 1.23963485256187 3.63861234131444 0.286779764539675  0.47293529773001 0.527937734793862 0.544790755829503 0.646956984706195 0.896455804033115  1.13778329259965  3.79682062676858  1.44353817064071  0.60017496349498  1.16333936845192  1.14472715503204  1.15750617164531 0.805555350482862 0.854730145993439 0.776614477583018  4.94128724022246  1.20912395524587 -2.92697927070544 0.931651507921137 0.853643436829546  2.33913515464377  -1.2486897770373 0.205596021446022 68166
3829826034215.33 400 1.1878549646451 3.7347112825615 0.267603610241964 0.451148016122445 0.499510872680978 0.535039727304017 0.654074394610221 0.894953504214597  1.39532123660385  3.73255345013278   1.4202665315385 0.580530892548925  1.19262866458754  1.09232157647179  1.17318614822204 0.847303211486146 0.822739393453353 0.758683816215943   4.24236993233366   1.14838065964692  -2.26697154925947  0.879807998169096  0.580835799733082   2.29123313817647  -1.16490884813201 -0.204257414686211 70447
3491947413494.94 420 1.09125140780106 3.89163133879688 0.244435825422325  0.41901162540369 0.499341800205119 0.517929504941948 0.644991940295991 0.898285514545965  1.39056585925859  3.70193033886287  1.36919517999738 0.568726016933347  1.15834021293674  1.06379194681849  1.16471889597154 0.823984644497788 0.824196288565565 0.756163132263236   4.83852153615827   1.24935982914058  -2.80988733924905  0.467897741031816   0.64916630371346   1.75551171884002  -1.26729541396979 0.0971231808575175 68476
3848244277259.17 440 1.0538060313256 3.82365548598966 0.233288718753145 0.400058288597189  0.46673149398902 0.537580609022767 0.650748424944924 0.853562133590217  1.40542273116639  3.41076068390418  1.34326022402867 0.554454569437545  1.17187663376653  1.03974117932648  1.24020703024005  0.81586049874378 0.843530215827103 0.740501895150976  5.52996063182126 0.983449720826161 -3.06832389694538 0.985790686931616  1.14557695637072  1.50212796228047 -2.01470799545357 0.239381484551394 68457
3333884469034.19 460 1.01889961804837 3.97877235767616 0.221611097829004 0.392206997703669 0.470537983582533 0.531646892748785 0.626111822766071 0.867644091693813  1.41175051335846   3.5082431771034  1.32286460192099 0.538890838665072  1.19520085830811  1.03453568347988  1.24557404057185  0.79491192436859 0.833879321326111 0.727048075848298  4.76765824362785 0.895581533021806 -2.50854864616324   1.1451631834006 0.550118127029316  1.76205600398893 -2.18013361437285 0.547904037838019 66729
3335672566435.1 480 0.962538403172855 4.08215989528712 0.207385392180411 0.368824114105383 0.434611617842801 0.516156499358217 0.641222690924801  0.97866110487273  1.34369885435992  3.45587627464197   1.3436477754284 0.519537310120995  1.18647833692154  0.99653379571935  1.21380686047458 0.786493190905573 0.824588045219776 0.698704704771211  4.13943471749898  1.07685877459813 -2.00351084565326   1.0271000293397 0.460260577118195  2.19822450923924 -1.87938818639344 0.477501118355265 65597
3550394460764.28 500 0.84316987109722 4.20789525311549 0.188814966127782  0.38080553339967 0.402730251291878 0.514428904462799 0.630520562509113 0.926392429234358  1.34922850200007   3.3432300046555  1.28398085718651 0.510521340290495  1.20368505096289 0.970561694024995  1.20549944182477 0.805335870606241 0.814003462869527 0.699556088545655  4.47080896640906  1.06807315153287 -2.14179231627542  1.34064804287634 0.730380146069831  2.12463042955169  -1.7916534794798  0.60227238014942 67121
3004660773382.38 520 0.915744387718626 4.25208269159259 0.174624038556855 0.357227021191977 0.380368943119155  0.51690238116556 0.641290308086403  1.00938644928811    1.316823768208  3.15723880202738  1.24988901373621 0.505532547633227  1.22645656281162 0.947123057588097  1.20708258036479 0.818466204787895  0.85810894420028 0.695196707957794   4.6192410186554 0.805342845549003 -1.66593669811459  1.45857067607741 0.422673937106488  1.81284881592534 -1.21457816180719 0.828448692202436 69758
2685475966116.53 540 0.973008585669732 4.36808391735859 0.165052178419709 0.346186800159533 0.420944027978282 0.529523036030461 0.664416976973157  0.98559914077598  1.30466454134344  3.14922149544507  1.19075234418657  0.51141132447268  1.21635336279482 0.971858538656007  1.20076005781031 0.788245083717173 0.865989079793942 0.718146641132778   4.71039384169233   1.18746063405894  -1.16911327317852  0.730658518449172 -0.167611893472162   2.05739732288238 -0.910339932603568  0.838628169951085 68608
2791360543667.6 560 0.875965032945468 4.4894433888615 0.153422628656383 0.333496067543516 0.456247861022373 0.549624671704747 0.615805121305713  1.00289869985169   1.2285401524236  3.09224872074713  1.14484201492176 0.493180023812762  1.18576954161739 0.930539605344148   1.1830336848127 0.764935800398776 0.841234263805112  0.70474022789077    4.54146776835276   0.984949812645303   -1.20832163589378   0.874783519778192 -0.0290230661266232    2.33678938866676   -1.09007444537014   0.721868637819244 66389
2239310214817.22 580 0.748313039252174 4.37091505342985 0.150296423680102 0.318389314159508  0.44789431297926 0.518239081837005  0.57480809967913 0.924952251360634  1.20889510286654  2.87139790493792   1.1015605491048 0.490829786213471  1.13397082049678 0.921272537273709  1.14997783191896 0.758105805206677 0.816385307834209 0.681155213768065  4.41286394057362  1.17058066519742 -1.27611764654705 0.587945045405891  0.19944330308179  2.17596956168213 -1.07429052944533 0.684169598977349 66481
2151500764019.26 600 0.727450553432656 4.37111205141378 0.137137899657826 0.330700734308415 0.411901087847928 0.495451218281902 0.557685063237298 0.911059232755162  1.15243620386458  2.62024181398229  1.11184867172996 0.491922959652639  1.13575320641494 0.935850344136428  1.11366622343747 0.748850416072864  0.82634112414701 0.724261414117466  4.48313692558461  1.10433131891406 -1.28450748260024  0.77616890593385 0.503466626324371   2.1214251404796 -1.42776538463676  1.19466596226885 66936
2690299889003.67 620 0.668974386221708 4.4808006887811 0.124182842189972 0.315764064155978 0.390358899510009 0.538046078987423 0.575818412385777   1.0430388009201  1.17187112921976  2.49329030450813  1.07705506918054 0.485068715949344  1.11599152356855 0.922779920160496  1.10562439741639 0.729486360504604 0.805455575148639 0.737286913652002  4.34047407386465 0.952506412346034 -1.04569667773182  1.02666603133486 0.410415542992808  1.87201460456074 -1.50315034368239  1.20543325257635 67267
2522277752092.71 640 0.623702475652056 4.54047127840676 0.113226633876482 0.288605918928278 0.393913565212016 0.512412463438365 0.556513748597351  1.02266678074575  1.21759973480893  2.33426663226645  1.05752721849804 0.469801726714868  1.14059728021375 0.885126782513435  1.12129445151791 0.722989444393046 0.802643587485983  0.72475372551174    4.10882154472895    1.10049410135903  -0.546929194621392   0.840534190198527 -0.0975736103155801    2.11718565935949     -1.393020421793    1.12461179705567 66387
2136760657141.19 660 0.559772322014001 4.80394292187054 0.107399361778121 0.273346521077255 0.405675898914245 0.493161504878876 0.529306270335744 0.952184042426604   1.1333868814416  2.47854825107376  1.03115566614524 0.465160681073512  1.11093056292435 0.864461790199722  1.11051931311132 0.703721647162847 0.784302142626549 0.712639308321853    4.2508890723906   1.21211909482825 -0.793252310019326  0.727051136677484   0.26929381032943   2.09119672625933  -1.41293060624458  0.900218296517135 67293
2367976690993.44 680 0.537980733851857 4.89695261535062 0.0990277203581628   0.27053589987988  0.379140759147575  0.461143584395953  0.516841812895847  0.922402936033828   1.08878750786872   2.37469908498783  1.02435999584798 0.449917561012036  1.08409465435251 0.831101791467811  1.09176147885362 0.717312548229858 0.770777473259753 0.704585870019512   4.24173560519276   1.22415315290551 -0.722754097444979  0.681596803404933  0.447961586376695   1.80701345658053  -1.55427232597012    1.0542162054483 66841
2247924421983.99 700 0.455850585579641 4.94760160161255 0.0908959606243478  0.254290889805898  0.369442403537264  0.475101174819897  0.519602845993803  0.927431505296096   1.05296486889365   2.22502055127893 0.999380449513091 0.437547610483027  1.06723915580236 0.805708477579652  1.09065923087776  0.72985826314137 0.786538460086275 0.695500103720385  4.12801254327584  1.21935787146185 -0.73138137410782 0.693188089849437 0.254491413406991  2.14767867080436 -1.33354725959664 0.922537737308904 67011
2194248184406.37 720 0.451212908571598 5.10589055337413 0.083465893731951 0.237073206632343 0.372665398308674 0.434095272006213 0.530363758737038 0.947425275910016  1.02191401394901  2.17596572719916 0.985592398517173 0.428825256880932   1.0449519224117 0.802174469965914  1.10020997184957 0.737049666447277  0.78545235105843 0.705664993581756   3.99538688695124   1.28786904867766 -0.891047238105275  0.503809199021395  0.571426404930648   2.11257983553838   -1.6139284895729  0.815041996484975 66100
2037783404483.49 740 0.457319038030798 5.17833949313112 0.0778058874037717    0.2400500460645   0.36055680179197  0.446153571987837  0.521924213458731   0.95562872559782   1.07079487837812   2.08638042460532  1.00221038261624 0.416776048434624  1.01054462571905 0.779235596029171  1.07372839757551 0.728665096030578 0.787839595991732 0.699009374247255    3.8508644837875   1.34245451159014 -0.836914297014606   0.42457950386898  0.703299028691935   2.24535049918125  -1.73443529058768  0.959357011268484 65384
2327468590791.72 760 0.426918555468258 5.1642025042286 0.0730803176267931  0.225952181834151  0.341173020985415  0.469587745303541  0.492094958470316  0.904569237921974   1.14425176872319   1.94897807762706  1.03221080747114 0.406776484500656 0.998274998823939 0.751181940158078  1.05406426757135  0.72346596761073 0.780707275998279 0.709475583096173   4.22487417694215   1.34053424448504 -0.987686415886328  0.424966613227572  0.747759068765574   2.23428346485772  -1.73232926294316   1.01794448242902 67231
2123511025370.04 780 0.434199717659643 5.20390267350468 0.0712796600315754  0.213862889475644  0.331603572132634   0.46084561201017  0.495285600526435  0.858002965758448   1.17789100242571   1.93029617780688  1.03028291279766 0.399480040573465 0.971136640692777 0.742185168750477  1.02629073993292 0.713194991162296 0.761119807791995 0.739822558751933  3.90507330389636  1.32298616940953 -0.84579454331856 0.335567823248526 0.815091101293447  2.22249836125982  -1.7859933702469 0.711883372475685 64467
1989552819590.21 800 0.434528493952716 5.08230053085307 0.0695477731196485  0.233826484119429  0.309750295691046  0.443469410814744   0.48858086815614  0.826294235678206   1.23570028601368   1.79640358777836 0.993944542773316 0.403896872474082 0.937245003854375 0.725503832497425  1.02872496743169 0.707071617741078 0.756818205302494 0.727258974275559   3.96041714594934   1.44633342084331 -0.895686951829325  0.230554013317105   1.00680651098174   2.24147474353157  -1.91895191171981   0.72119016330948 65447
1868747931315.88 820 0.377680824268086 5.16245607910917 0.0650597030321122  0.244801233559826  0.297888831259921  0.443376119025669  0.454794074673361   0.76978520779544   1.20613894669276    1.7339030726565 0.967794081850196 0.394502930858693 0.903721170382201 0.695661823416245  1.01709749031143 0.778933388454563 0.737482411646195 0.711665060706325   4.08577319986611   1.38444133838444 -0.954447341855038  0.308563413630951  0.832902466821957   2.19016363113467  -1.95986835552971  0.803663272914641 66722
2034033316856.47 840 0.373898121601208 5.04887417587913 0.0639609076584239  0.238857976684436  0.282378808335384  0.412960723873036  0.530605159279756  0.717973592009975   1.20731425997136   1.63043584042852 0.941003232334491 0.390533879955309 0.863367499871837 0.675920314214074  1.00292293543119 0.787881935066665   0.7298145569184 0.725731742900224    4.2231315122306   1.42162760076119 -0.889147275074185   0.24510152915491  0.816759729597835    2.0455936852387  -1.92825890362006  0.663993242386316 67674
1870349210636.48 860 0.373796625510498 5.10719465180321 0.0598135240785268  0.250028502575806  0.270644096642862  0.394101857401942  0.601016683585762   0.67083665183438   1.11962009800588   1.56014229969525 0.924307264018988 0.378605819498375 0.826067130573615 0.665640817829867 0.983826955186901 0.760705924095896 0.701763988813984 0.696043927072989   4.29170854185317   1.38266834216767 -0.838132708231679  0.378690089077017    0.9949282266174   1.99139379554395  -1.98016160269721   0.71666841249637 66924
1961884705576.27 880 0.352278028764508 5.12616142189024 0.0549634432942055   0.25776048324686  0.279658338854734  0.361279812886457  0.573483519380844  0.635738746052987   1.03950178804058    1.4443035808132 0.891149194856014 0.386721116363622  0.80537444935286 0.651020533939844 0.974921835505227 0.745124955771896 0.677634531752594 0.689360127735976   4.26439620023857    1.4907969736804 -0.787499476110899  0.279487725024325   0.84442303205872   1.96855575597518  -1.87828489915632  0.680581745350433 65248
1874136317674.64 900 0.33759456710193 5.07397023735536 0.0538688977559264  0.249738562382866  0.289666877548159  0.344612691549245   0.57202620340874  0.610159520262316  0.949308680828011   1.38686414427519 0.861853469041983 0.379634315542766 0.809095210364085 0.625220705618443  1.01094732046373 0.726749681758396  0.66367981188254 0.660036896831888  4.22149273288567  1.49002146902262 -0.62070520382156 0.326431774813306 0.616602843891234  1.98903672668967 -1.85572486235301 0.689047970472245 65832
2018439885513.8 920 0.320113942364814 5.37505706303595 0.0506180211674492  0.229714045398012  0.276550943522209  0.322797202531699  0.543382999630627  0.570353889346561  0.902914368328796   1.46241731844875 0.829262128637612 0.366312527517733 0.808092345999936 0.616026125548465 0.984773297363481 0.732738949181931 0.652212045574506 0.670525149496054   4.13612350271317   1.45492761894685 -0.529902500274185  0.385276446300945  0.627603624926451   1.89740914965366  -1.81943422843827  0.654883838034942 65074
1911070250186.67 940 0.295537995964364 5.51440822013683 0.0471657999630369  0.212144930376808  0.253684943451604  0.319192432950933  0.541293001753489  0.592506924221944  0.835792715592578   1.43425056786813 0.798390308873905 0.372437645059561 0.786946062040878 0.610672145430413 0.963736211543879 0.745558696289797 0.679886368089433  0.67682625749709   4.12313364989507   1.38877620639349 -0.599764166030999  0.427134611212303  0.598006946208185   1.89880541766134  -1.73233095482414  0.732229980331337 66926
1808076119175.56 960 0.290142333434768 5.61881320862587 0.0442022200436451  0.210872482720222  0.270290884081364  0.315361587061007  0.510928327303481  0.652568283587365  0.773591161195248   1.39551102394082 0.819387564302144 0.359070559248278 0.817734923188649  0.59227295168037 0.960603815184873 0.750318377240803 0.678326782916984 0.673695735845133   4.26096241376704   1.39491191916799 -0.779710345193789  0.433450759180326   0.56914996765213   1.97806786318166  -1.72742303428328  0.850318146989161 64963
2166979928108.39 980 0.31052365957652 5.78617587011755 0.0416233291702084   0.19856175209668  0.266773070215246  0.303327373414843  0.481178743944389   0.69422685670023  0.840302666698498   1.39354203459772 0.802932296392225 0.351541230695853 0.833593092069394 0.573241374789305  1.04913007061639  0.81262528034297 0.705106854828873 0.652648702491636   4.16581502291379   1.42239555883066 -0.576044895672885  0.405154372450509   0.31274132037669   1.74302578321568  -1.79684766339535   0.78777470662379 66836
1980913831095.07 1000 0.317265564636039 6.19967759117717 0.0401913108972337  0.194955108958874   0.25832900668142  0.295762574498778  0.481292398781702  0.742513560807501  0.918087107218877   1.54479331545534  0.83040276301353 0.353426780540221 0.800898234336423 0.581910517751488  1.05720544936492 0.820264711934618 0.712975118223595 0.632187994848723   4.26216377210877   1.46844153872467 -0.644096137002901  0.335932851915646  0.220107936544458   1.73090837858239  -1.67382685451938  0.755404930813759 65088
2031201081860.16 1020 0.337138635955214 6.26951682111822 0.0383548225895117  0.183189165946233  0.261879169552348  0.289857071870867  0.503764044339314  0.713540163236246   0.99485845313051   1.50760691964037 0.812852924328368  0.33974709617848 0.788994355331618 0.570577106870632  1.11320407645225 0.789260513229642 0.699998040554306 0.620950448078665   4.20631917243641   1.42752421479504 -0.771961040273256   0.30282881626312 0.0885099598580964   1.83049987221369  -1.61239829801665  0.746189366808859 68587
1859942877822.44 1040 0.364300229527523 6.60883339379291 0.0356218466254578  0.195854048131876  0.258216295505923  0.315454292262232  0.492523617780163  0.670944693551222  0.937501734764781   1.55584395428165 0.795994436624817 0.336456923056622 0.768834901399219 0.557811176112861  1.08988515319221  0.89115116852965 0.676012472931787 0.640504729126592   4.04150398398123   1.39218978567198 -0.835215234973914  0.306396629543018  0.191566689230001   2.12531629919358  -1.63054666354972  0.721014053954081 63251
1937542893108.1 1060 0.326172972028767 6.74942633864841 0.0329404230774157  0.192653224904412    0.2497133361858   0.29899745746604   0.49280122659181  0.735149130007502  0.995462311134717    1.5005929325621  0.78744165958259 0.325306071479392 0.745660640088932 0.548871225000742  1.05056100833346 0.874037076203986 0.649045123067693 0.632209868670474   4.20926224539875   1.39301289690474 -0.879749641907757   0.31651356911038  0.317326534647494    2.0661131344104  -1.63615484248782  0.662438066284751 67099
1880534242009.61 1080 0.327878364970595 6.65972800208438 0.0314430138406127  0.184225116356834  0.236737942191624  0.285034715178284  0.500811458437764  0.702708809959454    0.9362050672557   1.39455982861104 0.780892783011749 0.332789655529207 0.741178892503568 0.549492277454386  1.02605554430491 0.886397510754843 0.623903238364734 0.668261966174002    4.0426754795224   1.33024501332817 -0.705732727991778  0.395827259784823  0.162963857034914   2.15856794833293  -1.63158160619681  0.875189211631395 68100
2141460937003.21 1100 0.327258877633762 6.70098209922287 0.0304218390037737  0.176196741795126  0.217020347946365  0.266832477612804  0.550619823856244   0.69735712130444  0.941665151325731   1.36603673756539 0.778840058301699 0.338125241633993 0.717621195622548 0.542163561826547  0.98981216761863 0.927887316948138 0.609950912437511 0.662118928167317   3.94389483406149   1.42761936201299 -0.762033248902499  0.322765095599022  0.221157289403905   2.11702586062975  -1.58275435594877  0.844090721126953 68084
1961664854596.53 1120 0.323877856294265 6.20865910985094 0.0330891590742088  0.171424936805115  0.226414316363215  0.264389396473317  0.528037521470235  0.670955141493202   1.01117350581651   1.27550263686871 0.773138434559073 0.327245432118862 0.701820582952427 0.524787644938541  1.00648675322791 0.905309606596137 0.666793875986904 0.668792969800173    3.9868235939397   1.41752474870352 -0.853862072041171  0.334101699073823  0.112994525999512   2.26214661555758   -1.4445060903931  0.864382220658676 66356
1628795551270.08 1140 0.277017698530005 6.43815032764274 0.0315382949805192  0.162952991741996  0.210098552668474  0.276399383020488  0.554950950314888  0.650807878838677   1.00328256372652   1.30725537720567 0.772519168355237 0.318407216552853 0.690707680262407 0.515233995289991 0.965151571708898   0.9239270039556 0.649175460097905 0.642524398212628   4.01315614850098   1.37107527164952 -0.834355376521392  0.342206025576146   0.11742417760551   2.30403582198756   -1.4903661751731  0.861112485866536 64047
2164702354683.51 1160 0.265776106142818 6.33621707810149 0.0299425318073988  0.151359678791581  0.196414521433794  0.266223905761388  0.541092558226834  0.642283832866529   1.03069801379752   1.20212219312247 0.758834154079683 0.316116783404399 0.681992738597575 0.536196875762504 0.922680468424108 0.929119874447966 0.628868139853048 0.615444112996977   4.03376742946174   1.33782163132335 -0.752617595075457  0.484266726112093  0.101375582076066   2.21953267251304  -1.56992047487637  0.880920798765359 66079
2030754857205.7 1180 0.283475549601715 6.04644781802133 0.0301030971136389  0.147637451604231  0.183127397905269  0.265702496435423  0.538509689817569  0.610108035702142   1.04148657347118   1.10055511862601 0.732742463059081 0.332001594408294  0.66019008502532 0.558043310396073 0.970610000514432 0.960754777753309 0.632260562912818 0.619445227988845   4.02891397939184     1.275294695814  -0.77663030493543  0.554115498670545 -0.077865247702463   2.33084235969502  -1.52026125168638  0.914753424598755 65696
1994313626619.85 1200 0.275921911393851 6.63926562063887 0.0277934845323358  0.154749789002196  0.178849654240408  0.266196374296022  0.560279111143489  0.581058917294078    1.0489392829033   1.22513257305868  0.73029878824976 0.343005835288203  0.64329827340595 0.558099850193363 0.957630820457425 0.961375538139178 0.623143793893197 0.647075489836018   4.07467679451247   1.33001471744886 -0.809084678313678  0.484033884479694 0.0491631078534891   2.15439032894611  -1.62500897790922  0.765903042373185 67609
1947286893505.89 1220 0.280976740748229 6.61558582978363 0.0286176578179291  0.161685234715319  0.165099634719919  0.271535417589229  0.553066296651435   0.58325559542449    1.0088724670812   1.25247972155071 0.731679164758932 0.337608490357078 0.626825160222226 0.552922572934728  0.97284131240188 0.940713468674891 0.612813581819913 0.635403365397593   4.17527967790283   1.33006041212262 -0.792022498091414  0.449208270411685  -0.12884185873238   2.15588988454997  -1.62031260533293  0.797780259485844 64539
2191438199771.41 1240 0.266164306082054 6.51747752430829 0.0286519705716538  0.160305354878544  0.175567548430304  0.249592380313882  0.540709146832953  0.587130622679545  0.999585533977015   1.21706446045169 0.761629527255256 0.349149744803684 0.614060577831717 0.539396799925073 0.955506029053653 0.939522692594993 0.613033256036301 0.630950383895578    4.08026971050273    1.28034477444401  -0.729597293791618   0.513170042690888 0.00751742093998027    2.16213615749216   -1.72665466613273   0.828538985308785 68638
1974970166929.71 1260 0.226290666877099 6.26692633263398 0.0295080138296778  0.152551721787489  0.165687401214494  0.242271417015355  0.527891206318403  0.646223330616131    1.0165655877141    1.1589085250076 0.734559728218236 0.341413401245587 0.619381028270862 0.524847670224211 0.939391830854899 0.950199494822015 0.624585577381021 0.629711346633002   4.03843189860008    1.3306068771271 -0.789878060499336  0.447428431114431  0.063273742484796   2.17530276756117  -1.68941191195045  0.756430328089897 64575
1713540520155.8 1280 0.200640907525476 6.66258091344352 0.0271981587098654   0.14398217883783  0.162300340265233  0.234755574583424  0.518873793610121  0.605856957743563  0.986925810023261   1.20732584160615 0.722294850948539 0.339168652377241  0.60068459301922 0.514634697311292 0.928126254922724 0.945664695335454 0.649762276649015 0.618246373900764      4.112867367812    1.28455245713513  -0.752326504923494   0.519811598725275 0.00610260726079727    2.17525120358737   -1.73139438017435   0.798390150814122 67005
1759317107332.33 1300 0.192056343904029 6.83658087060919 0.0256183794373943  0.133023623691755  0.156724004293272  0.227734111324755  0.542248385745724  0.563109217074212  0.976704726584113   1.19737328635663 0.696924906533745 0.329444964860686 0.600898554778411 0.504869747196679  0.90708076729306 0.914209316891648 0.648468581023888 0.604618395641585   4.13696259188613   1.28042637924256 -0.707358313566386  0.526292492073665 0.0671075124571333   2.17684052255906  -1.78496805219629  0.841730092493927 63951
2032950044885.78 1320 0.186099834084083 6.94393126365213 0.0236924313180759  0.135410645982393  0.152198558112313  0.228257676050561  0.502192509070296  0.550771442867602  0.919930729027324   1.14240595096758 0.745994349858339 0.321741630768089 0.620851632725105 0.492880361241773 0.946458093347264 0.903287085673395 0.682004704410212  0.59945241772006   4.21552997470773   1.30431058751937 -0.789183396112604  0.496412665108886  0.148715858514581   2.17093559146719   -1.7278937711208  0.773888953547665 68727
1973910687299.39 1340 0.202900414283944 7.54911494401262 0.0231158667319257  0.125731100994072   0.15774409732077  0.218078331877971  0.530068893737749  0.573264160652142  0.879241412519087   1.31735328306636 0.734681022722897 0.342293472409564 0.616486350685857 0.527829274460429 0.968849998374674 0.987367998580664 0.662432466751041 0.592915166994252  4.21685428910767  1.36129470454828 -0.78235205827696 0.416446312046642 0.134522719029909  1.97448766812222 -1.71187780577658 0.753646282948874 65665
1888774032037.75 1360 0.219684414559847 7.96668139821806 0.0218233018772923  0.118120476393108  0.154307729266586  0.229127975734069  0.537117556668562  0.598678381764397  0.975254224133374   1.38508159635484 0.742906869994292 0.341604493230838 0.601622253185563 0.526938331311136 0.988516471766198 0.974759294026002 0.769088392097129 0.610070934471052    4.20713061373545     1.3516609616725  -0.727399197096895   0.439612981635613 -0.0479521268590376    2.09856001078412    -1.5418906409389   0.690839258227864 63405
1765165991384.35 1380 0.232650349520092 8.44503701169053 0.0207106601775365  0.110219521353275  0.149328197850815  0.240463474419113  0.532302029935879  0.689680612875181  0.979460760250875   1.47705632713867 0.735896578291552 0.330184296291518 0.582289814506218 0.521010096331722 0.971427742053742 0.946095104080929 0.773191266098021  0.60761885948417   4.16746686347958   1.34742126902471  -0.74635188328151  0.402024225413124 0.0289554930495038   2.11337023625956  -1.50498311802907   0.65026584557054 68598
1821772814864.17 1400 0.234495627158094 7.83385430989618 0.0228673242111421  0.110162368954451  0.140882946055231  0.229380501201391  0.521179856968028   0.68630579366179  0.952741747066181   1.40335107026644 0.765416958805551 0.323690479604644  0.56039997767605 0.520587350079704 0.948710451020894 0.935130288959847 0.796654515635963 0.601425260747007    4.22314290540702    1.34263957704579  -0.763335606582199   0.407192233545872 -0.0279141059701949    2.08943611678548   -1.44141380912811   0.705803585272515 64168
1955172807568.39 1420 0.223535514550189 8.05858575955207 0.0218895896336332  0.106322081789945  0.139306136847334  0.222423011549733  0.517189137605861  0.681771877424807  0.936159515600611    1.4215275597584 0.756241199770074 0.322435536584284 0.567038607528197 0.510842238886006 0.916546376267267 0.939539736239249 0.770774319634405 0.584961896374446     4.15464363090064     1.35768487680996    -0.71264812538781    0.396057126649935 -0.00412830544564549     2.05309667177986    -1.47950406082207    0.775054802301606 67739
1786291742957.65 1440 0.239054358557025 7.94428071416179 0.020647359643226 0.107081217712067 0.137851959224865 0.213661934029039 0.547468169424821 0.632885111663317 0.954740077460988  1.30308782162038 0.737763077843902 0.332536117176403 0.578307395848515 0.511893139071406  0.90185702437406  1.04302025904089 0.741628437904127 0.604856387478777    4.24590744162818    1.40591208346362  -0.633538625599451   0.342652901248482 -0.0365583726140234    1.81578765593736    -1.5154592604066   0.717804127778484 63316
2025658685323.37 1460 0.236344271355133 8.29335168316916 0.0203564655697977  0.105965159196311  0.135966875734271   0.20645556219388  0.522997850970535  0.636842170692656   1.03975468498575   1.40011123139929  0.75654247840529  0.32384951088503 0.570296222081188 0.499302005531659 0.874497932910887  1.04262173833602 0.727473151655784  0.60379252179899     4.14734297236004      1.3932614078039   -0.612037247515779    0.357115988062888 -0.00227094978079098     1.91028920842937    -1.46386022453382    0.782439429291987 64179
1920103616454.4 1480 0.219382236480801 8.39737352532077 0.0197241487275165 0.0999665658192599  0.138773252853925  0.195459582308112  0.535169648081314  0.630217669251625  0.987188006953946   1.39086574666103  0.73709974833362 0.314328785315078 0.562081799001152 0.481243603694393 0.873905781964463  1.00273397171983 0.714385118627139 0.592306093447763     4.1428651575161    1.37427838580861  -0.657729267778913   0.373740983159336 -0.0811991823156583    2.01620873614573    -1.3961866303311   0.840377194663878 62942
1924306897470.72 1500 0.208868001632632 8.36256336593428 0.0187911106832667 0.0966709842527246  0.134639328121384  0.200206392127948  0.508569659393868   0.57227974835272  0.974743386162023   1.31410870988555 0.741860972208022  0.30625691679371 0.566021559874097 0.465498059257352 0.861012269950231   1.0632692358993 0.721084819099662  0.58389022619187   4.21007561789557   1.36067271168473 -0.611631754143757  0.404664615772727 0.0110589260930885   1.82386907689114  -1.51106104868938  0.822221641331433 69091
1830951441514.62 1520 0.194863338019891 9.1935482901726 0.0176479950140503 0.0916486246467706  0.133357422992451  0.189169509723265  0.512062481053492  0.548538871627871  0.929937641808795    1.4916320133105 0.725049389854699 0.295496245490573 0.544219989166165 0.450639804668644 0.855340192749495  1.05412585858014 0.753301832340516  0.56064783653587    4.14258633835422    1.34622407417524  -0.639034603978091   0.423096156715155 -0.0281124000875082    1.98491280929952   -1.38938837071571   0.843880212295952 64127
1932378730696.18 1540 0.174826275727382 9.28443630598522 0.0177524148535636  0.090622593124177  0.139447915731041  0.174541956122144  0.472313171153139  0.509365847032363  0.902528591066442   1.53027160818464 0.710426637170113 0.298223897753592 0.541418810051478 0.452214625031835 0.836381882564793  1.07081253523234 0.768619134297884 0.561862439339623    4.17902167125775    1.33962618791466  -0.632727758324494   0.437343873874227 -0.0109261885525769    2.00610634212495   -1.41953097888354   0.889421009218478 66608
1842597031374.81 1560 0.164279019939706 9.63966863182064 0.0170437080786944 0.0897367895575986  0.139186580854012  0.168442150270863  0.443737554790736  0.515649410071336  0.886362527116398   1.58375608766562 0.703926139964376 0.285884126573833 0.548008531675688 0.436467558923956 0.805288930199276  1.07140368067113 0.743461370419759 0.554664533570288     4.22115696146539     1.34195641031709   -0.687318126487147    0.442762939641802 -0.00304606113876792     2.03649591311507    -1.43686342866465    0.922336578773554 65722
1866970238891.07 1580 0.15370921425449 9.8717692584422 0.0159479115451686  0.084448550700142  0.137154521210123  0.160593993288041  0.464071807821353  0.482869843645783  0.825602921573533   1.55415313751457 0.699869129434597 0.282338918576204 0.568604496080627 0.436091082786917 0.810632303656457  1.05121181775547 0.737157943769373 0.556084696430591   4.22677929583376   1.34637161744476 -0.637529941220629  0.406509769578599 0.0199250808770195   1.95221961234634  -1.48423138734529  0.913813415326406 64187
1873766578622.18 1600 0.148616563488227 9.60501906098597 0.0164340197020014 0.0852451820749458  0.127237461054229    0.1738688714928  0.433593413222563  0.500555963074128  0.844743349303467   1.51614334999028 0.687196589241526 0.286488428640693 0.549958840160748 0.431941149071035  0.80131013672313  1.06518451013282 0.705105601372037  0.53514386721395   4.26157664781568   1.38030283422432 -0.617612928825843  0.374868641925383 0.0366836477711889   1.84516714170318  -1.48285911246686  0.888928508789261 64408
