nan 0 0.72 1 0 0 0 0 0 0 0 0 1 1 1 1 1 1 1 1 0 0 0 0 0 0 0 0 0
17345301847908.9 20 0.725062532187219 1 1 1 1 1 1 1 1 1  1.03443552158837  0.99178456517194 0.963914601796256  1.00716980332404  0.95729606966123  1.04409668468129 0.997668188834569  1.06210538791547    0.396278784197031     0.39694244155166 -0.00710640366473813   0.0367736345668856  -0.0609812742005103   -0.303183730857246   -0.280599503235056      0.7005563933611 59041
6457656829547.24 40 0.69958615283268 1.26263225061814 0.896537201016346 0.900808720486957 0.913203358068579 0.926574049488545  0.98267811097656  1.00857024548013    1.069511833881  1.42929564692563  1.01894155211809  1.00718976386985 0.968459566934924 0.984229930487643 0.926814724275364  1.02892066158617   1.0130927007137   1.0549237596872    0.1873324875375  0.720199541533831  0.325312991858751 -0.108068891105288 -0.128176136152097 -0.573311607418108 0.0281166028055779  0.183490257592946 59440
7369898157046.2 60 0.745123929012056 1.27921912062897 0.820399440805653 0.844873076443519 0.870870708123512 0.924457012563532 0.986699346809548  1.08605834472502  1.14031896283148  1.34250292359479  1.00592519613309  1.05953535076136 0.945862665040156 0.981246315364412  0.90251530814497  1.04841264476223  1.01688626137807  1.03395634076566    0.48361169961981    1.20124649386847    0.43334005838822  -0.220174155515531   0.112937930605907  -0.984256802633944  -0.145355707841377 -0.0068529476789234 58698
4559547999213.24 80 0.864201936925847 1.43121971041242 0.752803109000346 0.767334761644409 0.820396223636331 0.850106075763284 0.943461415376541  1.12178566246808   1.2109060080388  1.54203425465605 0.978908474853925  1.11439093010973 0.983290805064019  1.05824388790392 0.891587210995769  1.05645842148578 0.999667377060534  1.05148982492327  0.701226142822666   1.72187716026351   0.80907950228801 -0.921557186174689  0.406354658649817  -1.06257100222736 -0.387623006019982  0.168484065570927 58582
4300800813226.52 100 0.938748510913331 1.66765846464577 0.699360657935858 0.707397396053462   0.7536930614353   0.9026695210246  0.96084241398581  1.15116515088722   1.1827582835289  1.94498126382566 0.957357772390223  1.16666397694878 0.958019619827326  1.05476038491867 0.886567325695152  1.02098063809233 0.966515676945797  1.03964682846735   0.949146852161432    2.19063376637593   0.909992801401503   -1.03242716410995   0.653856341651935  -0.845420881022965 -0.0879487187122539   0.427741302747245 58779
4313450453108.46 120 1.10147102473198 1.80149300720496 0.639803751746794 0.676113661627802 0.738582102515971 0.836931984750294 0.899910421519597  1.11094351816439  1.17269111315551  2.07640441562733 0.923104456785171  1.31324841884806 0.945532167390776  1.11616419306432 0.876511980749783  1.03139044583983 0.945073518941214  1.01171256734355  1.07067943240346  3.29208109336006 0.979346966917494 -1.85904986185554 0.744519155870468  -1.0336611610826 0.144522771614105 0.453085094484193 57776
3130566934428.04 140 1.24827460279507 2.1143777340809 0.590688291021364   0.6424906472276 0.695980105775247 0.804743479259348 0.851651388039645  1.07337054935146  1.16571109324707  2.64072705856385 0.895099115212779  1.36847467088711  1.01938041306338  1.11012121460894 0.857270015147024  1.03062723125702 0.981888999906115 0.989265976377046  1.24934345146407  3.84643081599419  1.22102026810302 -2.05981198508953 0.810412136597121  -1.3898686380126  1.06333362424656 0.653698811649817 58636
5892541314341.83 160 1.36324638037536 2.33591051213658  0.53486466810816 0.591393197256787 0.649872846389631 0.819732926663847 0.905253703736672  1.11610778716163  1.14958605599205  2.91847725210016 0.853659720641884  1.39140866967922 0.980242189503148  1.10853510370513 0.853550806588569  1.03727918518372  1.00749229181136  1.02128478725986   1.04296803762984   4.18504342518607  0.887870812353102  -1.84371816894785  0.482121254537119 -0.905678738770899   1.50681847726411 -0.250125251749939 58670
5586090661012.9 180 1.36823697105411 2.41260068592949 0.513252988423038 0.623879947643456 0.666818869820536 0.799080530897751 0.872460354492842  1.07160282547228  1.18248079953585  2.98746193683872 0.814244866223436  1.45618041938906 0.972000063660185  1.07598462405153 0.838291329777192  1.00604522375172  1.02504675229366  1.02401106614429   1.17053718819655   4.93965888930025   1.54853483971988  -1.86658950758101  0.866969508682555  -1.32247747553614   1.79546106796999 -0.184669132569967 58549
4672026819685.63 200 1.30973071382381 2.5073047965727 0.492914725413275 0.592298958110311 0.628197663861946 0.776968134394437 0.888660154678845  1.07305053028264   1.1493252932066    3.098746544773 0.797808609370206   1.4168068734954 0.949513767207456   1.0595746857144 0.861156286521969 0.994456232601564  1.03354155348264 0.988620347686432   1.56227956689327    4.1348074632619  0.974363012293973 -0.939873982243401  0.567046416630359  -1.05561920728094   2.00133399860762 -0.113589428656451 58326
3460216009465.64 220 1.39445588290083 2.49287438349796 0.473962742854605 0.578875391726674 0.629710242623607 0.768607738092817 0.834816551166902  1.06462721974592  1.14822217518215  2.94540482431098 0.761724109479029  1.38599974639938 0.920875621782999  1.02549181866657 0.872420550390772 0.978946170796323  1.05528921396264  0.99866073956388   1.28962690289117   4.49830564332503  0.969066608350065  -1.36051968277243    1.4612686816321 -0.372244207147788   2.74654885762084 -0.887331123698995 58327
2200128894243.76 240 1.2760973667777 2.49663693058524 0.445087192523413 0.574722131450086 0.627603654284834 0.707963783334134 0.845566471958158  1.03930170009864   1.2167154914988  2.77431569169208 0.730283442721433  1.33648010883751  0.89445291761893 0.993864001591204 0.853946200810632 0.941360247328237  1.05813003927669 0.972928503335093   1.43623883595896   4.50862756755184  0.469628106537342   -1.2138109874488   1.22140789211808 -0.650469604368192   2.73331491426043 -0.760022223743565 58051
3309127339248.02 260 1.21636779963557 2.51426309079897 0.406267515528675 0.554658433806831 0.594977601054218 0.683206509490467 0.790621042683264 0.986340369499598  1.20461769950665  2.56822777370793 0.694461037193751  1.30102081829662 0.916147787352541  0.96704378255332 0.839800751690819 0.915866555481452  1.09838141401092 0.974506217014933   1.24780322664234     5.032856130351   1.40453691959597  -1.08046042424801   1.61678113641141 -0.576991163659519   3.30782630512866 -0.720269034017268 57265
2210325587466.18 280 1.09803800360846 2.5767414508282 0.369623621467227 0.517782428842239  0.57553659728849 0.662706729339041 0.780241255025256 0.986100766099959  1.30346959199704  2.45415170504346 0.664947848167688  1.27617054931423 0.883358262034547 0.924094103448853 0.810374482564144 0.886572178645531  1.10925170653558 0.975333190683331   1.26873899314647   5.49406175982469    1.0203140674215 -0.960196360587775   1.31511662747629 -0.650197162277506   3.35545035123305 -0.635516741627319 57273
3545614147112.01 300 1.03467224678808 2.5846564388877 0.346750282294457 0.484438030835184 0.532666682156849  0.62976281595755 0.741217619071088 0.969765138775881  1.30842174061752  2.31644754438495 0.635346880101706  1.25249486529778 0.880511748372763 0.895306493711794 0.801419703313478 0.862436251100981  1.11082814969207 0.956245744641578   1.32558382736642   5.16123016104368  0.401811667648977  -1.39213117764501   0.79585236674906 -0.691462664117457   3.53996544654071 -0.400374855648379 56926
2515492265968.41 320 0.942128951580679 2.67412198236087 0.316174843648957 0.454294774128571 0.523762108855475 0.596214921719206 0.766221995962491 0.959564598006544  1.20652172900239  2.26094366139921 0.612558683956739  1.22226256732532 0.853245375608591 0.864000081463291 0.793074859775804 0.876441451782028  1.12733594939525 0.932901175386241    1.4131788445867   5.30371991937604  0.456556360181514  -1.06114571234259   1.28030588964073   -1.2993602571295   3.43244062869802 -0.392873673470814 56789
4730796792424.93 340 0.875088392032267 2.72971796851682 0.289151799548538  0.41772139382378 0.531039098685241 0.619358699486383 0.705220976011156  0.95076810154183  1.21415175754923  2.15457420734148 0.603531455739126  1.19016495977297 0.824034909179011  0.86230137452532 0.806099852259744 0.870012283911703  1.09362853244393  0.89313025010336   1.20151725994514   5.43730205200818   0.59183225700142  -1.63737602327489   1.50996748117377  -1.45150696045468   3.61851774740341 -0.444952657782179 57777
2723692669909.61 360 0.801745083735913 2.79481990011918 0.264189891727787  0.44930925307283 0.510666736476579 0.592019882436015 0.668603965363989 0.901353654018349  1.15402794297314  2.06359207211882 0.579493384092391  1.13766660582017 0.783487481698494 0.834474865392772 0.788185550251261  0.85361401581296  1.11057623678432 0.881717029078677    1.22924615565139    5.38958142405117   0.611001549968662   -1.31033921636561    1.56046975536515    -1.3871778710247    4.00240652138866 -0.0880645297924747 57269
2727527334014.69 380 0.78914292165484 2.78456572812916 0.246812712287678 0.420170980279502 0.503616143543525 0.562200972308169 0.613902149145991 0.890866843439218  1.14968890680382  1.91373796204241 0.558233939294673  1.12271146524039 0.756950488519087 0.815336210781158 0.771477284965102 0.841280162569145  1.14503073296694 0.865196428246502   1.15224763118012   5.13414400021394  0.588788755638977  -1.01056047985215    1.3732400030324  -1.45095531797871   4.47902628514464 -0.196118560057435 57128
2462566043667.96 400 0.844105764099105 2.8785521182289 0.226454579814826 0.395911031839113 0.489909618563623 0.561414437111062 0.577012400763598 0.871078893741125  1.17424537818024  1.87641675586815 0.538216637040398  1.19267620377627 0.735494719786793 0.785239166384721 0.779419979032675 0.827759955853794  1.20752807471008  0.85198129519126   1.32269001232267    5.8346496723118  0.408199333731331 -0.905660450160161    1.4909528791129  -1.72213961256472    5.1440683841311  0.074257679970324 56575
2160917934025.21 420 0.802882447347583 3.18056568721224 0.214949896228009 0.367250427936505 0.511504994527528 0.524675845404587  0.57335726501138 0.858054567174987  1.12215919738363  2.17443273983265 0.519797780721887  1.18048058945405 0.719389431961459 0.753908487865877 0.779374718349646 0.798311604834299  1.23800138490277 0.817227924727092     1.31264783946711     5.88678518389038    0.379974038174923    -1.03739341192381     1.65227271101927    -1.62044198785785     5.39857091054415 -0.00306706321480528 56105
2233850952569.64 440 0.759279802734527 3.27443162806459 0.205810514666052 0.340326157800872 0.484670390480695  0.48995138864528 0.538658507775409 0.818779992283633  1.10998137713205  2.20668026902188 0.499738236891805  1.16607807447275 0.689393191676827 0.748867039134793 0.761425945177992 0.772935004231904  1.21988588103298 0.831284151514012   1.41641733088785   6.25630423876526  0.329280852026745 -0.890126129952153   1.56980765094172  -1.60937678410755   5.54123942615754  0.275592504808339 56483
2404085679759.24 460 0.690485588295999 3.42800357511206  0.18629566416351 0.325718063182807 0.451188746002854 0.474517288277394 0.523632200927775 0.791671956598042  1.05967097684034  2.18919919427711 0.489151431407441  1.13022636375735 0.665822790178367   0.7472901388352 0.749659300661622 0.789257444863158  1.22129348810065 0.817411149093728  1.50520237458693  5.73753845208204 0.279715381765365 -1.09559699799628  1.52543535215322 -1.35458201233371  4.85996977274511 0.315106108150185 56896
2336019824229.67 480 0.579119747458035 3.48356096152797 0.177103958267052 0.324962095337021   0.4206424767686  0.48303415475651 0.520650355295577 0.781098440758255  1.00639554838626  2.14919141821227 0.467753319543437  1.10133243687395 0.646760068419012 0.731097797501827 0.732655477162059 0.763863901615678  1.18526031078687 0.821152513920202  1.45332718218068  5.78964467913336 0.140779662108577 -1.05147737910126  1.56700131662283 -1.43787722033448  4.88766489073566 0.121903915849301 56003
2079996263310.46 500 0.521465301473651 3.56349463146779  0.16124703536764 0.309387006803255 0.411542001157617 0.464705198680611 0.495783773583327  0.74674949555289 0.946925423494433  2.04759450927939 0.451927367752157  1.21767859067442 0.633227119426433 0.708471720124155  0.71887899028787 0.762627332622143  1.19352828638325 0.823623942045481  1.38831712077002  5.39848764763696 0.238029583004632 -1.14526883182429  1.60356972924388  -1.3568869062228  4.42549453681627 0.111728177634963 56053
2291797830019.51 520 0.516382920928104 3.87827415725257 0.151243510731058 0.286969927663384 0.381479832274106 0.427602064366416 0.551215533466883 0.706997931984461  1.01077785415526  2.27485522370858 0.447479588186639  1.20164787971802 0.627290870223462 0.681172810403006 0.705247401507452  0.74574385130144  1.22527257627457 0.805835175937784   1.52943076077207   5.25839658987217  0.125345323967803  -1.18093208752047   1.75965676391939  -1.32711656953654   4.11632788724079 0.0122675832672152 55838
2588521842983.92 540 0.482679299773155 4.07666268449881 0.140654252189725 0.285256469078954 0.357794575245606 0.447607117531319  0.51003153088889 0.663645187922606 0.963309571286917  2.33755814406464 0.439200329087394  1.21122034400398 0.610386943627238 0.657897189050774     0.70094207124   0.7579478926348  1.23008380214116 0.780550844503104  1.38409541040987  5.44215407717098 0.229474236084225 -1.08524359985898  1.87788813726912 -1.48063945144227  4.19362110568369 0.116525218897593 55984
2649945833288.26 560 0.507776927739346 4.20133835536283 0.136519241643344 0.262090308290485 0.359650643503727 0.437657200035036 0.515138455621266 0.604911666155409 0.927821202491847  2.40973444169832 0.433287123530286   1.2324288866834 0.615939792917254 0.665175131086649 0.702633073276394 0.760484603006751  1.20128276071534 0.777569115939695    1.27308413506509    4.99407127124104   0.437450509748506  -0.914836714910483    1.98653631085684   -1.30286283979592    4.06149969249247 -0.0679295193626844 56536
2522441672072.74 580 0.471315759619452 4.44536048565281  0.12481462744709 0.254129598971235 0.383598011839031 0.429612752553846 0.478575973886089  0.63686181190904   0.8740992260849  2.46649054129997 0.425079181007143  1.23637945474062 0.598820791685179 0.665278524327959 0.675780563973845 0.791609377663459  1.16375602964678 0.752830716550964  1.32010274181124  4.94819319714452 0.360503879236091 -1.09120040705225  1.83141359681337 -1.02870742251014   4.1840711284933 0.102513997575942 55884
1937769426773.46 600 0.499915602234957 4.4887829781871 0.117215092754879 0.239837048825976   0.3779020080476 0.408646841892704 0.458987332777392 0.629049593809536 0.921490227176022  2.36178713820417 0.415470292693082    1.197077995595 0.609436124547065 0.661417754006799 0.712409746981796 0.789647115927895  1.12883529908395 0.816123064413148  1.42526306640389  4.86791037681923 0.153864702589247 -1.16497467079306   1.5129021325604 -1.15644079473261  4.07661102008161 0.457347860369177 56092
2238145411262.3 620 0.446474645376913 4.54011417233332 0.106411156289519 0.227342884738064 0.356833250716868 0.378255026527775  0.45013092886462 0.845091795195434 0.928413783356262    2.193414505191 0.404519189442025  1.15658291027849 0.600689896329302 0.665137166529711 0.708179827318643 0.778400658255187   1.1010489569463 0.809948402074178   1.40794933167893   4.94796472234874  0.189766343458278 -0.991807427117606   1.70514813562031  -1.00310628955452   4.15624277645037  0.359198076250316 55706
2094728258301.19 640 0.479859636276665 4.6108978765982 0.0978132805456568  0.235353217710437  0.345098740321949  0.354396703888633  0.458711121664157  0.821505406617037  0.887881168310434   2.07954743797628 0.400810243325703  1.19088473905474 0.577215473413008 0.645041351643307 0.698531310426875 0.788086275851297  1.13586125541725 0.820119524149986   1.50948355658237   5.25314923265351  0.187449579383249  -1.02586715869883   1.83285251985656 -0.838958013980028   4.32458250078079  0.518571703512588 55640
2451558147439.66 660 0.47540819889861 4.96053637965557 0.0906269916628344  0.230612347743787  0.339193641526466   0.36894056510592  0.464163789064872  0.795622182125628  0.880703398924081   2.23005124007383 0.393991973482428  1.17763625589742  0.55948344517317 0.629295741618016 0.686344539130467 0.770096148189076  1.18667262739781 0.824669131787557   1.41965564639615   5.25833471360182  0.225205885327033 -0.880257216214595   1.66224565946957 -0.783753696663484   4.60220714227052  0.647111829922157 55699
1832090544562.21 680 0.44122174864379 5.18162797355516 0.0849428600011574  0.228129257801302  0.311194123177028  0.350993764788253  0.435461852211304  0.754571045766552  0.957533132237336   2.28065365161948 0.387247948669365  1.16446428261742 0.542395812982713 0.613157258196103 0.664127627194324 0.837970692412283  1.18048933531988 0.815950135623278  1.45137208694527  5.55299200750957 0.170164283857364 -1.01770130166883  1.62149526897156 -1.15872951856299  4.47340457932961 0.626866944263265 55863
2121894849316.15 700 0.445810369868461 5.25482022134747 0.0776505012719797  0.222802147664164  0.303577323155466  0.324236427924991  0.414585453133043  0.787042617845139   1.10461487281478    2.1441738178228 0.376744007572532  1.18977338739404  0.52318477203302 0.605232550522554 0.693431001881753 0.837495758863167  1.19764987829669 0.796141026920602  1.52486570845579  5.78662626335073  0.11383051203517 -1.14975705982377   1.7643895679932  -1.3101000442601  4.80954340772601 0.609768508073249 56255
2038235500118.08 720 0.459660358120858 5.64594664416942 0.0721876164368207  0.204905868149292  0.302938688420147  0.334481161429556  0.419722654850145  0.756902556058148   1.05573445932261   2.30110396804025 0.369550840411848  1.21492729961158 0.514250624189361 0.599663039372136 0.667814134329712 0.850435333394344  1.26062411756974 0.772225154166178    1.5548008019309   6.06091090972114 0.0163874744380799  -1.05562039604597   1.79937236665338  -1.22522417758621   5.22655505437383  0.644993567573284 55926
2168052001850.24 740 0.448526102210947 6.15812002455656 0.0675566010349484  0.195520379146261  0.303112434414977  0.317812446414582  0.424416743474162  0.713922847533743   1.00713370859626   2.56191130046538 0.370236229961414  1.21992237765664 0.507429521097081 0.596859181309793 0.681041058048371 0.841011203949303  1.24286760975516 0.822002351052058   1.55214029643912   6.15997411567535 0.0441871348231442  -1.23846260576698   1.63122686226836  -1.21319182222474   5.24935146507469  0.794169964333541 55647
2110888159470.6 760 0.40783124342872 6.3000565201167 0.0650802499448467  0.190937230432515  0.297541829436968  0.314562736884814   0.42326435441653  0.771134626923955  0.984933107423262   2.58308146764472 0.352917711468452  1.18328144271671 0.486903513240004 0.586039739916479 0.684324785143595 0.880563962567651  1.20339731295305 0.807294283399433  1.52541305179263  6.17920445125068 0.131992736589272 -1.08473778248818  1.68941679880654 -1.19597895896561   5.1063040050585 0.865018459086137 55803
2045658775228.82 780 0.378912610512325 6.40742783872171 0.0590374213568827  0.185884910867431  0.302932648849453  0.330697872329189  0.387605738503051  0.750989510717414   1.00786874793082   2.42378909772518 0.340590234861856  1.18430049132638 0.472040259249933  0.58040500964182 0.720580687397886 0.876218857664613  1.19490518989271 0.804575567561714  1.47916195750295  6.20942364091408 0.172405747326718 -1.06574463141089  1.75782865563056 -1.21094007091049  4.93999228461108 0.634461037435914 55782
1867521497014.84 800 0.349874332530359 6.57293922339059 0.0551674529785669  0.172088391831332   0.30213232919487  0.334727521742157  0.416233929708931  0.692657022629295   1.08396225397162   2.38342871168012 0.329159047484706  1.19212840632583 0.457432359761349 0.575950029822378 0.725255726511941 0.866076040837617  1.18501779084649 0.810022994018649   1.46065118797977   5.98651489646072  0.184676825395764 -0.973573189316303   1.69919109163783  -1.07362060399942   4.97356634405678  0.502411739959575 55964
2166866462968.24 820 0.331494415505841 6.87158700609467 0.0506992752842576  0.163033171321957  0.277229141973256  0.315751364225385  0.436660886986724  0.740304477229393   1.02933401754813   2.39395427456308 0.315303835429999  1.18814846702639 0.439522500937533 0.571124971378327  0.71319509895402  0.84628487646298  1.17864418471997 0.825909946187747   1.50006311905038   5.90365929784905  0.218026689231901 -0.902873171015882   1.67044165029531 -0.998047511616508   4.95463445125963  0.723420961781592 56163
2224391155054.91 840 0.310541217293782 6.9944753430874 0.0482583367662414   0.15071514523105  0.285366483083802  0.300919126487212  0.411068097911734  0.763682192744925   1.00571493863391   2.36092742392549  0.31379580947623  1.15582498206331  0.43826124562968  0.55902743132512 0.751302482478037 0.842741274123328  1.18459443127505 0.845942015529236   1.50762046029328   5.97397524704277  0.186376803623996 -0.863078424112779   1.57505819178915 -0.922409750708151   5.08468748475825  0.837931833830653 55619
1935327781081.38 860 0.315033314700688 7.05019178893823 0.0469095974045699  0.139409129605871  0.272583511383838  0.307506116112422  0.398333011228361  0.791488867321564    1.0446525692923   2.33165112078661 0.331060785952365  1.14011534843681  0.46428737461149 0.556425546626329 0.770547745661157 0.851022056399816  1.17852967608229 0.829688330098871   1.44427047681444   5.87957803579563  0.269745160753228 -0.838316351277906   1.80734333085077 -0.823447764786247   4.92636196209971  0.794247127862061 55611
1825206097510.57 880 0.357438494691327 7.27354812807377 0.0442025474847746  0.141473808207176  0.256818557328578  0.321077581166551  0.425815142760062  0.841334177476701  0.960698105575697   2.33851377823041 0.327953757626032  1.11460228365662 0.491644895907386 0.575479371410646 0.817365807307392 0.893095571895754  1.19247641136116 0.819234178204105   1.44227751229136   5.81182414028321   0.36926939173893 -0.709694501333549   1.95789550302248 -0.622601855865136   4.90142922941135  0.623039185894852 55634
2021323430567.62 900 0.373733615193127 7.39436162396058 0.0430176001645796  0.138644070809414  0.238278794505529  0.350135101835201  0.430134036457193  0.893839509416259   1.03552978777428   2.35205542138773 0.332771729667671  1.24189272347231 0.517097470223407 0.591329372113201 0.785178421690873 0.907490648471764  1.26661035469043 0.850931547610831   1.40093354178345   5.42649452568427  0.369430931573843 -0.686945691816233   1.87645484768937 -0.590856377310696   4.68843753146921  0.438192150938589 55712
1909083381234.63 920 0.361468386676777 8.59102098974135 0.0397603460111942  0.140335418892163  0.222063408469431  0.341217694176885  0.434804192939913  0.853122464835502   1.07268412624052   2.93453784943018 0.320666357562723  1.23241841762794 0.506289953976024 0.635658410152248 0.788168753906587 0.894930344358338   1.2570294562405 0.846378263624222    1.4428631680571   5.77042240292795   0.27845217951352 -0.960308076803359   1.99199670651776 -0.767357103762405   4.78673330876914  0.731826653587579 55721
1755774481979.81 940 0.362026556333268 8.74287976539349 0.0376481040497365  0.137974266208485  0.222235387318248  0.318119293326787  0.503942364071749  0.803469767502296   1.09952977662936    2.8777437666486  0.33032998129179  1.24119177516089 0.515162456216176 0.622423193237112 0.859988726138519 0.902545335500341  1.26654876665884 0.831009690819823   1.36873828406632   5.86063891199402  0.402265538002874 -0.879417000894506   2.11846830193501  -0.60588459170951   5.01988016632538  0.678441283409746 55695
1837421627701.88 960 0.333742888831192 8.88138372865457 0.0360727066269592  0.136328011736492  0.206146192498522  0.310773080020616  0.522896559969568  0.803751193777408   1.29002354465918   2.84537819403295 0.318135364369885  1.25363877226661 0.514832583560192 0.679137176488559 0.830887124341547 0.879734634886625  1.28015748128088 0.865135471035506   1.38771249458992   5.87298891808295  0.386541445724945 -0.746029743534805   2.05928690832464 -0.768593414479152   4.92725630478664  0.493661796760478 55747
2274896271671.86 980 0.347151643738818 9.40117417856178 0.0341302455734687  0.135774813732677  0.203545469902589  0.300197357120183  0.561138054351266  0.765521733543586   1.23385954611521   3.01650195597692  0.31393511897841  1.23751908966703 0.516873401122489 0.689493879170777 0.835938281948412 0.861435700334419  1.26761994331147 0.881508615888154    1.4391192775215   5.99510880620759  0.321820345232298 -0.618098498198009   1.93305285940248  -0.87593648913599    5.0992144373419  0.445187671837675 55953
2343144422433.01 1000 0.322673512138796 9.44964672939416 0.0321503771199072  0.129409831528557  0.199317396023397  0.297805724153453  0.626400572425016  0.780023366650824   1.26134905346223   2.87089439466034 0.306825282095391  1.23634742767883 0.511951126118311 0.680862832833572 0.877304532648637 0.863058938860194  1.28727392331075 0.885373913419209   1.41393293873363   6.10697753460178  0.329444604036926 -0.741796466045625   2.13252850321528 -0.865962246353772   5.28736652474673  0.611422339919588 56095
2083838894877.72 1020 0.301708425298896 9.93893894520937 0.0307109215478527  0.120373541920561  0.206817167308644   0.29298819800861  0.669931281272297  0.751828349293042   1.19750867040065   3.03370183372871 0.313306941640267  1.29264325973425 0.519724946104166 0.687414479097613 0.859549239712066 0.880344063962388   1.3238713020211 0.901211672556961   1.46157813574592   6.20245217900011  0.261094239375147 -0.806137646208407   2.15030460831854  -1.00747094204966   5.21369546667704  0.715310292709212 55637
1814757521525.54 1040 0.281104420496622 10.7806269772122 0.0285448971579188  0.113680396269363  0.202424969239029  0.283058230030055  0.634935319940968  0.726993938673514   1.28320834306473   3.31754269742819 0.306373993354259  1.26854905627783 0.515069015711598 0.674307120162219 0.836152665291044 0.880071787526603  1.30995632368067 0.902487429019756   1.41788348409616   6.22862190836146  0.315656675316703 -0.824775951028728   2.17064465380767 -0.833314249478981    5.2288389563578  0.572502295456966 55817
1748204368394.67 1060 0.24815138174907 10.8968276030916 0.0266508287631086  0.108767754597313  0.218481553435777  0.296514979540888  0.607101990739321  0.740215209994022   1.26494024971373    3.1645421088139 0.303371748152975  1.24285292759768 0.503436838521484 0.662352562138764  0.80940083254178 0.869591042838656  1.27836532079292 0.866876612556027   1.43684230875099   6.15929234616465  0.310704068486642 -0.842779759718739   2.12355346449227 -0.786045513982773   5.28925606870757  0.588885429654563 55656
2021382774536.35 1080 0.250503039694846 10.8399517053131 0.0255973142493217   0.11107345136299  0.209215164504095  0.293189972694546  0.588134166830703  0.706698009280033   1.18417958136396   3.00780096818928 0.302340153188654  1.30178685857483 0.504541922747578 0.681455874498234 0.799917240202752 0.838759144423041  1.29867430302373 0.873043380799399   1.41705794378672    6.3458771241788  0.294136988420312 -0.974069560055586   2.17089138569908 -0.757102343342237   5.43577067463748  0.658441456675709 55701
1621821203888.11 1100 0.283477226816391 11.5214822989843 0.0246686083674424  0.111734487284321  0.219587364764402  0.283527686346822  0.584683704854215  0.684976389335222   1.11334577219171    3.2746234245608 0.296181872623372  1.29998695082869 0.495610419036431 0.662898219667434 0.787793867993585 0.850019217778837  1.42669419500503 0.846202080686603   1.42153248274026   6.51871870754338  0.274937439055688 -0.905872310497084   2.04869442606034 -0.718373160478656   5.75264511005333  0.579182795713547 55727
2044120986720.95 1120 0.317770878510462 12.0503693047333 0.0236530642009806  0.105844957868115  0.220623076506617  0.282333457309227  0.586290156167468  0.673139260425726   1.23084109916089    3.4346945759133 0.304925860487467   1.4570960343031  0.48504997271753 0.649873760194859 0.762658581879155 0.859822565713431  1.47167188595491 0.833106193332085   1.45779912610831   6.88201924351856  0.264024162147278 -0.957305648141805    2.0659701416679 -0.855855462106043   5.85550735376232  0.554542213228767 55695
2114733003073.82 1140 0.286538689913911 13.2055368485123 0.0225345857811259  0.101361403121325  0.213746285163657  0.284380161024534  0.597486816779061  0.661279803523942    1.2440351238516   3.92972086085601  0.29931121389354  1.43322976715307 0.475570344182777 0.645226515330874 0.733662653583452 0.847598952215771  1.43811379549667 0.832459301453059   1.43269225122939   6.59719573258027  0.284992125554506 -0.893765351325967   2.05377700819887 -0.776760109571233   5.60323325773811  0.487712055649779 55686
1956241496558.93 1160 0.265500077704592 13.1975528781587 0.0215912990152405 0.0947991481126801  0.197056769620571  0.284240690820599  0.558534130063772  0.637564815819288   1.24960378847726   3.76067318507275 0.304406492678827  1.41838325096293  0.46794149476276 0.627371108564601 0.711006465008533 0.836590440039574  1.44305252968932 0.814116641919631   1.46917828517726   6.52211371467045  0.242525164224589 -0.831400802801208   2.03198896407803 -0.696775100987009   5.62429276001868   0.55639455909448 55777
2014230556599.18 1180 0.255516267364462 13.1060608743674 0.0219010548420403 0.0962360444995397  0.192670303064354  0.289703922862499  0.519403522072017  0.604914705596599   1.18089022262701   3.76191860195829 0.300953751848326  1.46354381641163 0.457804946773919 0.632985556498689 0.682842097979826 0.843395328138718  1.43161840009283 0.787806038257653   1.48470855082546   6.81476385181223  0.203662105913136 -0.955435867736616   2.02458280518015 -0.787091230741298   5.69440909547436  0.574429781234763 56189
2037369414916.29 1200 0.26016096735341 13.6137247716473 0.0203549927069562 0.0925208479262062  0.183519135231554  0.320253727551394  0.478509581429749  0.592658158194322   1.23026982720998   3.77246208478407 0.304244095471889  1.52687376672499 0.454170660451007 0.644337177159194 0.680473633896949 0.844296004021912  1.45139937887028 0.753378673929038   1.53407490264956   6.65899304842795  0.182543902448411 -0.830896285716221   1.91268958599953 -0.812729322254321   5.47202742294241  0.585291587496588 57880
2079016562130.79 1220 0.281036514571275 14.4541409073518 0.0192420677264982 0.0905313645620422   0.18657659449628    0.3169683060748  0.487671661173745  0.580544435415593   1.19373970111211   4.02009491741777 0.323547302044044  1.46639849355969  0.45579019545966 0.624073343232067   0.6841504482173 0.837436785927378  1.47189117356198 0.745304454678595   1.56479171278335   6.66578588961781  0.145262887689334 -0.802032332301465   1.89592115283421 -0.902714273563059   5.27558787512995  0.612100254540095 56171
1726035089810.69 1240 0.26173049392638 14.1764513420634 0.0187861162257173 0.0959549385914145  0.189592005292344  0.297518854348429  0.488742554502599  0.571416423194666   1.30603423045825   3.77547907916443 0.316077348380777  1.44830196342734 0.451205973627762 0.625735966630663 0.669471163563344 0.821489738375478  1.44187418674735 0.762606926883317   1.52057266700591   6.58457399664131  0.223165688895043 -0.740504860422904   1.85086948162948 -0.778870163055439   5.48970093081486  0.440605784360895 55575
2000832283451.24 1260 0.242849034132958 14.3624240252824 0.0175818965047276 0.0949677249691217  0.193015333591016  0.277868691571487  0.474763122061977  0.550935529682924   1.34031105868704   3.62677996536901 0.318037576094905  1.47659827970453  0.46299616093764 0.631383519344262 0.645673323379343 0.813931185197008  1.43946240393791 0.737588895825696   1.50628667935078   6.62773623798403  0.279782740252027 -0.688965918503489   1.93616967690928 -0.717197337452752    5.5718224499806  0.442072185269228 55525
1901036051549 1280 0.241639649790247 14.7711990679669 0.016950805857154 0.094364689585806 0.198528109750848 0.262946243631481 0.444335861928434  0.50834673330786  1.36602805035321  3.69846788491846 0.307879251376989  1.46849584634036 0.450898655202187 0.611219751196462 0.646800095502249 0.797538729235119  1.42662535014801 0.731733381180047   1.49076698302845   6.40433285775552  0.290769322198366 -0.706643858658354   1.95198123434049 -0.701095385926545   5.51805989900242  0.562359814034354 55766
1909779507546.84 1300 0.25887282751915 14.9106687936595 0.0161731076421986 0.0914603620240243  0.189853656413266  0.250699383343309  0.429479686294246   0.52792737173992   1.35195193173894   3.59573538545705 0.305189499613604  1.44379571758961 0.450387022138567 0.589448428148806  0.64223292540083 0.841117840027393  1.37600214430101 0.756209849670082   1.46015926056816   6.41149348724574  0.334983540349988 -0.717949636481409   1.99980936980198 -0.558722577237155   5.61244187122522  0.646469998475035 55609
1876200970091.57 1320 0.286740383661572 15.1625490758327 0.0146380002263774 0.0887270786770308  0.197175717215015  0.238515393746944  0.411923196650403  0.581080091477899   1.41578411370941   3.36531862139967 0.307287442383078  1.39523202018359 0.437852616968213 0.585205202234341   0.6215175077134 0.816724428218913  1.34708165305053 0.825249280344321   1.52118695845272    6.5762447963246  0.296922949730438 -0.692563286026719   1.97546008236815 -0.684165842396958   5.61956176099496  0.801171747588581 55622
1586720837974.22 1340 0.259006801590756 14.4413939035603 0.0151101924551962 0.0878283874575841  0.220792165079913    0.2336154322887  0.387649235773409  0.655818262967272   1.37216355820882     3.151288929807 0.300727705382091  1.35005186316579 0.426680528828396 0.590946056252813  0.60079452977036 0.788494505941942   1.3009747890372 0.849609557767594   1.51701364055115   6.54129799394188  0.305116975390283 -0.616470216581052   1.96045607674956 -0.628896456851365   5.63794716749671  0.657994932572652 55554
1996226903869.11 1360 0.238663409568276 13.9308144444463  0.015195613491102 0.0880562413210494   0.20562037193695  0.235526138698065  0.360965465312711  0.658164837661102   1.32889538265995   2.94897610528594 0.297511701994982  1.32692102944822 0.417375930241974 0.586603598314977 0.578800890863934 0.765340048594217  1.25701482135063 0.852821253924161   1.54451041922318   6.48527006868452  0.298278090338517 -0.591623926059255   1.93004953172225 -0.583965272622996   5.62830279585632  0.647800050598828 55593
1743404884001.42 1380 0.259790115122734 13.6753497734839 0.0149789169089175 0.0841477543005856  0.192969217938456  0.218838880505349  0.337692853745485  0.632944172848433   1.31282848406488   2.80128501309223 0.298572501498305  1.32252985830937 0.408817638661256 0.590460427706722 0.582913070303073 0.757407758369089  1.25605132752821 0.831836994644819   1.56079036133303   6.37526434816542  0.327484927126113 -0.543816886907747   1.96864125607218 -0.506828599782662   5.69109363818959  0.613363469928542 55537
1922114090437.85 1400 0.234295124615489 13.1313379354184 0.0161908738725357 0.0865854018638038  0.183329600351472  0.209946007548678  0.342017946196886  0.604850324559233   1.30233252571716   2.79182534604213 0.295571491644701  1.29402363388933 0.402289557649909 0.574501219002188 0.563058341958197 0.735417489282078  1.22015445204452 0.805669205834057   1.56767197712087   6.51122268699061  0.266721742105236 -0.571052019431374   1.92799998211041 -0.565510774067148   5.75305873660147  0.694027188936062 55514
1803497233463.75 1420 0.227074332475739 12.0959959480711 0.0179728872566845 0.0805421869243613  0.180221919767439  0.205332193195404  0.329980423735735  0.569810367984896   1.23597239421372   2.62966917355217 0.286896395129302  1.32245136338825 0.404323930079592 0.601710906591914 0.541840791740576 0.726321876672573  1.26410335967026 0.798202361436945   1.55253807542029   6.72008277293323  0.240929714291197 -0.696079881645057   1.93545568706328 -0.606880282229855    5.9610230010216  0.697664623955767 55555
1803317307116.88 1440 0.229042797278925 13.2071655598512 0.0167110423557735  0.075291859221991   0.17789268633666  0.218395385422388  0.306253951511273  0.559243023745414   1.14425816385834   2.91489411902085 0.298601702402504  1.31832685653433 0.397034731649345  0.59497465466552  0.53461186726689 0.701443793150389  1.23762630166774 0.836649141541652   1.49240378535128   6.55893156733993  0.288714204112391 -0.680884174995304   1.95406370383522 -0.588485282775774   5.83300192003266  0.506268281132442 55627
1906999856882 1460 0.231922317113692 13.1475786879327 0.0166812761189694 0.0718656707576101  0.166182919051451  0.242854388679953  0.305597985477882  0.570750484687213   1.09087546723462   2.88350579535382 0.306245070004858  1.29525959692097 0.400046871623254 0.570019076819797 0.539863679247374 0.677398336353513  1.22653781560546  0.86300652294064    1.4750435617645   6.60851617587531  0.326803169828338  -0.69103669293818   1.98724536965421 -0.587352695709501   5.90111854272608  0.412837179331608 55606
1946168369264.24 1480 0.228531219412282 13.0939284150531 0.0161621721163824 0.0684766711339205  0.155665789232414  0.229188440341386  0.302919929130302  0.565791857050593   1.14671447808789   2.77101994667264 0.295827778237418  1.28685223916076  0.39108127545012 0.594364445409904  0.53907344952287 0.651947883342914   1.2448535622378 0.845545568677675   1.49302315836885   6.66277356066305  0.279690312307567 -0.788325583106296    1.9999779263734 -0.626893750091287   5.96024483457618  0.494179004840672 55633
2079067396625.24 1500 0.22224302178742 13.5203561550433 0.0154589319592922 0.0667731588291528  0.151162365871807  0.237306433645202  0.316016939801576   0.53923218442577   1.07811709538316   2.82589323457149 0.296136308408345  1.29816285480245 0.383209819093117 0.598696481239568 0.548051186847194 0.659125207663113  1.25027920591516 0.841908954055853   1.48420989988829   6.80861649685854  0.288450162905716 -0.823318939880503   2.08730525158751 -0.645014330821442   6.03026626544053  0.574483850339242 55670
1766339669980.61 1520 0.23298009537827 14.1627168907464 0.0144152173773187  0.074575148278059  0.140392785252217   0.22261901308862  0.327381998270502  0.543267097873291   1.07093335873162   2.89144105641777 0.283723457131834  1.28021841074336 0.368017117776648 0.586514543535854 0.578110508699391  0.65908281112622  1.23417766498429 0.821974526003174    1.4755785406667   6.62518772260615  0.301664184294081 -0.820218620962902   2.17691572853411 -0.580948719834045   5.87935404625588  0.631677635700025 55678
1798421767934.13 1540 0.216208229412531 14.7092482947064 0.0130532078718154 0.0744478249309878  0.129698669134749  0.208398074510078  0.354252463977817  0.550296333930819   1.01196808514362   2.82421797092383 0.275973790028739  1.24109170613501 0.359116897253333 0.570948237233895 0.573050704038006 0.636910317788241  1.18239998503819 0.799742884531443    1.4647085780973   6.60393115394466   0.33238960751844  -0.77932607758506   2.18538121780542 -0.549086465366237   5.89648542333986  0.638851333065317 55680
1758158909328.88 1560 0.217852718526471 14.6004581246069 0.0123447039092485 0.0690542471832003  0.117415822220386  0.196816245939976  0.343590035106582  0.531865658949265  0.940468320350215   2.63156222593497 0.270445564962942  1.24612754810492 0.355200071594156 0.549009836160272  0.56508274206173 0.646178445609181   1.1803108116902 0.810682321401703   1.46335062529159    6.5624010021492  0.358670961999712 -0.769187828447773   2.19802828405731 -0.486012571855117   5.77508689480697  0.636208750809752 55712
1906193580304.08 1580 0.22207029613233 15.3712159883744 0.0112222995960919 0.0653842707835263  0.123022493094495  0.192733546033629  0.333906495537583  0.504714631484042  0.958233583859504    2.6515407677984   0.2614649776492  1.28639860543935 0.364641303231393 0.557479257876565 0.578748111916348 0.661645905343629  1.17029878896464 0.779478269431811   1.44930928708507   6.39285543607935  0.393241683125984 -0.694557440809432    2.2122587905386 -0.402557435974181    5.7192144388604  0.673243541595264 55699
1651554093374.24 1600 0.197836722162145 15.5412414965717 0.0115009847925672 0.0622205919886527  0.118831897447285   0.20224592188237  0.337571692360652  0.517347110728545  0.889288808908541   2.77783501056293 0.257548922933459  1.25787211625397 0.356244945028177 0.538387737720657 0.593073644517861 0.653902551777684  1.15359455415933 0.785855820633339    1.4769447077283   6.44403412783439   0.34468876783854 -0.733648807947554   2.16680122208114  -0.51937628423094   5.66962233402225  0.742997928417779 55670
