nan 0 0.72 1 0 0 0 0 0 0 0 0 1 1 1 1 1 1 1 1 0 0 0 0 0 0 0 0 0
11830596237582.1 20 0.706617348071383 1 1 1 1 1 1 1 1 1  0.99812754973317 0.962828966330988  1.01405556919521  1.00072815504771 0.968764287652182 0.980500919288437 0.984703896905462 0.988255270917708  0.370449240137123 0.0349558176656059  0.398683245770064  0.492321983095024 -0.192622815274186 0.0345590758698302 -0.289653254880248  0.401237239244501 68204
10987657794729.6 40 0.713105212737238 1.13924159998041   0.8984809959492 0.902024029141092 0.905807364227496 0.921186964004593 0.954005667180539 0.997306515763188  1.05431595936622  1.16611280886418 0.992079137336901 0.931416800065524 0.981514783921816  1.00267775244753  0.97209909269322 0.963427725359624  1.03027564772053 0.995974762762807   0.570433059270867 -0.0421641270480766   0.390629464756316    0.81946579686285  0.0206935021233232    0.35576496407281   0.199323413840797   0.541286562575226 64901
7835980665164.32 60 0.654216092633266 1.23604080456267 0.812676821827441 0.830600611843713 0.877196052552049  0.90094560509516  0.92415820811131  1.01106609290704  1.14884698535847  1.24160510515156 0.978327793936622 0.902819481737045 0.982841669706373  1.02819661839457 0.967292944374051 0.991532930913095  1.00336423719084 0.988967797669744   0.59241020640923 0.0519663470560774  0.479371571174224  0.700001033368765 0.0754091862249399  0.453287204942911 -0.146555985908003  0.750942010564172 67297
10102148767967.7 80 0.705471019404219 1.30652725579602 0.750950292350367 0.770649880667232  0.84576191477711  0.92976752340382 0.986341685728903  1.02829659207251  1.10531445995833  1.28188226444605 0.993036238133581  0.88693647566099 0.961057677492571 0.990545658789207 0.927573378047133  1.10813784312954 0.990706575141001 0.984313493774281   0.90261792837096  0.202449894900474  0.303344346711963  0.703606270008112 0.0670932135478832   1.17884629098996 -0.272017383536268    0.8810587028456 67402
5620824430303.69 100 0.778939845201183 1.47022771190081 0.704144399521381 0.712552973939482 0.838037879811128 0.866516673312073 0.936607293332398  1.01502318082593  1.12138479097394  1.52205707509295 0.963308081808449 0.869678235297455 0.940714259979728 0.999339686337211 0.949170052354247  1.14111030820351 0.964539509660996  1.03072148655073   1.04429271630921  0.446803632971984  0.172632647263124   1.15760846315393  0.536720380969205   1.25928321727768 0.0176939091502622   1.32037818546696 67884
1878116057645.16 120 0.832677192169262 1.66213493369174 0.655371095750817 0.701175093501778 0.771595341440079 0.813510066962314 0.956363225346161 0.990461146132505  1.06464078850101  1.81058883571956  1.00746039231473 0.846659817058615 0.913893075481085  1.02280593699844 0.933204505620079  1.15229399504089 0.924006241802668  1.01380500620019   1.51823857991029  0.465777213284893  0.299725257369607   1.63635492732438  0.493094962872337    1.5793573236074 0.0636334575786191    1.2053359178963 65523
2614515838569.24 140 0.926934521533179 1.82109133989797 0.609527202139893  0.67152843782901  0.72426286601084    0.817880149462 0.900065162040406 0.943570324676312  1.00512794646185  2.02141996325968 0.987823698871979 0.826097324514685 0.889023795446172  1.06813857543072 0.969617932126786  1.18607347076349  0.92342988703139  1.03344106223597    1.59939696623782    0.28408002150439 -0.0429538899765826    2.14561846174893    1.11186600729635    1.98607168501652   0.326170186871172    1.39497397069745 66714
2961389048558.73 160 0.897590515754795 2.05523270237838 0.558960386214359 0.645529304184944 0.746488509488525 0.792444964573101 0.860728400773693 0.919735016468696 0.972243282080576  2.36103830876123 0.945404122009844 0.788209271701574 0.852421692575864  1.07300125090316 0.951201361357289  1.14705394658879 0.927702216947955    0.999566201161     1.3420828570679   0.190051787381684   0.143235330903537    2.32464117411087     1.1573280402133    1.76260783013737 -0.0928752704253686    1.28219015660255 66261
3060388344975.15 180 0.933281594839565 2.09326165108288 0.514828523109709 0.596308035450155 0.715030026089172 0.755383003225958 0.797192530229584 0.853585086564219 0.985123844568758  2.25584696715208   0.9437150136957 0.755823439339681 0.832054230949122   1.0790722098664  0.92947941812958   1.1703937739676 0.894193716103748  1.05932531461345   1.73675337113187  0.363491143502257 0.0352931114658463   2.72041964023646   1.23579533504603   2.48177930411636 -0.001102889846659  0.843163318061141 64255
2727110185780.45 200 0.900587362136504 2.20413131099238  0.47851288099859 0.569491018845768 0.677307402289634 0.736824324659417 0.750848601884933 0.897117002054106  1.03927423663949  2.32470880747324 0.943943562945674 0.723770820924297 0.805756764455645  1.20850270391095 0.900125552620945  1.14742237415006 0.950175179636587  1.05271954188585   2.07049619831933  0.312541482589891 -0.192075691420256   2.85815315639848   1.11726229998614   2.29825727165183  0.652614803686046   1.12528210252694 66015
3915615647478.98 220 0.902328078357568 2.32226647387132  0.46058258396608 0.521760135007163 0.633646448305126 0.687470922418652 0.815233887658068  1.02550135232487  1.03437073699425    2.483885754447 0.927611937137288 0.688325703373262 0.784486760578867   1.2402003680466 0.857383626136719   1.1598586002713 0.951971843609963  1.09968104749754   2.01742348339974  0.394952172427617 0.0751925597062664   3.09923324079843   1.10132940132679   2.45574928403776  0.752978645293622  0.291763679383006 66619
3700574823241.02 240 0.941968548970538 2.42995128025495 0.425792494674765 0.478908612572295 0.594051638249893  0.63413741812731 0.784899363868564  1.05516518332427   1.1965840671583  2.51416128453701 0.998972179823316 0.674731140174414 0.799986015411366  1.26454498751206 0.826659940567511  1.13035018377405 0.935518447274727   1.0614693235884   2.76466288653646  0.474834684831117 -0.560295164487599   3.53205374624227  0.965771927357041   2.74521639577891   0.49510329067474  0.540137047660581 66192
3346927636549.38 260 0.838530498335177 2.6286395873247 0.392333172294978 0.458737190403871 0.589184891921899 0.676195272000553 0.731521048305531 0.982772724171502  1.11356236484793  2.71092259933903 0.982436657896177 0.656466426275089 0.776458081636819  1.25133525744302 0.800580924530428  1.10500919976337 0.896637450065089  1.04895335497226   2.57431690936119    0.5089664112805 -0.453987786417656   3.58589284782021  0.903535343238729    2.4435192615253  0.546857767065206   0.55035829055523 64852
3143770533799.78 280 0.800486334177185 2.68296018401628 0.354906203383486 0.422712884968187 0.548916360651929 0.637165226474174  0.72705188538403 0.991376299111069  1.09425260571285  2.55471257502844 0.957963186679069 0.643298540129181 0.773931940032202  1.20202039193823 0.829133405259857  1.13277927838387 0.884910513241458  1.05383530389835    2.6804810198018  0.209054281729872 -0.726075221093212   3.39836070372357   1.18691852511993   2.97931774918271  0.787101022341993  0.405705819948493 64584
2187098926973.89 300 0.778385804269653 2.74942777906216 0.329545758688155   0.4204932308884  0.52094280158081 0.620789203477804 0.717591106766402 0.993046967886932  1.14607488477744  2.49115275657753 0.926621096511178 0.621086977055916 0.757993964734712  1.21581464174252 0.812108997532122  1.11803905331415 0.875370067002287  1.07617741138407   2.83913515234372  0.118806969830881 -0.266169956690789   4.03701436099681   1.35061196093043   3.20615910064965  0.591535100963351  0.355123518493673 69256
2360085993320.72 320 0.718085028374288 2.7608103783399 0.316558706272691 0.386149944432455 0.491000261197743 0.596461587329151 0.738289830868216 0.973850964680687  1.21595354483069  2.41283386719126 0.918650120261719 0.590623776792703  0.74304617436699  1.19071992764981  0.80949123142506  1.10986695830577 0.855394862913649  1.08189210505381    2.75503442590425    0.22283954109475 -0.0509398917813717    4.03528169849156    1.36989433521812    3.25670997228762   0.369945474562945   0.401833564783165 67805
2156766049529.16 340 0.657250233203014 2.85468773074529 0.289772646233608  0.35506757381917 0.484621539442337 0.570809423154911 0.745515932887791 0.888969410220125   1.2557737133768  2.36142743074859 0.923212038106819 0.574821258204722 0.729684729319393  1.19113255603022 0.833619503899507  1.10774055878014 0.821910283965722   1.1002618032105   3.08255935179059  0.248839868807068 -0.422182433773133   3.88542795693655   1.61167047570532    3.2839228071042  0.418662048105303  0.291719588306746 67652
2260953085215.8 360 0.677648572761463 2.80050919298097 0.302067049673561 0.340461514045705 0.491567531753634 0.535059229020065 0.709524406484824 0.858336160890145  1.33601671177913  2.36906708612016 0.904036556101784 0.547688680582852 0.706988793908841  1.21884447101059  0.82397257300565   1.0657980316437 0.792162640201296  1.11639368094237    3.23126615758162   0.226446972125275   -0.56856483646683    4.42997400684791    1.79824117581101    3.08046453276019   0.466223126059541 -0.0538323027244181 67053
1958803389814.83 380 0.711606058862759 2.89057256986529  0.27670165652129 0.316504110739694 0.503284201250636 0.515045713741523 0.658226274404412 0.915439041113313  1.29421600426288  2.31195572749886 0.923520564670212 0.527346188403476 0.685806238220961  1.27094732944273 0.858506710508482  1.16447678226616 0.822343600033543  1.10132403946433   3.49484524983646  0.238839948371622 -0.391684268460558   4.83430347000292   2.06742091541486    3.7882896189611 0.0809067207442174 -0.114868748457125 68733
2506050590723.86 400 0.73171906824667 3.27979755174264 0.260324135624998 0.291502000844445  0.47131241121433 0.486004957070589 0.721331304213824 0.917711760402443  1.25031309670748  2.80032546515795 0.948914756302543 0.516447346178925 0.655855185068291   1.2796137044776 0.836106761503759  1.24055296469595 0.795040106931553  1.09932749773734   3.77024699204187   0.40563501501241 -0.505482583101552     5.033196745622   2.01294340328807   4.38898813662782  0.156504104164959 -0.298661605135631 67981
2422483230763.8 420 0.717891172747473 3.49624618790658 0.250812044579314 0.272453297344406 0.430340022645998 0.456554502178265 0.712962080018776 0.880607166785279  1.24378054146651  3.06586057131268 0.976976967694926  0.49627388879042 0.624971491203515  1.29970289435983 0.845747821752846  1.24212609040409 0.805330823677158  1.06446297034024     4.0730365117603   0.354895586186921  -0.483882290252876    5.11797838515186    2.07501489144655    4.50394259226344 -0.0580065760050929 -0.0376341265591428 66596
2481457517952.14 440 0.756084614901836 3.66597762646848 0.232695194081085 0.261430666900708 0.408120826174052 0.471553363263827  0.67510152876125 0.935040617189433  1.20917038346354  3.12728191994447 0.974960182996684 0.486264577196123 0.609418561639538  1.29448407966872 0.825678553769637  1.24386975432838 0.788542118238382  1.08378075645927   4.18384419138065  0.131320770753397 -0.577260388652722   4.71486649498204   2.19276109656346   4.72765138603255 0.0283124544757599    0.4529029540322 67187
2465592295934.04 460 0.73238071503949 3.63192092055759 0.231168137592341 0.250471048672188 0.380875603192666 0.461038929281999 0.639718643122749  1.03994239020192  1.20689817228909  3.04930412909365 0.971217258668578 0.465148665094991 0.589380130167155  1.26235553558757 0.811842800655762  1.21642722134412  0.78146577742424  1.11095940782913      3.65785135554751      0.22176759106817    -0.390353340885837      4.45536648692821      2.08468464671512      4.62709175031765 -0.000436600226845975     0.720095874162047 68162
2137640506042.01 480 0.698393590511842 3.73570732661425 0.213532312372193  0.24035286984855 0.385571427618555 0.432097101144679  0.60515088414353  1.00880214927769  1.21878126452862  2.97995215623887 0.996824373155599 0.447640323460089 0.574785983554224  1.29592185202869 0.790427459196786  1.18089041468999 0.801134831449013  1.10646150216276    3.50284849979014   0.154301064965075  -0.530065681061408    3.77044573305218    2.00650493367821    4.43135779699299 -0.0519978814220771    0.66185198777722 68175
2005907931211.39 500 0.610857402702465 3.90867510020831 0.195712287674419 0.224149151631051 0.388870350914868 0.410916658002027 0.579959336940596  1.03169853182892  1.26783691101881  2.99004164923778 0.990087046904799 0.428192743787535 0.567530374815852  1.29167720592526 0.786977275963899  1.12765909801934 0.798143331194389  1.06754170858301   3.76590824877621  0.173559932556472  -0.35197970975216   4.06398721769494   2.04152176984189   4.43817033855658 -0.158238575652458  0.787023616968555 66815
1952113906775.39 520 0.572470651665057 4.0267925979228 0.180065388078276 0.223638410851501 0.376664815774407 0.394066801102251 0.583818762818402  0.95565254660949  1.18809091828972  2.91977082432619  0.98743655368403 0.408533763542111 0.546794964083387  1.26934011919109 0.780775436419988  1.14620752353872 0.809278117782352  1.04101607817846    3.6721843199755  0.207270984922437 -0.329837442435351   4.45003363725697   2.37359867200748   4.77701912854831 -0.324886431511039  0.519424752701542 68897
2057069342984.82 540 0.49814465689942 4.1652222897662  0.16454438993248 0.219310830985403 0.352528350348301 0.393535944148666 0.591079172058089 0.975675360506193  1.16282007723713  2.85469324530501  1.00539837627727 0.398729682449318 0.528486117222056   1.2713660087625 0.767686417258793  1.16725602176602 0.782051083785744 0.993473835907608   3.70304749016789  0.307861438224481 -0.360759805739861   4.52667896291137   2.31330340804793   4.64329301064419 -0.333829472830039  0.498407752017124 68184
1997785960342.12 560 0.447664360237023 4.3748729945206   0.1547086608023 0.202684987537215  0.33580740950029 0.386335368459339 0.558975200456189 0.933494272628325  1.08284913976496  2.96104853574776 0.981155557937348 0.394500664317339 0.511280957261823  1.25265968102316 0.770786564864226  1.12974979770479  0.77657088158864 0.987946926279193   3.60369796126856  0.342227068575154 -0.437269122939237   4.57079890892708   2.26925340906273   4.61229464848274 -0.111494044609865  0.551641570948877 68258
1935790173097.28 580 0.434695785860191 4.42254037170579 0.145793950349044 0.207021620058695 0.338278126301103 0.365302197744986 0.568531479842492 0.872487603183413  1.04943056593963  2.85156395058349 0.967504537864483 0.378502357399533 0.498001767225467  1.22535109014828 0.757879722745815  1.17515163858287 0.811034838663043 0.961048477212386    3.8394967643092  0.287844553074565 -0.378813844464266   4.45434158133638   2.43242615238534    5.0095091984428 -0.463286882244434  0.739022595301972 72207
1979093290561.31 600 0.443270162099453 4.55248877502039 0.133891348184197 0.194150592360418 0.321294489883549 0.347137542791971  0.53797828805832  0.89403389871901  1.16216987588985  2.77491881663604  0.95381754229718 0.364321180052819 0.486770197433907  1.19453408062508 0.733954114902542  1.21547311195837 0.826815630911151 0.950515777405961    3.9467289498062  0.257584295064321 -0.369629930613132   4.30082896577689   2.42487853272621   5.27694543465954 -0.599803230086515  0.810832890584684 71129
2045569978833.53 620 0.473497864622712 4.65916892059247 0.124368874437826 0.189828244786348 0.294866619461224 0.332046493633637 0.508347611780801 0.861827933187651   1.2984553065018  2.69978149661706 0.979840834635324 0.356099952435011 0.477448016871824  1.32155229461554 0.736335055079073  1.22862780756312 0.826237955558567 0.956554343329025   4.11075347417032   0.31880451325731 -0.453088253268945   4.95004394876868   2.52024743502728   5.48674265387101 -0.709918093352358   0.84914961113363 67102
2038744495214.28 640 0.460241238524415 5.19536089329614 0.114209695541423 0.189382758982352 0.306050640264048  0.32980343087001 0.492048523148583 0.888737253405063  1.30777860179846  3.08272238335444  1.00660707174004 0.343928483221582 0.473417512339755  1.31905351946963 0.736686227848082  1.26066995571075 0.862432078143964 0.934657499143364    4.3737639870256  0.329488836883158 -0.533187349771472   5.01611561701922   2.64156719594342    5.6392887456683 -0.812560481117387  0.757675229956202 66537
2263700540682.02 660 0.498054236205757 5.57203168098118 0.107009810621291 0.182940367303363 0.289894903755265 0.316540676612311 0.463014074341649 0.855780075336877  1.30736902395113  3.32239106039087  1.14524614137044 0.335376627833811 0.470046976205532   1.3406434941868 0.727918814156397  1.28519155488376 0.849094891919405 0.978352839487731   4.83677344564576  0.370221108218763 -0.599275563678155   5.15089987943957   2.72802211528749   5.92543915052572 -0.872550123073037   1.01088503437626 68972
2070305009969.61 680 0.560027034672035 6.0774467064452 0.101147849903726 0.169745552596675 0.273024703540592 0.303322220513277 0.440364280338761 0.865650695112731  1.41286749529369  3.73593209463168  1.12410812629851 0.324547532218447 0.457717569812268  1.30601780159396 0.813330399150614  1.33089933328527 0.827136789071151 0.993141199272995   4.74322195135228  0.400143101081879 -0.542865894869799   5.01341940756085   3.00429572624796   6.17393073938139 -0.755211232719985   1.21747700941066 69696
2207778935155.17 700 0.555226853927856 6.30686749220783 0.0956986087124347  0.157257208239756  0.264047492117541  0.376076776614636  0.439590740070715  0.815439658491197   1.43274851863566   3.80656313224268  1.11874414061255 0.312395957686507  0.45388233791042  1.30369875943423 0.823492538349584  1.30572028885578 0.864494080283594 0.977700789047597    4.7754587350991  0.380134596701661 -0.518355436498049     5.413238486011   3.16393976338164   6.19773799333512  -1.10571359890305   1.03504898768812 67940
2239240977399.2 720 0.585796623323034 6.49494574257742 0.0880871196190615  0.147936729026846  0.253741642889357  0.372580677612866  0.508323472515986  0.833435065713196   1.42111363295032   3.71589525942027  1.12452686709881 0.303085563132656 0.442305329316893  1.28158763207745 0.894435571627498  1.33921145216801 0.841065203939025  0.96351024082021  5.06444728683697 0.330123647563648 -0.52715259289367  5.26225959385853  3.48386388239713  6.61554961189878 -1.05536149202843  1.18783810852578 72178
1934737420629.14 740 0.65429270919394 6.87905490382256 0.0810681757530237   0.13927505725059  0.273113799268244  0.368680637192021   0.49899430852236  0.799219626983046   1.42715648054033   3.83625927778587  1.15510291816222  0.29264749041092 0.435536245234443  1.31130061072917 0.985499288819407  1.37570416006312 0.825813538553807 0.969150166974574  5.43186576626356  0.30427202993949 -0.41652086476177  5.63159704794314  3.78702119892371  6.95492207215264 -1.16904038552117  0.89800972611176 66530
1735016549570.54 760 0.738559777510114 7.62947310741331 0.0739785095066513  0.149024343532804  0.257834714723297  0.368290506364053  0.465937968325873  0.798616116736477   1.39421039425477   4.30620469524253  1.16208959603635 0.279889199840679 0.428050298573308  1.28760136315927  1.05541443470881  1.43422211828232 0.819952091745963 0.959853487102172   5.45500980021423  0.296659778108301 -0.328872432102229   5.36779892908045   4.04770915936061   6.95349740142149  -1.24378071088432  0.701356255856013 68996
1760065903359.06 780 0.784547743674959 8.20918204076278 0.0673379088102278  0.146071251992781  0.290511166120219  0.344007461776114  0.451168322462401  0.869753098380795   1.32767139920501   4.53794677619687  1.21222478576341 0.270903555578219 0.414397425300099  1.30330378343337  1.06169199582962  1.45612168274514 0.796455637212316  0.96384534425465   5.95905770305189   0.30463822373601 -0.437949350693533   5.41745807051906   4.30158185680789   7.44364692950374  -1.06331585859663  0.862714004478817 65744
1815683346947.47 800 0.744867475874564 8.68095422698344 0.0617465254161117  0.136994664102919  0.272866750837266  0.327146584910303  0.481375083717993  0.849172388514854   1.44156699939158     4.653154327418  1.18702587976243 0.264556329326546 0.399621056536801  1.27710999936387  1.06595872379786  1.43763921062972 0.773509843230148 0.938533486636662   5.81372370230763  0.214565172908537 -0.357631385862496   5.25192317000061   4.41212400534309   7.51553001623318  -1.29404826782153   1.15336908869385 67780
1793785730871.35 820 0.805740213049389 8.90337709953784 0.0568528155488532  0.128256561456546  0.250595120041732  0.330481453174763  0.457370571470922  0.775538290413437   1.44613997609776   4.50672972560437   1.2857213682028 0.260953956875344 0.384650846313213  1.24046902487164  1.08865662900974  1.50150037909112 0.801873483853658 0.926124086666593   6.59390220933437  0.167745760115132 -0.342981194736337    5.1175955352271    4.6750978061119   8.16502486564381  -1.50567398210553   1.31428205334027 70421
1758125115885.77 840 0.732407075228314 9.49394983976912 0.0546874205329684  0.122584865641137  0.253152759904948  0.320320423026998  0.470792483699922  0.743859282593037   1.45362717698509   4.92925521942282  1.27197813703573 0.249851048590521 0.370268109126174  1.20914895922596   1.0596474593317   1.4666686909202  0.77521826418121 0.911597535940845   5.92656857718669  0.209680476836972 -0.387362155103914   5.10451202305238   4.62508511709625   7.94833936855094  -1.16310092635543   1.26926266620134 67241
1995008960598.91 860 0.741817675851275 9.62498836200223 0.0507031038777646  0.116798033070842  0.253716445653159  0.331497774210937  0.433188302647143  0.738245459966657   1.36413182443985   4.69715587359266  1.20996912377986 0.245538142798762 0.356065120499528  1.16678337101474  1.06210724525502  1.43006437208502 0.751354497750906 0.888441679365357   5.88115423952936  0.312740655474301 -0.440076486692486   5.00624083659492   4.92611437261809   8.25755961851978  -1.07656224214072   1.08666869992747 67184
2093048952968.34 880 0.71530705860001 9.4064774931802 0.0490145684830535   0.11282527725163  0.252858037310829   0.32775781862853  0.421289147064718  0.750073452287502    1.2887817030767   4.33689816853374   1.1871016464032 0.241102065717507 0.346154046578161  1.15706932486165  1.05704187153757  1.45584402560723 0.765169497191287 0.878455831381803    6.2666082522819  0.265021741050245 -0.478819239102315   5.26633470878005   5.23858290733015   8.83697540218671  -1.32961961218549   1.46927955544866 68327
1722452484418.64 900 0.748254861638175 9.8174287536317 0.0456001056200778  0.108727682011892  0.241707645085855  0.319835238968066  0.412836425339401   0.72177600284992   1.27445266957736   4.39502515423268  1.23571839359918 0.233345257970384 0.338389710835316  1.16636375788589  1.18434815364951  1.59629427757877 0.764917966382092  0.87471256581919   6.82004184689669  0.284757962135965 -0.497605511376221   5.11086303466968   5.90687079517997   9.47012619590768  -1.48483692991345   1.44072008796917 69188
1543779818547.51 920 0.775976378234634 11.0489791692155 0.0423762134963914   0.10535958524152  0.232106561710288  0.294225725891062  0.393253730699592  0.705244384344489   1.41156767624502   5.17328562995697  1.22991829856491 0.225723032981597 0.323244837958872  1.18530801406058  1.18785175737549  1.58860782974089 0.757575698013146 0.862776485140746   6.82659898368522  0.237781487934573 -0.501301249598953   5.52082502600841   6.02414023835486   9.73428603053557  -1.16309195745818   1.64174881533975 68079
1679145383176.15 940 0.746476145691665 11.3676865175508 0.0399166063583888 0.0981336079617869  0.219479195401391  0.307500691285823  0.422668656077697  0.708898395444396   1.37127051968242   5.15819538576064   1.2158950625824   0.2189156746241 0.317910820750042  1.15704988797905    1.197497700238  1.56154732874283 0.754472676843674 0.851028082383529   6.88169372686303  0.231091030081223 -0.554645126473724   5.14287485730457   6.14820577238968    9.6668212115183  -1.02375377164621   1.59901572158289 71145
1509157398731.6 960 0.803913626035157 11.6531351582002  0.037021424378874 0.0946412229602814  0.216808071579118  0.298915190273518   0.41508153560186  0.671516770417218   1.37073599383685   5.02734501907118  1.20831955332083 0.212790792054711 0.312891830408992  1.13491255799936  1.31359069143314  1.54217757314727 0.759841223510095 0.852838764494315   7.12585110140453   0.26214625790423 -0.583184133451217   5.17093727770524   6.91297300850917   10.0675755911785  -1.11315557375156   1.19779028978672 68294
1949606235392.49 980 0.910462407108823 12.1481532573959 0.0345488179496134 0.0920039228537402  0.220783166612907  0.284527470009998  0.432233244336526  0.822077993384905   1.31496148753688   5.09863258818523  1.19110173361387   0.2107841433559 0.315746240294555  1.13753235128399  1.30395755631403  1.51485150542859  0.80076762874597 0.847284814507347   7.02042863126524  0.362245170076967 -0.715665643100128    4.6680031919035    6.8235506047417   9.93846895053547 -0.511320901030166   1.06905013697025 71354
1720919187709.55 1000 0.792070477130987 12.5248168700961 0.0315905529175396  0.088227746783538  0.213495853405341  0.270235617501719  0.450525325380329  0.921581943049403   1.27972972319582    4.9556428154623  1.16347064555039 0.205208691465175 0.303509537887918   1.1128339256729  1.26582118061356  1.45805889971313 0.807162872125276 0.834951398426315   7.11113290134721   0.27835941818344  -0.65040714834677   5.21703683132218   6.59077184215522   9.74585529973697 -0.675464526775411   1.32612948898662 68170
1297189474451.94 1020 0.806253730819285 12.4896874329911 0.0295399545416962 0.0803268465835733  0.206208050166353  0.263493884774057  0.446307447508059  0.938608102063137   1.23069718671554   4.60800521966955  1.17859028449632 0.197071212854325 0.306656116940359  1.08768408848261  1.22583856609549  1.47195870439132 0.809978312222485 0.838486260140137   6.41604977203161  0.312428346677329 -0.591509828290335   4.87004682709077   6.22773989190575   8.87453943536457  -1.04879895077379  0.898788198801816 68786
1868836483237.96 1040 0.75145051577209 12.8611154368354 0.0277158136258775 0.0777274210312623  0.201998923998483  0.249307146932499  0.529870629118338   0.91388373928146   1.14854444476265   4.58442534556462  1.16046717092713  0.18916293518055 0.298266713816838  1.08789382363226  1.22447372291554  1.48316737006424 0.802627865792772  0.85216399543655   6.11335558339147  0.322708914972189  -0.51422264277072   4.56301504669356   5.93612821215313   8.53961256539407 -0.813962206834611  0.769569459670503 69392
1883901838756.54 1060 0.636667494384539 13.3317017259986 0.0258544936484537 0.0714580448428091  0.191508459988179  0.234152603698499  0.497247281271721  0.943698728342852   1.16530979654008   4.59522957838082  1.12385694643139 0.185107046522821 0.288313073418723  1.06223744655656  1.22190267791771  1.48470418480144 0.780329118265591 0.837006964698648   6.36107860447696  0.286320361174592 -0.529048954504728   4.76482400280188   6.35775054061834   9.02578924707953 -0.954454378402761  0.781711434478603 69223
1625395473315.13 1080 0.582532761364073 13.6036704413705 0.0245224669352637  0.067748505322232   0.17622439524536  0.222292408391999  0.461110487122706  0.896750882549185   1.12890555290064   4.53812403985485  1.10480278843287  0.18375205858808 0.281220028491659   1.0288945851639  1.21054004128933  1.47058970097594 0.753914896533133 0.822519826488693   6.34441730744561  0.332851333594914 -0.521190658851122   5.08108774758471   6.15736603879554   8.74151577994615  -1.00368031626018  0.563862136817386 68207
1764267174254.93 1100 0.532869617919687 13.6486968919137 0.0237295571000612  0.064953661207197  0.164986883054289   0.21443329904898  0.457933012831864  0.820058495594481   1.09842941207606   4.42050626761872  1.07212028262873  0.17992850957304 0.269074031814761  1.02044486516867  1.17978273812902  1.43730673898452 0.749680062572766 0.819350095498068   6.45291165166696  0.338947856614747 -0.535342967793668   4.99501255129686   6.25347165158262   8.91320538974366    -1.184665631153  0.979043943692453 69511
1670487349034.74 1120 0.50041111383349 13.783084544426 0.0222682984917663 0.0606636395780907  0.173291241378152  0.206637981663399  0.431302315650744  0.806880125392762   1.05518905836483   4.23038481223681  1.08345766230543 0.172958599510134 0.268587860786723  1.00053092643647  1.24652967715808  1.47072368283473  0.77581564746672 0.834097180540009   6.74064640321118   0.31515970683931 -0.534851911772699   4.79275547301149   6.77333605760861   9.40107053395511 -0.971002774073801  0.883537768996717 67945
1486817560969.28 1140 0.455851205409694 14.5142780351609 0.0212188369643398 0.0592813453895223  0.164403789113017  0.211060903937397   0.41162437119068  0.920389777622083   1.03343941219905   4.47005073318035  1.10489612579691 0.168462063168158 0.277496688201091   1.0204713811829  1.22882091562261  1.46224355423586 0.778290285957161  0.80888279509458  7.00434895704267 0.320118387928961 -0.60651907454546  5.02447310642243  6.86269552446021  9.68428871675659 -1.09914774592453  0.91631165926434 71430
1769848682528.61 1160 0.44361880841914 15.0945925421282 0.019695688187277 0.063827334888378 0.157700872946398 0.203792236362376 0.402895554758536 0.881281399486497  1.05893425001549  4.48759803065006  1.11418803596805 0.164918968729455 0.268990623358004  1.02520804802562  1.19356895700322  1.47657978131785 0.757005910698122 0.776693346814169   7.16161456836614  0.311106842064779 -0.546792655825905   5.27179080560968    6.7640959411588   9.62690116184563  -1.20973940738132  0.881571658014912 68361
1697302150499.16 1180 0.377099123031338 15.4559547011786 0.0187971392786845 0.0624437854119018   0.15683478611563  0.196518286969838   0.38049815209321  0.809015276739611   1.05873504203588   4.49038348382313  1.10017820338469 0.158818389814713 0.257372600362477  1.00716691457917  1.15989596175408  1.45740071065821  0.73147131799315 0.772003242889889  6.74196055968172 0.325931394876035  -0.5535648410461  5.09911979946764  6.49473684336283  9.14943500468919 -1.05494900208075  0.84494671927718 68301
1636797556570.38 1200 0.341455438008917 15.7255242594797 0.0175615067478016  0.057795597014694  0.147549201046636  0.187367178542827  0.362394103555996  0.745429442698046   1.05573683411695   4.34282211526306  1.08186186490533 0.155857863519506 0.255150552872611 0.985136909909779  1.13074740039521  1.42162860177422 0.702002312619589 0.768368513253705   6.82144768919336  0.332927644458518 -0.545635635959402   5.09571125224648   6.65831298287432   9.22185330329164  -1.06162397960483  0.915631376109797 67825
1399604608469.98 1220 0.354910101825303 15.6608652602056 0.0169282863583339 0.0568032250860709  0.148394630798704  0.191515308487365  0.352879492865181   0.67891314796424   1.01581696622178   4.15187723043944  1.06066193439776  0.15880822726262 0.251929260703098 0.958081375216715  1.12166752742168  1.39898265597055 0.722899875483498 0.755524232598933   6.83827176442055  0.369636771462816 -0.580148937121684   5.09371570204657   6.62710161585693   9.06906300630359 -0.842857113950225  0.824437321387952 66450
1342406213662.59 1240 0.363836754202796 15.4550841717874 0.0166803625678302 0.0576224465939733  0.146658125775238  0.188392179009728  0.358167042905258  0.700529474029357  0.987988867853959   3.98426517712389   1.0724609805154  0.15692419456875 0.243938951056926  1.00802724422045  1.17411464934738  1.47913413576392 0.726522523553173 0.760428531779259   6.55157951014775  0.375019211268004 -0.565661731129225   4.81662251958956   6.27621403896422    8.6771646484197 -0.823671574110165  0.844865890264895 66697
1661217483799.18 1260 0.393853787779499 16.2313524391339 0.0168195827262809 0.0532488536821133  0.135126198201391  0.188365313003804   0.35101167426687  0.715542402261711    1.0315449248314   4.43123347609719  1.08592230927057 0.161024530244122 0.234473528825673 0.981753483267243  1.23021680173635  1.50726038023814 0.717613037178298 0.811766331615585   6.43550971211419  0.355389441715618 -0.559697307680015   4.78423301946341    6.1076826491017    8.5825820386176 -0.962369531062678  0.590577206229859 68363
1486341148625.83 1280 0.454142699389897 16.7879335925977 0.0166778207006082 0.0530187307983123  0.137271903099723  0.182621600741921  0.422679030462959  0.704351309433825  0.966164952424299   4.70038883246046  1.05633120333526 0.175472251524269 0.259706107328053 0.969989626843035  1.18945135830243  1.47658983214529 0.710717327918403 0.799082067415693   6.64294209733398  0.315020707281833 -0.474293153714251   4.95744864234634   6.11852122729662   8.90444346846771  -1.04761573132948  0.570108950000048 75871
1710628560995.47 1300 0.45095710386386 16.8131738806785 0.0156613130290499 0.0622878875630895  0.160025974221768  0.190249371722469  0.417609190912074  0.666094238424185  0.954604553119966   4.42718406839987  1.03926706382574  0.16938750688849  0.25795213900882  0.95477638192682  1.16435448483638  1.46213943899312 0.681202381503192 0.794741333471547   6.43927369609961  0.349822344268751 -0.444684690495696   4.79041239369014     6.083806105687   8.67641777585694  -0.92515347529913  0.527579944319757 69869
1697165403968.18 1320 0.458740616566768 16.5633430653467 0.0157052434817762  0.059864877487254  0.156164944037717  0.185458537125105  0.386358852823104  0.644445648625185  0.919486321009786    4.3086445554689  1.01978875960732 0.170656732296617 0.281073810303505 0.930917698928246  1.15086534629748  1.43335234350198 0.673943712930639 0.777825266145417   6.40324338876508  0.322937666305814 -0.373872469119161   4.72170365694947   5.96588541032053   8.72258772987942  -0.96712014786742   0.72927206922481 69468
1712070588372.69 1340 0.450704059301076 16.3427314669863  0.015389004382639 0.0618471041920684   0.17565594128286  0.180843843681269  0.396508934514108  0.630481844247942  0.882008407301144   4.11017026269792  1.06091768014293 0.165761122803947 0.279111353087094 0.928719737156402  1.19787371804753  1.49533956569606 0.661276961445749 0.810199963123019   6.18475363665565  0.332149830540523 -0.367543452099093   4.68485603401574   5.65275626284848   8.44397125547037 -0.938808029242692  0.800998223753446 67849
1494799529881.19 1360 0.404497735294239 17.5642138308483 0.0145445679006677 0.0571548471163515  0.172173121050961  0.183261145289348  0.391424526858204  0.706904968596834   0.84561387808799   4.48702257768726  1.06998405520845 0.159959008736737 0.273563628845047 0.921225383115057  1.21436521201539   1.5311682114889 0.650895491746208 0.820680337205787   6.43791380346602  0.311661779807991 -0.345530445835406   4.59304635352843   5.96873885108372   8.73545521398186 -0.990014914211861  0.820701437792538 69928
1321125190143.96 1380 0.39602857054292 18.806105468935 0.0132670394035919 0.0540902138915756  0.162685855741328  0.183305227621659  0.381972750874893  0.683142624405593  0.839673875896607   4.69214855764252  1.05629989204539 0.157308213172075 0.266264459866099 0.977960439138678  1.21121015107824  1.52708041868762 0.653330713053702 0.796848556207216   6.33695233135252  0.281196792966735 -0.351659830995338   4.59850651620746   5.70044484278969   8.41980462366698  -1.08234428128069  0.681755662106932 69192
1780657304124.82 1400 0.379517796132596 18.596339352405 0.0134584141630377 0.0508657738999851  0.151335592383907  0.182807879613218  0.389322299898839  0.635235032172828  0.951366574239329   4.65424042996637  1.04180087145841 0.162863105251503 0.263026462136301 0.964559646288248  1.19072366878528  1.49821648107186 0.637873335772381 0.809478338770005   6.17824727897211  0.342308922242005 -0.415725695714224   4.54698187684981   5.69186396304679   8.20229805023534  -1.03440303600597   0.51369870445641 67059
1623189191945.24 1420 0.377896244000788 18.5708684661787 0.0130433282454959  0.052502197316902  0.147500808180657  0.172068077032509  0.379807321975161  0.637680197544321   0.93509685583967   4.49834594470866  1.04956033439464 0.159456237713247 0.268030285238864  0.98382446583783  1.23015910350352  1.51200059524092 0.628836436500847 0.793710935868553   6.39027734310579  0.337337022214348 -0.467643047005837   4.78966800544745   5.86767214799554   8.40544741669554  -1.14194173450207  0.499789984215834 70719
1592989623297.11 1440 0.396282509337853 19.3942265234302 0.0124486838516376 0.0534601697870233  0.149833160570335  0.157480099035651  0.350426066614823  0.612056730678847  0.973500195063673   4.68239842859448  1.02150434328164 0.159663896220871 0.280473283626475  0.94899945499634  1.22426520181642  1.47009961224011 0.628454239172191   0.7994065475486   6.54967989121061  0.367428628945647 -0.518230123065292   4.77577315241143   6.09938357335703   8.57854603043633  -1.17705147501542  0.406259965810779 68647
1578403346472.79 1460 0.420668111685968 19.4222211086032  0.011776618770987 0.0555786733910152   0.14932086015608  0.157564630656933  0.334802549248686  0.660983065434312  0.929818617899458   4.44240760923796  1.00918668973298 0.167418286689346 0.287905063754836 0.991651594093996  1.19091124825872  1.44030197459873 0.615877748720489  0.79376607815027   6.27285613809462  0.405657815782427 -0.547753843092837   4.45289961102864   5.88581749660862   8.29524180975359   -1.0225654605228   0.32240208448698 69180
1565827845659.2 1480 0.483085286133429 19.8913675866263 0.0108834357993483 0.0646296637581912  0.137711959552285  0.153720938642493  0.320630643476549  0.629530249890815  0.991540344279216   4.30621099931138 0.997000628141276 0.171748385684788 0.292192160093376  1.07199152924104  1.14745425152647  1.41048735856493 0.638309511113016 0.776316588948798   6.22508943553358  0.437034968511778  -0.54034008760048   4.13869435753336    5.9399538592324   8.37598638541541 -0.832450263516514   0.35093664356518 69860
1650355472531.85 1500 0.523031071513029 19.8411442030453 0.0103478558800483 0.0676849252634284  0.151197373480076  0.156321356834553   0.31542462284722   0.60982177829584   1.18983346519697   4.07365080615795 0.995939032217349 0.165553622401963 0.285538340513271  1.12503665500059   1.1478963906058   1.4332380086481 0.636236161010563 0.777261578806849   6.24380910093676  0.405537359953019 -0.497592788850983   4.01156727603634   6.02134876138792   8.70313298206713 -0.888151262147797  0.465056103865078 67498
1679917778659.13 1520 0.501810705505972 20.5904905792704 0.00973134833466659  0.0649501363232028   0.145290631579507   0.148918765157549   0.306934270544055   0.606600541336451    1.33910257848307     4.1257832324901 0.971009296082829 0.159720271263042 0.277521236787146  1.12927166452893  1.12466054776224  1.40994534235752 0.631552537437547 0.764585000884168    6.2843782047859  0.409655850939218  -0.53479385729904   4.08526058360959   6.21254137075044   8.87533862751015 -0.875882829445519  0.524671672668596 71743
1625926124766.23 1540 0.453433105352552 20.9739949198037 0.00895617342340563  0.0613779181587999   0.140132354145505   0.146999076181722   0.293590873923839   0.603224859521239    1.36272045508233    3.93989648411995 0.947448573231728 0.161206563870699 0.277660180969799  1.16414429951863  1.08317345273609  1.37912697842923 0.650191491771318 0.749244526374524   6.16086299760662  0.387009687811395 -0.454944940780844   4.01429547955217   6.07981124304662   8.67071006504894 -0.730545573443446  0.565013277192103 67208
1496895995051.69 1560 0.416308513064829 21.1028422377882 0.00854744717026066  0.0643528270364885   0.130760004463714   0.139351425604474   0.280701837344933   0.576824616802172    1.40837338520279    3.80643422534447 0.955310464483762 0.154747164086197  0.27077242186852  1.16287081657912  1.07269741425743  1.37528296533135 0.634251908446528 0.721046949674265   6.05397432033445   0.37793362559664 -0.449604931901243   3.85010976273508   6.17249871231537   8.69498013747307 -0.742483886303037  0.585355387255955 67979
1661077678917.91 1580 0.427048203719785 21.8091394496314 0.00802156006883125  0.0592766080172859   0.124077062233976   0.140999043320673    0.25913357493947   0.528312679474403    1.39123433663768    3.81536330843632 0.939314304941438 0.153583773437897 0.272551272461694  1.15274612671096  1.10954695118417  1.39238676999471  0.62020454507428 0.717830682861902   6.30474449105135  0.356327566822977 -0.484074825436669   3.92306382689164   6.55670542808074    9.1256808768314 -0.772755073539286  0.464597890472884 68097
1604658534478.76 1600 0.444078011967093 21.978515896846 0.00799940075170035  0.0568251760162415   0.119533483559341   0.131740265017993   0.260405675835036   0.548674166711345    1.38944710269474    3.86415181823941 0.927103979134968  0.15070216855582  0.27529841290965  1.13210366814303  1.12460882888367  1.36606785665803 0.624462714186555 0.728566537328247   6.24909648367499  0.390691614293837 -0.518970890739194   3.68038586644439   6.65137726598489   9.13595209040942 -0.600420733274009  0.292919588178669 66001
