nan 0 0.72 1 0 0 0 0 0 0 0 0 1 1 1 1 1 1 1 1 0 0 0 0 0 0 0 0 0
43066922618940.1 20 0.697618152864132 1 1 1 1 1 1 1 1 1 0.981191553628297  1.05786910705278 0.968977020321721 0.997629177734149 0.987371405397707  1.01214692504201  1.00108713659491  1.06438747977304  -0.289201354616105   0.333479288253763  -0.218620353257411   0.327062153996061  -0.191660341444695  -0.452931309222638 0.00640911135889311  -0.397408242104939 69204
20395137718355.2 40 0.802002507316207 1.22166477288855 0.901820761230564  0.90941183428194 0.920699562047352 0.953710357537618 0.978364212774189  1.00195632323901   1.1385453981955  1.34593575766251 0.953546092130905  1.08386840512207    0.966650279718  1.03349299566512  1.14311033949285  1.08279119689637 0.972120557323777  1.07484240052797 -0.0108537680635276   0.801017864644467   0.250874855406054  -0.247303902786386   -1.04820953830739   0.290071539190544   0.156140821939743   0.133772109988902 68514
8965807158307.41 60 0.949807643286769 1.54080304088672 0.823934983064505  0.87143470291994 0.883820091938563 0.916051498010135 0.963937430454898   1.0383290077239  1.21239364908458  1.95608262988714 0.929896376808231  1.13232819631246   1.0603277977189  1.02443371790499  1.21644360631995  1.05446499629374 0.962713678137414  1.05831689399141  0.217304281734424   1.17701889634126  0.958648799908551 -0.132171391975999  -1.52008029849522  0.444444208279817   0.38554654098829 -0.196730217794589 71002
4628310858228.01 80 1.18136540739437 1.77534357351896 0.777674475755916 0.811265630622555 0.852416318911781 0.894251278207635 0.964967198736988  1.07286773676164  1.13456575206878  2.45110925564199 0.903670012920092  1.12854662054616  1.10342531994903  1.02392517706377  1.21749469733579  1.08399953638031 0.949975700635662  1.08048967300176  0.474770246627147   1.68689566756201   1.80734531142859 -0.961605381467762  -1.87470400577393   1.29067789438711  0.832020278379476  0.455569754620668 66760
3684241545070.36 100 1.41401020665855 1.92436984981994 0.745676960241959 0.790742124927643 0.816508952959191 0.848008446114708 0.935492047462014  1.04877220896489  1.13687611814715  2.76139041128448  0.86519272602081  1.15253760207434  1.10526387146621 0.980190530878984  1.27983401165679  1.05847762602657 0.964019145889928  1.03435163339611 0.588741938421588  2.46562163868608  2.50830146494779 -1.08683834314593 -2.66626215631489  1.78995163770003  1.52728389985802 0.555475553817341 66624
5365792606612.96 120 1.48150276606392 2.10918623750516 0.684667842523933 0.742704976010621 0.757079839442196 0.839793258356676 0.897094934186392 0.973422719434873  1.07622675463209  3.04585895250503  0.82690339672037  1.14724582181272  1.13958721881222 0.993664674741768  1.28406891170245  1.05913161494331 0.955234857308444  1.02087410146068 0.510886204312984  2.63091321098261  3.22818462615556 -1.29676300933238 -2.74523311053053  1.65578530419833 0.867752702588965 0.190010337441142 68285
9041244227840.21 140 1.59954042001661 2.22518910657128 0.629951002386911 0.683403437190253 0.825136227058193 0.825558537236829 0.909216379693788 0.946334267175779  1.07243985620642  3.11918132275948 0.818690397170648  1.15982329414547  1.19824517795986 0.992843102552668  1.31470789583559  1.07880285918971 0.918102544546764   1.0363553337033  1.02079488451815  3.28681131451047  4.05825099745777 -1.97037810014968 -3.74054225370774  2.59899683526089 0.893911769981911  1.34976772989614 67943
4731178131644.48 160 1.5228168046354 2.43674692797674 0.591435723069366 0.630762358670588 0.794568009602773 0.817730516443948 0.888206538526483 0.956448861146888  1.05524914309893  3.51178894266021 0.782770716795403  1.13927281684523  1.17954210610674 0.958058065236262  1.27995167594696   1.0647954444218 0.933742703949342  1.03494927683504 0.883494121294289  3.65812915926944   4.1118631183495 -1.47865575150852 -2.92460913732755  2.42011526469986  1.56959652639695  1.48347638033864 66361
4121240154091.77 180 1.44657886885509 2.4980622788145 0.542138243043099 0.602189526663918 0.765091569139249 0.826398262835223 0.845372008602684 0.926090328550432  1.04453502707896  3.38311349082513 0.751260389932403  1.10798541412138  1.15341424037277 0.914329804682245  1.28190307233244  1.03410980863414 0.967967924882885  1.00561171986396 0.447201746669146  3.90078202762542  4.52611967770206 -1.43239864041909 -4.28261468508784  2.55395121712921  1.25664415952619 0.821354502361342 71222
5080343478348.49 200 1.50085467588099 2.52575154923196 0.507488994376272 0.594800866208381 0.703356800293826  0.78778765072059 0.816938842550446 0.933503762499047  1.03789986288077  3.23748589138129 0.715392294432053  1.07892063859832  1.18773477755218 0.909122662854905  1.29442003688217  1.02814910302856 0.931305725081951  1.01390302707607   0.604161922089173    3.62762669957399     5.3729172008068    -2.0508818583608   -4.72821510622353    2.86246950356992    1.00621528820447 -0.0329310417428957 70478
4190224629099.27 220 1.60286402075626 2.65044073995403 0.460645775312026  0.57524614366446 0.658045588944738 0.740891698319198 0.863953858399484  0.94583229722341  1.06044086811262  3.23596107909846 0.682065818792854  1.09120861389136   1.1969482229098 0.871885235432157  1.31669343079903  1.10187293772163 0.936326933890283  0.99251229355104  0.556556440236269   4.64448475318496    5.9481177765274  -2.12948913791886  -5.39295356641581    4.2337683525044   2.10320166880344 -0.182502858036648 68784
5341387422085.13 240 1.6197651472101 2.87488955479213 0.424407183551385 0.529850172614064 0.607780815133487 0.691731549419407 0.828918206755693   1.0185834468679  1.04942079180063  3.50772110771616 0.650992815054283  1.11905212600297  1.19889795587087 0.866606465848417  1.38107183262113  1.10434237179738 0.951265431402256  1.00108217926108 0.440223258197312  5.33593445160315  6.47437663630843 -2.38149552176245 -5.89837993439431  4.34142266054504   2.9625895519458      1.0094283543 66156
4423387482010.25 260 1.73496411922595 3.18387996491255 0.392324390935037 0.503135762203496 0.583369679876954 0.641343784740882  0.79437068634556  0.95883988655157  1.04802282220021  3.97702829997355 0.619959915901712  1.15631189137303  1.24991347934939  0.84827638636366  1.45052798342236  1.13434370707987 0.971341330956077  1.02623761543041 0.681234232408286  6.17811349791645  7.62614302178851 -2.74522406005014 -7.27831404134086  5.33720004282477  3.62526937083484  2.05545885340328 66475
3806104142507.77 280 1.64907374996464 3.59795480782959 0.355081179992519 0.469324205267808 0.540869519100484 0.668191952293582 0.753008677333526 0.935087983216671  1.07251033345689  4.59662487134641 0.588657794017762  1.14517033217678  1.24132160168775 0.819110808662617  1.41354862915368  1.12276099336692 0.964417884462247 0.996439511942776  0.58061596969063  6.36018997438645  7.02693986451208 -1.91067577660739 -6.24067782767336   5.3868800512613   3.5609557955358  1.78832579520836 65910
5162184589187.72 300 1.59741572405762 3.74342186497605  0.31984898019206 0.476873407826479 0.509943283223638 0.650526338811799 0.714087369129755  0.88233845080104  1.01573257482651  4.48211005106893 0.564722609835173  1.14846864915385   1.2115209110784 0.799614476788445  1.38880753923197  1.11753346332058 0.961063288687439 0.962083585572266  0.46720893675932  4.93179210417719  7.21665517784983 -1.56555236136231 -5.25881380601261  5.54890928433616   2.5988134648171  1.93970550596771 69953
4498998045447.82 320 1.61100392045873 3.8178573720146 0.295998103198448 0.459368212333297 0.526760177316112 0.596904099738591 0.731250011614259 0.836212545263332   1.0110011508973  4.31447868641604 0.539590696738287  1.11566507348401  1.20899352368529 0.797035322594535  1.33845460805092   1.0741633170461  0.96921049663752 0.970263712949542    0.596383964577   5.2595630969167  8.18381039129117 -2.60396786050937 -5.95592910787973  5.84800589574543  2.00810195858111 0.936310617402717 67471
5609106693914.47 340 1.67201281456403 3.87445761499639 0.270726540972128  0.42355754336264 0.498855562629395 0.584611183832177 0.740208531244211 0.887917470178182 0.988998416911327  4.06399030180409 0.518376312420331  1.07523411469181  1.17418414838567 0.770858563705946  1.29349305387572  1.05732715861986 0.993031374639401  0.97356314278506 0.561954673891082  5.17329937554845  7.80981380649734 -2.63617618985225 -5.79396874876832  5.97055338945726 0.837471656491282 0.409892257614951 66611
5672473739542.09 360 1.68780227451552 3.86061722453224 0.248537421772009  0.42512738857754 0.463136996570612 0.555110673173958 0.710018600808503 0.956863177826121  1.05968844997401  3.70429253831945 0.494901455983712  1.06763460156409  1.19537470766063  0.77983610479887  1.36849452348391  1.05779529294968  1.00130720383597 0.980910994317121 0.453108165692166  4.64487825591939  6.52639725235694 -1.64400578625564  -4.2272701421892  5.99942378722803 0.650468096498246  1.48177826218606 67204
5242439199911.15 380 1.5404963724635 4.15889353248739 0.227525029995353 0.422248673502306 0.435545524275201  0.55156025902647 0.666183500677251  1.02498145061785  1.11493944986738  3.93536288551049 0.473213478314671  1.05550583908804  1.16537030048814 0.783237470113717  1.32803555085747  1.04317154244794 0.969602527040754 0.943901844347314 0.575400347882934  5.44267105531646  6.63824438942923 -2.59933132694546 -5.32962319062385  4.90744896584155 0.851292738371272 0.790069146335697 67186
4800305397405.1 400 1.28139535072034 4.19451013662917 0.209372446444084 0.393324369960214 0.419418460900662  0.54033321179932 0.616765736402151  1.04140831389345  1.08823386235884  3.68368108601943 0.450604409029496   1.0092545885251  1.12452251840885  0.77043446936864  1.29008604911376  1.01101101156251 0.978867516362335 0.922338660026281 0.464883142967045  5.37179631821457  6.77539838780254 -2.46585287148721 -5.03549481321862  5.01121944217943  1.33512083630545 0.631904643569504 67886
4657439060432.36 420 1.27326400016769 4.22182079118057 0.189671286097135  0.36758718834539 0.400022559015234 0.515476729352336 0.617874131190437 0.993275520352292  1.11054987815055  3.38065752937938 0.430596559288511  1.00863065603633  1.10875664872249 0.756198094265978  1.31812329471114 0.996941580951567 0.981567044770074 0.963576715085402 0.450808289272031  5.70772122279136  6.13769406893302 -1.92741084113084 -6.04913964097615  5.27342860836766  1.52184515741415  1.45520273600904 67361
4383189206535.24 440 1.14720047984338 4.35811832916434 0.173151921339484 0.342519935753597 0.396055782531896 0.562790092874156 0.643884108398405  1.01930624661404  1.20080518777289  3.28870827086452  0.41411639993672  1.12100754430274  1.11388545730512   0.7651679866018  1.28539610719713 0.995123806808435  0.95298764645561  1.01909564377598  0.39154238319216  5.18316899779999  6.60561675411995 -1.61431897649882 -5.64764945843045  5.51251409309432  1.43716791603661 0.820717395062861 68697
4039412949836.67 460 1.10180665891215 4.62292954850724  0.15879283785114 0.318990355602915 0.418998047802778 0.603894242809941 0.641745051071285  1.00825842002101   1.2993125615346  3.39363757883726 0.402018613180109  1.13230569220877  1.09009244617974 0.742164921865034   1.3150088220431  1.04977526695046 0.993952862295262  1.00091561688887 0.627485215606007  6.01681684791901  6.60985706100978 -1.56956582441967  -6.3412109073113   5.9664968315001  2.03531746722288  1.20003434515905 68969
3197480547492.7 480 1.1660872906478 4.89912935189014 0.149808584404088 0.298901272117135 0.395759172438471 0.609914426258329 0.637224863668656  1.06861016453033  1.24805164714384  3.59562600560494 0.382942308403642  1.28509668908255  1.09677195700265 0.747851873635883  1.35453802273148   1.0409022841679   1.1061832660333  1.00175020509092 0.633985766098785  7.35314198424631  7.14165901896514 -1.82675984360187 -7.20851528093237  6.29260188678261  2.95505162438893  1.93644279798718 67988
3244935915158.81 500 1.21063991255021 5.67059929793311 0.135797240684167 0.286813351191314 0.393630023709477 0.603076444081153 0.642201929573815  1.00248329702146  1.27504804473813  4.36665484308811 0.364609262658388  1.31287632759149  1.06416691292275 0.732453272287274  1.33000688139182  1.11000805246994  1.11056838029762  1.04232759386308 0.577704104222112  7.67269415613768  7.37511084271767 -1.47775627194948 -7.35260456024303  6.64851542827433  3.23729103687681  2.62425564558018 67335
3539093719267.29 520 1.40726501747834 6.10565787638045 0.123293942539923 0.278993659967149 0.360617439486935  0.57061787612227  0.61430872501231  1.08533477039957  1.21691984068125  4.59628204774386 0.353483477721597  1.39552482223979  1.06169623401669 0.710669325412996  1.32110346136569  1.18294388980888  1.10156945223338  1.14202974057127 0.374651704797399  8.50602993606273  8.02508435267951 -1.34803304308868 -7.29670206686624  7.57529199967945  3.28039887670069  3.60331991762978 70164
3360511855014.81 540 1.42032270773934 6.55874495168026 0.116908469197366 0.276168790434934 0.341686725736247 0.550650586154092 0.573596833107779  1.11680784248926  1.36216098131504   5.0290674419946 0.336427045672391  1.39086133899221  1.02809547395347 0.689790424710616  1.28671594933906  1.16010008232872  1.08589430910838  1.17932424443035 0.496066518454181  8.80761262235746  7.84992259968109 -1.47297291955053 -7.13026289467663  7.70318835194537  3.43092427579818  4.10632923408819 68211
3912275983969.08 560 1.43041429052248 6.82081312811326  0.10601362984761 0.252503671297937 0.316984258463603 0.516275055165687 0.592978988595002  1.05697003274715  1.37806194685128  4.93212423133863 0.324004771934706  1.42714208554714   1.0336285457266 0.680183815810399  1.29460554929473  1.16029332106931  1.09613838469676  1.21991662966879 0.537793747223484  10.0081700160864  8.72670546420864 -1.90312560036198  -8.0494806290716  7.70271330316116  4.34199970078332  4.60515296061913 70429
3646896036257.97 580 1.28304092320899 7.31990909677742 0.0968634066458217  0.245055028839281  0.294772600127141  0.476914520094231  0.618479954032998  0.977172039379355    1.4854492372268   5.19004489299278 0.310588228796146  1.40180925844557  1.02584407484049 0.668891298607517  1.29606868996278  1.15643428610946  1.08331280561173  1.19827163398277 0.552905626715743  9.20476521593058  8.24971311758816 -1.52472073175003 -7.65150671375922  8.43365937495393  3.89344067637044  4.70893163027751 67864
3123865984043.17 600 1.13909687446358 7.5365961678343 0.0884267791081817  0.232755126604581   0.27935686602277  0.471615820360299  0.612874953566593  0.991800354781184   1.48836585877936   5.02266597174709 0.296029199287228  1.39388699042361  1.03623185462752 0.685249221443682  1.33526781232542  1.13623069411876  1.08851775804764  1.20647870320426 0.508979301084936  9.11793003379304  8.91122346221727 -1.70472798486755 -7.70454952269939  8.22930518065977  3.96127852745844  4.52952337764355 67017
3295975021946.49 620 1.13140340428129 7.96584684473362 0.0803113468079201  0.246911363386193   0.28184396364554  0.436170327022813  0.596468943720134   1.09054391174663   1.45993571680811   5.09613369955988 0.285391201325001  1.38946642697889  1.02296225344671 0.685864796892045  1.32238607358548  1.17964123839382  1.07062441620451  1.17255165432044 0.405067807554927   9.5620085226438  9.29087853541422 -1.25317818158066 -7.61559959703376   9.3456351135921  4.30769804990096  4.76737874823563 66288
3001978750123.1 640 1.14923634456969 8.27148998480567 0.0735829121892703  0.244108407869743  0.280054102364563  0.424110416282959  0.574020944331964   1.03069218842137   1.52936848980991   5.03436232137294 0.274320456337976  1.39449471245281  1.09452254757094 0.653725357517694  1.27392050673456  1.20114778799696  1.09559279635118  1.19341058735721 0.520531938040693  10.0206488339466  9.94478439048412 -1.34033128210176 -7.62663141694608   9.3047751121932  4.72356156788679  5.49496273157045 67556
3320374164731.75 660 1.21972016393732 8.78360377187092 0.0681995797813083   0.23957162350225  0.271088660543302  0.409948081928525  0.573850981796917   0.97011236759813   1.54090104889533   5.26171319350312 0.268547684031876  1.35981579864911  1.09803823497273 0.652280239114949  1.23531261803809  1.22100054689355  1.06406902031367  1.22607924480549 0.362947405216751  9.89617536269633  10.1656433880162 -1.04104056250542 -7.31841108362138  9.83084819896285  4.52407218305045  6.31763216907874 69045
2744560671995 680 1.01149894808413 8.91912613816487 0.0637949369741537  0.221393343883644  0.280858927756692  0.398792936955768  0.537151068379098  0.968203362041839   1.65959358064037    5.0749389783575 0.257863779901705  1.31600999470605  1.08343192606941 0.629680974420465  1.19810727210662  1.18570377174627  1.02707181153388  1.23307897113748 0.423613521078688  9.67713515443531  9.82761774188872 -1.10564775413142 -7.54168799995788  9.52456036214147  4.29931968480744  5.59531086386395 65764
3585183462155.91 700 0.884367515241915 9.04923108735718 0.0584847735946977  0.208366467516069  0.277401509668854  0.370984127762037   0.52469676256558  0.944826357264944   1.61141837699352   4.78923525267637 0.250377114966034  1.29467392068937   1.0408170712614 0.616646380040275  1.18949232400079  1.18351019653634 0.989923504118337  1.21882895398655  0.436662195935259   9.71469890345822   9.90555362002959 -0.974155150109785  -7.53085773635098   9.99119288439894   4.48063531942562   5.99360021810294 67830
3478102098160.26 720 0.763303954038105 9.09930179909841 0.0543606451105053  0.209152445935435  0.270332409607716  0.366222144224927  0.481694250557137  0.879309234169707   1.72151772865159   4.50091427344494 0.240948159758759  1.27852873720711  1.07719157457698 0.609090902693528  1.14154780815344  1.18125336806583 0.978871251334405  1.23983956042826  0.455872034836112   9.33531998227789   9.68384321318725 -0.960655213054192  -7.32871318952807   9.97627212438222    4.2902574921272   5.59962770621276 69941
2892857107698.28 740 0.707528903262226 9.54655087174793 0.0497470041573649  0.198881267871225  0.266431319333395   0.34890089322758  0.472272814476364  0.829457189846861   1.71844216694073   4.53377448794444  0.23186797981557  1.25766928009802   1.0600924151781 0.615666334420759  1.14231583960971  1.16374751053104 0.942524159482143  1.24158360095768 0.440267666487591  8.96288728545248  9.50597322414565 -1.09852326071225 -7.03330301344981  9.34372069548107  4.24919071150259  4.98311215543878 68555
3022621253233.89 760 0.706310931853767 9.91616349058894 0.0452316164183534  0.206952330696401  0.244981043281965  0.343013411789669  0.441739113543377  0.850196785877505   1.64765847741242   4.44763833826857 0.222961861325383  1.25314115362422  1.03605586295182 0.605089115143986  1.15479520062751  1.15194785735199 0.924365572452946  1.34158277863795   0.4458869369004  9.12493572183035  9.40678269014348 -1.16179459620337 -7.59880919005403  9.15547004343924  4.51407257953069  4.49387296923369 68892
2622668892903.59 780 0.76760207287514 10.3783227020554 0.0413940134484598  0.190099290957416  0.229500238308558  0.325861469924264  0.432968045446982  0.868235160849873   1.82786110661725   4.45853189030647 0.215872493775707  1.22548669245181  1.02719506436354 0.583815342279435  1.17062147780281   1.1715325722574 0.941301613526458  1.42234540834013 0.513515435397897  9.25922425758128  9.67604867734212 -1.29286752950843 -8.00738289823827  8.85521179574475  4.73678567041794  3.91488452622289 66678
2957530709210.22 800 0.796556462131478 10.8626499216407 0.0380361153500661  0.189169914136191  0.224690024943568  0.318790405091195  0.402834113191819  0.847751111152264   2.08692162259636   4.48815371502467 0.211312020996452  1.17709613467201 0.999024888634596  0.56274617968198  1.14814167274333  1.19564458830667  0.92527039854354  1.39821857972673 0.425968190626418  9.20486905262771   9.3763738778932 -1.27775096686051 -7.90507144562506  8.36165001441561  4.87435321908549   3.7959180671578 68589
2550514718529.06 820 0.704939243069786 10.7692117145419 0.036548590911591 0.188248939216094 0.216089697171983 0.320685081006969 0.381036137973525 0.800856786005837  2.12165613790767   4.2387564904926  0.20852951282948  1.16333371515782  1.02192532361445 0.547613877285676  1.13960208818752  1.20721557714345 0.899217055254552  1.37180474494745  0.48512873538357  8.81395618041982   9.2468797869702 -1.23551996844663  -7.7645477265865  8.72882308659982  4.48984286695646  4.28885527859481 66856
2640813376905.1 840 0.651923576966516 10.8334357814554 0.0344683914759987  0.177881521171763  0.211200523200378  0.323552806167065  0.372144246833115  0.909748725665262   2.11322270948347   4.04532523200725 0.200250824673706  1.12121003882186  1.00854846869093 0.551596527974266  1.12682166993269  1.17909861832109 0.882418595566502  1.34165299362203  0.482264328926527   8.86544431371535   9.21385545711032 -0.970135248290871  -7.44713994650644   8.92564741137264   4.39314837411538   4.16753345919779 67988
2644949864889.58 860 0.617989582210014 10.7888903960102 0.0325754663646642  0.167987624728755  0.223361910922183  0.315556898275604  0.358582720493945  0.905451521609802   2.06203153969331   3.79178936587437 0.199215737733602  1.09085123406358 0.989689972272005 0.540652355488658  1.08502582442605  1.13974417892104 0.872982991725955  1.32960659802001 0.433241198235143  9.05070519851467  9.07246264642811 -1.15505908898417  -7.5872906678006  8.72721503070005  4.66917068616596  3.87075324670974 66259
2619869671061.18 880 0.601931522755526 10.6799188741183 0.0314639768764544  0.166884863342869  0.215860193368537  0.311962573852755  0.335979986433058  0.921271302194439   1.93546028809445   3.58880219396436  0.19877060166764  1.08668436305677   1.0313376232687 0.521464219547992  1.06602928299823  1.11901550909651 0.870457341026034  1.31452725895682 0.504926269535496  9.01070522633355  9.03473510035855 -1.07056720359854 -7.51482444784072   8.8052594725518   4.7159596379021  3.73266400714166 67722
2267982836137.55 900 0.586413698331277 10.3777974747749 0.0335964824777126  0.154471325644558  0.203183814085013  0.311123082515112  0.345861801485914  0.931408910136289   1.83232467513462    3.6182968298534 0.190407645107766  1.06866109202334 0.997647927991284 0.507752203494181  1.03128152533775   1.0905509755758 0.856695047505229  1.26235026068642 0.498651621759272  9.27003326784522  9.05460720117274 -1.04588980518383 -7.45139168273514  8.97156592621797  4.55512327580009  3.92215623633554 69808
2469167923797.88 920 0.549005825078677 10.5430241735267 0.0309786606936398  0.143470589247997  0.221865226671559  0.305249550831364  0.322846960165296  0.864404207233338   1.67944355218536   3.44344414217727 0.182200401897999  1.04970539416781 0.977925843335827 0.481543306628792 0.994060542313803  1.06492220879085 0.827804954100196   1.2346557430667 0.478847251144171  9.39640218714113  9.20915902116388 -1.06694342030539 -7.50250166368667  8.75985418029458  4.58164400170702  3.92853685451984 67589
2702881570112.96 940 0.475407190480713 10.7314263957814 0.0283892822223394  0.138453429093655  0.211319181818124  0.300716977311429  0.327641438468929  0.791939347514872   1.58728371653231   3.26940945773982 0.182161604040702  1.04052193181189 0.960640382517322 0.468399221603849 0.979178779860616  1.06600713441438 0.798277418213092  1.20845320734486 0.523755645918063  9.34290381100305  9.30257898190463 -1.17209317251223 -7.60393757841193  8.69698074126869  4.63920820766994  3.88386806238779 67515
2562588760886.61 960 0.465963946326887 10.761825713198 0.0278886846654897  0.135071911550019  0.205578169245228  0.283930519672686  0.302578402135655  0.737551531356251   1.52828478266351   3.22998079892422 0.175813068816335 0.998938357540014 0.964566440850056 0.468189608168893 0.962978470167285  1.05949775466924 0.785593415144811  1.17778968694409 0.509817519803509  9.40887630896417  9.59946955859155 -1.29327805150496 -7.47304685688702   8.9120849612932  4.76498341570864  3.82236906606099 68033
2553730261390.05 980 0.428808322218682 10.7336287227358 0.0265615924958278  0.126924380882236  0.201230180387134  0.270239164720907  0.286410729255402  0.780217194623952   1.48082141261949   3.06018193710353 0.177101855397416  1.04139737950499 0.976404563410689 0.458544545099627 0.951672653958545  1.03992512618054  0.82494553484988  1.18172787553265 0.515176911088231  9.59747659866916  9.77020996423608 -1.28571655435806 -7.55943434568713  9.05432192680268  4.85819751923489  3.94433064183763 66550
2742551398320.69 1000 0.484057770379177 11.2407592791956 0.025717969498111 0.115138041466858 0.200562208695047 0.263874612795337 0.272509443566072  0.78796560223239  1.42829015016432  3.24958552773056 0.181989425358048  1.07302795940869  1.03502483961072 0.457878407811729 0.951980285044025   1.0148978357507 0.824658576730556  1.16520270550885 0.459032872922352  9.84178413645737  10.0231759262714 -1.37335561697894 -7.59115443294561  8.93848571491302  4.97794132819072  3.87042536109685 65564
2912281099176.28 1020 0.511071169326687 11.1116313513591 0.026923460720736 0.108742842406233 0.192060888070194 0.263378505494289 0.310504397226073 0.799034310130652  1.41464169057239  3.32419530617013 0.178916581683957  1.08097519863974   1.0308426192109 0.459997316223961 0.905654350562499 0.998304298271892 0.806206798939519   1.1439899597847 0.515657345904731  9.43178246341293  10.0274101052015  -1.3641093333879 -7.53461004088145  8.71097169233744  4.71715585531498  3.59230445194388 67332
2296619285356.22 1040 0.466122828135254 11.2281315369948 0.0255850112031334  0.113048800978666  0.181754745353957   0.28291882461647  0.296168469249242  0.818625012427244   1.30662904503624   3.22552635631101 0.172019609778583  1.12292499478333  1.08235018020177 0.443327511263856 0.879541946599178  1.05654304923498 0.839566218092565  1.13784102703898  0.48352879082072  9.48446376321132   9.7115860074094 -1.34960272515445 -7.61027345700973  8.52513890855721  4.69814220397691  3.70686766683498 66278
2697912427739.21 1060 0.468972003086139 12.3054336071054 0.0240418954415805  0.108268514676004  0.171114174731604  0.272309143390139  0.298041360679472  0.793930779399399    1.2397848318215   3.64051267283363 0.172000377973547  1.15548352689573  1.06055535347684 0.455379813018577 0.866947509553059  1.05464114803386 0.849559973038231  1.10550264909718 0.516111186831956   9.0361511666238  9.51949239251501  -1.2274137670458 -7.52285394060864  8.73530044647021  4.40203332296457  3.55793809336474 70194
2314902413379.57 1080 0.467105891402957 12.5702175842044 0.0226222822942535  0.104071946748142  0.178504477073797  0.256352861301884  0.363221714636098  0.753094055118635   1.25220639792302   3.57455519814385  0.16642845797004  1.18009728559679  1.05084313434671 0.441971401025078 0.916161447467514  1.05079279975916 0.891193364509074  1.08096451980893  0.52998166692172  8.96888967313483  9.43796947915945  -1.1947659085753 -7.46606129512134  8.93060555162634  4.26179761361314  3.67365588623005 68387
2249852455708.51 1100 0.50123833025724 13.2074712992777 0.0213809491220901 0.0957983242020462  0.170612761149542  0.240693998694643  0.396450504010754  0.696013092366263   1.27558063363457   3.72963499612518 0.169682754924916  1.20152869903721  1.00439978867511   0.4261965798215 0.921965818424376  1.03913936465059  0.90454065742824  1.06973407606109 0.587044164985701  8.71907306292993  9.43701984466839 -1.19358738192914 -7.41666482098119  9.09182948012081  4.18724530460501  3.48071573333344 69091
2756110093982.21 1120 0.486885469725624 13.2896516046519 0.0204789253383569  0.094214569488022  0.158686621293219   0.24086935013908  0.424898734529974  0.681174989616175   1.31807698824496   3.61688211735768 0.165561658169528  1.15485678336956  0.96805536108115 0.412688750052556 0.889660904275721  1.05564999465792 0.876781562949574  1.02286259436833 0.548559343862844   8.8153558506255   9.4227297372003 -1.20317742304919 -7.44877329982494  9.23822216911133  4.25951691549345  3.54416261586727 68018
2759580232170.25 1140 0.467678434901216 12.9062398075862 0.0198316266495152  0.091389052448663  0.157767827333348  0.235522803806144  0.432083003612989  0.638181181291053   1.31128537836883   3.30337439768206 0.162611988810445  1.13194693145883 0.961400542489681 0.399184580273818 0.870280043231448  1.03035304666202 0.861447752269196  0.97896864663758 0.526364273812458  8.74858934424645  9.33420810731709 -1.18398257098362 -7.40171881557813  9.34139025613033  4.13683370356262  3.58065443986224 69576
2277809666009.42 1160 0.46450797123676 12.6260736997721 0.0196073968130384 0.0847196066765274  0.162510483328607  0.220340433505628  0.415918426652814  0.607955668135844   1.27405359725219   3.12576682980884 0.163247903289008  1.11006405911758 0.957243992871673 0.394507894425042 0.878185804340266  1.00208434117981 0.834537989403532 0.956886823091465 0.479083159390361  8.77764537276351  9.22407822040325 -1.09487616993255  -7.4455966170732  9.08668760785209  4.19152285134281   3.3386255037198 71983
2821298823600.79 1180 0.4192468917053 12.5190484867428 0.0193409946335363 0.0867395107128906  0.154478267867791  0.231731348613977  0.425549217489181  0.567407536436739   1.20181929365058   3.03124784626703 0.161609763238994  1.09532490689977 0.957835114260771 0.381406103064064 0.869128606867001 0.980707376182711 0.813003471699392 0.954763005529908 0.481759444605903  8.91878752053505  9.24069772541578 -1.14672012966421 -7.59169574147601    8.885376806814  4.30492721471663  3.32175846295883 68617
2715442919505.34 1200 0.379540420287838 12.7916521857809 0.0179471929169561 0.0814514239130786   0.14291455170202  0.218911809969805  0.433362901765727  0.538975712283839   1.20829408048344   2.93663395047726 0.159797091113981  1.06851027625413 0.935531689545758 0.383511850390955 0.865690555481728 0.977027727285686 0.812741033424107 0.934639834088704 0.471771724475848  9.11995869501965   9.3260231109881 -1.16504063729988 -7.60120512109208  8.85786618827793  4.37710988242764  3.54564975682102 67512
2370371104359.08 1220 0.369664510305493 12.9521662937042 0.0168933610711563 0.0823916457567136  0.144300064628535  0.213587428994585  0.441238635337462  0.518378573479369   1.17685661742787   2.83400680024006 0.159621646544243  1.07279510468324 0.953881461838611 0.382093054398624 0.882198639916812 0.983108971105612 0.801255944234096 0.932556066040899 0.502704533410687  9.28095214523255  9.52704431255435 -1.12106014188322 -7.76499172322006  9.11977331494443  4.47889370342122  3.68137855660783 68170
2616894408061.34 1240 0.409699919995966 13.4752741731583 0.0163677012339185 0.0850656837453622   0.13348750513853  0.210868503694253  0.424538191376509  0.486787376048193   1.15949146172925    2.9720965229904 0.154555046112146  1.13471048227214  1.03699034886739 0.373081270668304  0.90145364954001  1.05270348380675 0.868328510825711 0.913620164359184 0.493964468343337  9.55543665823669  9.85718835091981 -1.15484915134507 -7.87159734592557  9.38319857253378  4.72425414223927  3.65761229311891 66710
2753678970576.18 1260 0.410788089956297 14.9120521971155 0.0159794268254996 0.0838958142973698  0.124308601831551  0.210550234184337  0.427319850438332  0.517084248331126   1.10302112839622   3.55333396924452 0.159709939979261  1.13469504578524  1.00807814795695 0.362895786567338 0.904914944798922   1.0122341075424  0.86476618856588 0.875379981077711 0.443123198293864  9.61461671191795  9.71089887369449 -1.09782493121159 -7.96466124843445  9.25088550881001  4.79749280338214  3.70399558819947 68065
2249568566386.53 1280 0.378489118776036 14.5457406787824 0.0163504798119412 0.0809687423079548  0.125156984131148  0.203887228512964  0.409755556712777  0.486734229414575   1.03629024481548   3.45941116839851 0.153638465680705  1.15301189798781   1.0254697235284 0.372493197059196 0.926296546857438 0.968505071201841  0.88450822210735 0.876599477899382 0.466437557415569  9.40671374409109   9.4660604238869 -1.05097400419246 -7.81549571302782  9.16830805390837  4.64094550792871  3.51109945569363 67235
2402716654221.21 1300 0.328158684922129 15.4171229092716 0.0153759388634893 0.0800923774613298  0.119447762124689  0.209481960659409  0.375306082099362  0.456243263355197   0.97957075366901   3.65467121782715 0.151081492708825  1.10775653486788  0.98098660660191 0.365678429822908 0.931098485478206 0.987245297024588 0.866266094872961 0.880496560167017 0.440553814931823  9.40833519726034  9.47491253669462 -1.07574507504167 -7.75655360207529  9.14053377916262  4.63914528406172  3.67544324861399 66789
2188185590164.86 1320 0.294726622140545 15.0650216091159  0.015028678769212 0.0746184927251554  0.117612335172812  0.195780453256852  0.395634717386917   0.44870591519596   1.05508187983448   3.41083192775967 0.152391184396797  1.07644658236369 0.969711084873673  0.35996281531654 0.904443602775626 0.976331243714563 0.836577756191951 0.854713016875789 0.472699886849307  9.52121861778799  9.65022026399751 -1.07188043123968  -7.8886934192265   9.1941769202107  4.75276597375505  3.65637917530682 64335
2771878443895.28 1340 0.303401411558578 14.626185307462 0.0149692409278987  0.077236164433163  0.119873742051861  0.192133272196198  0.374425785499973  0.451823723956277   1.02074951056411   3.20229930609938 0.154722765664308  1.06462977159172 0.944270844913378 0.365358475004102 0.915100973987473  1.00491528249781 0.840914482455132  0.85109980931655 0.448837823818641  9.50689611476917  9.59992565231209 -1.01069398740586 -8.01395186750429  9.21588786820366  4.83415842939473  3.65447468822048 68187
2152119249231.67 1360 0.372981275417104 14.2794336833968 0.0156852854154799 0.0837689434266956  0.118537595420018  0.191045296290328  0.384398453698809  0.417016938340783   1.05256536914692   3.19826461665789 0.152932129983911  1.07062575440313 0.957306335078679 0.365217050925661 0.904298885722937 0.989445931671341 0.824137534899483 0.860699492427601   0.44666505331987   9.26819308169774   9.42966274348872 -0.977768208634016  -8.09298678712369   9.08082645084938   4.84667427639455   3.40803197966239 67416
2152000843891.71 1380 0.439803109607235 14.1006867695427 0.0160103733468923 0.0826821165485337  0.123232629924054   0.19488179136911   0.39605819465424  0.409152052721056    1.0308631124292   3.18333240396424 0.151587113027967  1.09032264205057 0.989221735990792 0.358231713847641 0.915521350087706 0.962569535244526  0.85806086285848 0.832707174973216 0.445361748118546  9.14741402938872  9.42388400110176 -1.02686037469132 -8.19090024439639  9.03551079265563  4.90500312784513  3.40559592203029 68609
2458932292389.59 1400 0.518389384083617 14.3146284235533 0.0161514322989758 0.0794699035246773  0.132841968685433  0.183844670582603  0.381377750766216  0.426007646198731  0.983800315713884   3.30956716886523   0.1493913194893   1.1117705298089 0.996925743061913 0.354909163534764 0.933671524084059 0.962024786565955 0.838156996505408 0.861436461380906  0.444591551499826   8.81757906613509   9.09422803227583 -0.984180608496244  -7.88722433513399   9.06099119432917   4.74908297032077   3.05705467175202 66951
2371248924868.9 1420 0.568286761208615 15.0006696056164 0.0151317451923696 0.0783463438109005  0.126635902850288  0.211166705745371  0.356089590774091   0.44080989260164  0.986860236381477   3.40494664411483 0.144536210709971  1.11532200300215  1.02347570200487 0.346898682740361 0.920998884971957 0.966220032845886 0.840491630510566 0.840980992928474  0.476220124428536   8.56707643805796   8.78967031572527 -0.915982754859327  -7.82643397813592   9.25959425296582   4.47080625623589   3.09861714369735 64096
2448507160278.06 1440 0.550296697406319 15.5332037961555 0.0140083934239646 0.0728312958701469  0.119091067446484  0.196954544819677  0.381952057157798   0.45576543791099   1.00761655677556   3.37995105128145 0.141402880013501  1.07291450467553 0.990651425255933  0.33793627146186 0.889392265088807 0.945515047502019 0.808222492078343  0.83112458755445  0.480576148550603    8.6771222337658   8.85517953527133 -0.884637955454415  -7.77635834935048   9.30281077242069   4.57618335809657   3.38717664273494 68692
2605141368292.45 1460 0.564484999348437 15.0210802778905 0.0137878645937513 0.0673381348611226   0.12000438980098  0.182446452705294   0.37922451923219  0.437558271865563  0.984385607548989   3.11099522113393 0.149905197836978   1.0492970615331 0.954956929263581  0.33898445891384 0.873059117191072 0.953354213862497  0.81030794823991 0.793753363779786   0.42146245218188   8.52822605557813   8.96385878396059 -0.966112447973398  -7.89084915807882   9.11129542374126   4.48183350033661   3.26470962524398 68350
2738718142426.54 1480 0.543597884291529 13.1420729884582 0.0167643980697868  0.063011227935473  0.117177411138666  0.201170446599117  0.363558301194944  0.411354444692465   1.03962508469514   2.89544763018092 0.149282684422591  1.03709677648048 0.925728153080518  0.33647914458062 0.870116452981645 0.929971144230874 0.812762080600393 0.764369435429369  0.40354531570582  8.91091487969679  9.06307906760847 -0.99072538688227 -8.16815445065436  9.29031684069496  4.67778633809078  3.41830650419318 68855
2614909480460.38 1500 0.506072608953135 12.9577172345821 0.0167209697514765 0.0627888060453617  0.113872858312923  0.195393663376692  0.351239333820588  0.429893458890267  0.957437033524892   2.80749155240791 0.142578764306297   1.0292854700384 0.906777278118783  0.32995423097072 0.848204095763395 0.932334159586196 0.796544815613565 0.749278624909997 0.429058792788705  9.16706869303416  9.26207023517333 -1.03775883549135 -8.17275426541547  9.48030558993341  4.74716699863083  3.57914244305088 65950
2466653531883.61 1520 0.465989180628538 13.3820951004847 0.0153148817650058 0.0593295403588896  0.112111618181591  0.194347416173548   0.32463964920767  0.401029430052516  0.946102634580315    2.7425962134207 0.137242336629825  0.99685093347531 0.884537255893751 0.320314647705846 0.861547598927656 0.931930040510988  0.76776821932874 0.763043200586488 0.416075191527238  9.05146480456293  9.28284208551651 -1.00481354327653   -7.901767685057  9.59588489582202  4.64580436499613  3.61711573244658 68080
2506072050642.06 1540 0.413666311977496 13.2392566834575 0.0147182227756247 0.0589157048127502  0.107928344353084  0.178821869536313  0.320747667513375  0.431428957824552   0.98767549865368   2.57977943786112 0.132069128337453 0.951738701240679 0.849378864949308  0.31444169378327 0.834200522137625 0.918185765397819 0.737129792971767 0.731995444446896 0.426594136510949  9.14060187016894  9.32724624924721 -1.05847790953642 -7.88646837310202   9.4158633184789  4.72193826454482   3.5819027701461 68817
2369327659807.48 1560 0.368607174222024 13.0452716732506 0.0137406956431654 0.0565046581802232  0.101535786889786  0.176409417905175  0.295573981248839  0.448559523078254  0.930996658502833   2.33837939695418 0.130979508286994 0.970460211808463 0.879556738487615 0.310658281904534 0.840422812770866 0.933160377696693 0.785348602896733 0.735666275345301 0.436718324644713  8.81654779173806  9.08876038068107 -1.00606694830998 -7.73194163051912  9.33999030334935   4.4873816818138   3.3840202180452 72068
2275210272998.6 1580 0.315098119232505 13.8955308616767 0.0129058799615615 0.0554316010335989 0.0991831191944614  0.175127480604995  0.289031316837492  0.418421266426004   1.02211083383114   2.49194187222103 0.126829646041801 0.936264958971485 0.849299996442564 0.302157792046356 0.819842866745229 0.917480880665108 0.766569610328411 0.707801695563234  0.433066599367012   8.91144799083597   9.14931899861728 -0.995719160974185  -7.72189503269035   9.38035669567699   4.56693872671804   3.38527816535675 70469
2238237396154.85 1600 0.295456116312848 13.6120691668772 0.0125184960197562  0.051253272613096 0.0938682167964916  0.175117246541737  0.278708928575639  0.400626110483498  0.976188641040143   2.31953243595457 0.128902588015711 0.952491549747254 0.839381254054766 0.301130356777909 0.823964975963148 0.911016929942067 0.790319300742723 0.712161688571611  0.457103529384624   8.81028940247515    9.1180773237386 -0.981545895073618   -7.8098030453041   9.36097128429895   4.57596938419539    3.3716780204158 70167
