nan 0 0.72 1 0 0 0 0 0 0 0 0 1 1 1 1 1 1 1 1 0 0 0 0 0 0 0 0 0
34507610525129 20 0.617300100318472 1 1 1 1 1 1 1 1 1 0.990406088408019 0.968728785010019 0.996220671195022 0.997937607925731 0.971631201746481 0.987644724573493 0.972640714960554 0.968736685923433 -0.0568035384269709  -0.121471697152285   0.120404678882379   0.255952283322107  0.0664912987747825  -0.290225527818733   0.103807326628665  -0.153386329923585 59964
10894825666497.9 40 0.623104299291571 1.13084057050021 0.896501439764032 0.902498514519929 0.909800312174486 0.915786951153062 0.929791337695372 0.976729160171601   1.0341106835655  1.14644639608552 0.977308236467181 0.953285354867533  1.03569673732776 0.989533771530302 0.958278766520093 0.957562468651835 0.951535838760861 0.954748809172657  -0.286492626680504   0.155683833145272   0.696380344670094   0.537794123546582   0.167003862778236  -0.214418647553215 -0.0246711719705045  0.0691269419784531 58026
9355899391936.21 60 0.712531226804733 1.26047212967365 0.816286316786016 0.842230131149554 0.843969800022379 0.885570786098298 0.908247854311725 0.952680643878482  1.02202592930656  1.29690752882566 0.970029922701301 0.925937693814606  1.16334765254591 0.970640450166627 0.942132526783694 0.919928361926615 0.934723003498638  0.98239978124832 -0.394507254263267  0.125887278137604   1.37253136027373  0.519195283764588 -0.179376575652578   -0.3179121849552 -0.276217011988581  0.462223514843689 59201
8374793836128.58 80 0.75993456410673 1.48556644939931 0.763539903388996 0.800775240879587 0.820868220154684 0.841450724861861 0.870307923189968  0.90604127879603 0.978492255840841  1.68506207340146 0.996248834792464  0.91414305475293  1.20116587740434 0.933397152047961 0.932835486700557 0.911807402560336 0.901081200130602  1.00544619457617  -0.585186568197364   0.340952009427634    1.52590924078204   0.536912573393082  -0.250213253257705 -0.0513587068649954  -0.279248215889526   0.907364039869433 57802
5798561372141.69 100 0.766507117974577 1.65218802139297 0.710949199945919 0.744869536130543 0.759595023325396 0.780497491655765 0.827276441790617 0.866901067604259   1.0358583891741  1.94069598827173 0.977890525369771 0.885756660690627  1.25601811493278 0.901214773909326 0.941374628529011 0.885569543910094 0.886562695798176  1.01697487699967   -0.82067873894951   0.438192783853355    1.99725012457865   0.673516013286525  0.0466543713559345 -0.0901133683564937  -0.148089126697238   0.540446624654204 58096
6947279963715.71 120 0.789626977277567 1.75062267609277 0.664006560392551  0.69590623344934 0.714591321972417 0.736868445561297  0.81717938215547 0.961267532851311 0.996468299112242  2.03496746219158 0.948210114658239 0.846022550354526   1.3163045406065 0.867499251872674 0.932100023206816 0.868424496730773 0.867451810362092  1.00465924403623  -0.441885527514756   0.461524339951908    2.41914746612847   0.727509366414008   0.330583095437399  -0.138372343299113 -0.0570198439813769    0.91108101412831 57258
8786015680397.91 140 0.791180336101003 1.8600330020823 0.617138160875056 0.637650497310571  0.64965083554268 0.699217307245896 0.825621743169599 0.914054324947631  1.00639375679368  2.13512694669657 0.923363424505939 0.813610973712713  1.34708964751465 0.866310406060506  0.92951262341754 0.843064952580383 0.873098233777112  1.00386884731243 -0.710191493073826  0.230400746257197   2.79149386081574   1.10124630979043  0.349500054186068 -0.290585860208402  0.043873170743014   1.00140983989867 58226
4522759702522.32 160 0.791302571951145 1.975748904447  0.57415822325167 0.583606577589882 0.615692672520291 0.635470194067944 0.818122822506933  0.87900762775413  1.07717966975454  2.24127470069657 0.945624906227359 0.796578914238752  1.34449961876565 0.883990785446721 0.917951353889484 0.873947238051028 0.877919362508013 0.974847779986326 -0.334501833424929  0.479073438174565   2.31955637908807   1.34586087170929  0.586637308425739 -0.568905549756753  0.376088322628691   1.03493440808186 58100
4837742385522.86 180 0.775330038157955 2.04028501848278  0.53916944892474 0.567452377458031 0.597076019787524 0.615640732757925 0.847278535207377 0.922199888060527  1.11210081618341  2.24443460933875 0.928874495105234  0.78018208592384  1.30158787543732 0.859428379537023 0.929428476044654 0.883826079287143 0.878382159878914 0.951505586121453 -0.614641640022801  0.389702207730964   2.21510553014202    1.1253848578326   0.54823255382251 -0.154441717499847  0.752859897338746   1.31251903433673 58159
5320981767139.18 200 0.807419856018398 2.04740259299523 0.505746050153528 0.553455620458393 0.601246434354786 0.653171596000657  0.79965087484331 0.928371324883483  1.06448676929193   2.1200153116311 0.923219595593399 0.758968653393995  1.26737278914949 0.825689958919748 0.900341595651869   0.8674331823061 0.875280784732337 0.991994230061197 -0.0815709706312366   0.523462801773167     2.3511727453802    1.08962886714379   0.374329724850327  -0.170763166586278     0.7973586317805    1.90549503910767 57034
5299701512165.19 220 0.843451956853669 2.06463162024754 0.467104640303103  0.50655324001173 0.555426428871208 0.627967909288932 0.870769698438984 0.910073158178738  1.10056608631882  1.99112869127129 0.940646458693899 0.738624006481414  1.28219469828663 0.825164551472583 0.887431037035978 0.841097846614661 0.846910401263634  1.04762723531773  0.361266763577442   0.60204106238524    1.6225431165788   0.77567837929468  0.648104372925307 -0.245425673488291  0.703961063347834   2.05409860099233 57012
4611431621777.38 240 0.944218941161514 2.20297173378468  0.42576312858892 0.485125371856372 0.542057720222042 0.590900486705683 0.820871473536271 0.939123344099557  1.19495450160522  2.06626442293382  1.06276706496579 0.723446978338764  1.27702495684303 0.807315586783343 0.884105536515908 0.848258718283858 0.858652973817924  1.06160164280961  0.958365629451286  0.822899046230063   1.27936392080324  0.724798027850698  0.262094030985802 -0.665359485009845  0.863035079085796   2.33503604514986 57636
5522503355957.48 260 1.1053783598591 2.41044108189929   0.3915048910279 0.466100340196668 0.516521246533117 0.604716432373015 0.795514339594225 0.959590558491231   1.2921892050732  2.27473197892251  1.12562671768649 0.699300669794714  1.31651301688257 0.784620806644687 0.889346103831956 0.845545514438194 0.991301568984299  1.04263846368108   1.40157539863666  0.706643864948128  0.565284833875004  0.823532713511729  0.924982336889879 -0.897881163261588   1.96483426177139   2.44256465925351 58410
3877566310432.43 280 1.15779252216806 2.81720093014958 0.356488033077932 0.447970178870763 0.505430317287506 0.588368510816296  0.75807610099202 0.959818795615755  1.23508836913938  2.82931043839196  1.16230364852659 0.695362996969219  1.30262799927418 0.789638747249258 0.887500405863892 0.894059656991062  1.01256176985885  1.02646302047345  1.08311603330236 0.608177247637956 0.880181208618329 0.823441160272687 0.673262487466366 0.119013792509062  2.17115767148853  2.24067890702211 58930
4552610818270.85 300 1.09472049389902 2.93994538534743 0.334575231639661 0.428451115383302  0.54597263969079 0.594466315223807 0.857495380018927 0.974356767066942  1.19361135674242  2.89182702966352  1.20596673929912  0.67065576182047  1.31763290830582 0.756548184666261 0.885121575804496 0.908154033894105  1.00575612133379  1.03457355950334   1.79753170322333  0.418041253869751  0.185119952651163  0.971096369863714  0.654725866536133 -0.605875122488383   1.88101391650626   2.58988350860553 57244
3419657585152.98 320 1.12647193550814 3.19685006942517 0.304854018091821 0.394533240010262  0.50676525728698 0.581291221709677 0.848902888415899  1.02011344636214  1.13070582242157  3.11556244848925  1.19364018238335 0.648487609315305  1.31799095654422 0.728296698709382 0.857241925019414  0.89192762827651  1.04242076927936  1.07742504205656   2.05183470231194  0.462905843062437 -0.246731013692692   1.14794909725911  0.789647733470596 -0.958593805736985    2.7704988612801   3.17975344341142 56968
3277001211297.81 340 1.08852783587706 3.37142893082277  0.28337955230015 0.363317435695826 0.495036621441617 0.564073645312193 0.817751105888151 0.943196626965323   1.2029156704552     3.22104304283  1.16947433613961 0.626510544292309  1.30562405199267 0.725948702227707 0.849997304639226 0.886603111171234  1.03189345226887  1.07692825554883   2.27367343229792  0.739847647626813 -0.522271775367606   1.44266384007673  0.993568329792228 -0.691513705812416   2.60870666348899   2.22767622139145 57283
3063686221337.05 360 1.12475652774562 3.42044742137937 0.270327784994156 0.342730010163616 0.462636489850036  0.54336199725503 0.797890549625505 0.918155136618569  1.22718919950116  3.16268925946569  1.24900069101959 0.612600856203818  1.35953098198045 0.727948525853975 0.850042650137646 0.875582423438783  1.04351245980778   1.0566544209021   3.27865501262213  0.809912023046172  -1.36945628434585   1.40943961727044   1.20289285497698 -0.441018006222238   2.83108070575149   2.22253644338274 56519
3594045386776.15 380 1.26308765173018 3.75579739053286   0.2538186039272 0.346565920338483 0.441952608058143 0.516954871298296 0.803162150009251 0.862558968498169  1.20278807630241   3.5803687902888     1.27621085143 0.591724040233883  1.38436953292129 0.700864607354462 0.911383170472758 0.856328310069793  1.05414106040387  1.03591376132359     3.92094631116103    0.896367719345387    -2.07024953196112     1.21291079431962     2.14722898037136 0.000344016135798851     3.50174592239334     1.81506549529177 56859
3809351603458.22 400 1.35981970349912 4.02398909382021  0.23780533952636 0.329858802078771  0.41627718845425 0.479849517382141 0.737395488477057 0.884748999498963  1.19819433673854  3.85066016064209  1.28434888023437 0.564242587914777   1.3896977251881 0.682719354276145 0.899605605305282 0.901156682158776  1.09469665687973  1.19452517000497  2.91154068875693  0.69149046485977 -1.00977424699608  1.59220593298089  1.83532474431002 0.672236241676859  3.16155240558699 0.665861525455616 57074
2417358480897.14 420 1.49257836764813 4.31241590605905 0.219280032943352 0.349171738150912 0.383388950592392 0.468407184897962 0.708865142097755 0.876672095543596  1.52819121663506  4.07793563066637   1.2364223100067 0.544460577413804  1.33476028864928 0.671620384235556 0.911488453828471 0.911380639113611  1.05554561782562  1.18752178018507   2.68691026732191  0.408217595014969 -0.985386250308967    1.8337078139794   0.80458928121148   1.09498080204964   3.42681977256034  0.489058161410634 57183
3641942285957.43 440 1.62751166154154 4.30580716853626 0.201110233649334 0.328661870447925 0.359103363481033 0.536573559238257 0.712777546692848 0.848053688363317  1.52878777734156  3.72857877904016  1.21317318426025 0.520839960810284  1.29471499866381 0.710222439127865 0.883104083630287 0.914877374662223  1.04508727060303   1.1744551322717    3.02805452767374   0.485790857717159    -1.5006881624235    2.47804654009231    1.18623692742477    1.47864539969006    4.14328043617133 -0.0479415320133126 57308
2733406110379.7 460 1.67686550756629 4.27533590049197 0.189714482594904 0.321890652684386 0.348955129735353 0.580064101560308 0.677978460164724 0.829251262948781  1.59664227225494  3.46769561273655  1.21151113399462 0.503657467924617    1.268916143099 0.716302249130962 0.854477929932701 0.887836255590836  1.01563029132446   1.1754821760768  4.15382776747315 0.245832931741873 -1.65317066215171   2.6773834421456  1.13448595312346  1.28535500604545  3.97069061495109  1.57012372150773 57345
3485503268109.07 480 1.70036007985587 4.33589285779668 0.179532403316759  0.30523797177927 0.375259925479496 0.572694791909181 0.666649592007316 0.770384173170743  1.53135405465028  3.37520323521713  1.22409801963464 0.484946849687757  1.27235224308714 0.729486815572387 0.857090134105162 0.867255444331037 0.992084778669943  1.14163653142788  4.87272829018573 0.549767292046031 -2.66518315767606  3.12755697236265  1.79640842692372 0.840120088257683  4.05927402286301  1.96757025656777 57406
3312059333945.15 500 1.71139245392144 4.50888617751945 0.170193006896728 0.304669005785649 0.371278836553866 0.585656092322813 0.639657956514902 0.719435947480088  1.40799837313409   3.4600331162517  1.17656951709007  0.46111223796268  1.21569623014385 0.732176358103716 0.848494981215472  0.86343932982472  1.02540991457152  1.20553793823232  4.28194749418387 0.431277327816752 -2.16670998120692  2.94276466874959  1.77716851373244 0.933078854490796  4.57260024779609   3.4776507895789 56681
5068531332645.34 520 1.87654835180665 4.57533830279337 0.154393283080773 0.304964464235695 0.345042477619815 0.551874096186324 0.598977001921301 0.878818214891433  1.51510290460121  3.23202584821496   1.1285983398332 0.443981853839684  1.17216180493915 0.748106856554413 0.907011674336245 0.836357818040509 0.994584158490327  1.18252792636778  3.97083456881558 0.550409584820625 -2.33144073721297  3.67505160669789  3.25646706472157  1.12843109498556  5.04641160318422  3.08034669761711 57775
3634798191960.02 540 1.82744415856308 4.52848099753179 0.147720467509465 0.307661034789043 0.323011353722084 0.502860227677859 0.630122559196541 0.928070808663705  1.44544500607324  3.02932432950249  1.10388273020469 0.423680614326371  1.14801961247901 0.717537197803279 0.910566801846656  0.85378576713794   1.0187284527592  1.17009819782522  4.57105686073717 0.368588306071291 -2.58901105245526  3.17911523931039    3.730495601196  0.87691418508279  5.98694195185518  2.81250468818905 56945
3129698256836.32 560 1.78926201002294 4.56628966230575 0.140477638564166 0.293826095433826 0.318494172342239 0.477651260122543 0.619272531142427 0.929070230982809  1.48799914556339   2.9290994215241  1.05468399014819  0.40263772790382  1.10699361114708 0.709281232374035  0.90277789627767 0.882026561566785  1.04939683104753  1.19481056088056  4.12426485908362 0.424196251004204 -1.75033187168907  2.88497061652847  3.53223810203869  2.37494345093389   5.9224947010355  1.28205082592613 57179
4301372955797.17 580 1.56929735495492 4.70835494578017 0.127789234420726 0.275064251659489 0.298255749626759  0.45464846144799 0.605807828414111 0.945579522791768  1.58472067641491  2.83290922667038  1.01164281821201 0.387001009217154  1.05945181840147  0.72440634747199 0.890143643869714 0.864271289615567  1.02849340208272  1.17937760850166  4.23292145973075 0.514701432046484 -1.85934983044116  2.68384966841523  3.82248941779516  2.02517077462857  5.76269893345424  1.34440402501956 56897
3014150183585.18 600 1.44287484928656 4.74930837067215 0.116973062709538 0.257363853275376 0.296405382760086 0.470405139284175 0.580997933239589 0.894036199942918  1.55382668934232  2.63843621433112 0.987683946725372 0.370147496686475  1.02671634643797 0.715441940565452 0.925484334681649 0.841953538416091  1.00796898970818  1.17043112061485  4.04784343907128 0.616289247023629 -1.46348499645144  2.86986284000793  2.99628228829467  2.44899220197215  6.06564970899709 0.973962423691537 56745
2934412350776.77 620 1.29160514204331 4.79509207248445 0.109352356220745 0.237560381741025 0.288002231484651 0.446711413289032 0.625310338780363 0.877336812169235    1.531247683136  2.51432866437379  1.01738389161833 0.360948016650697  1.02485020874926 0.708145892129416 0.936543050307733 0.842311031626196 0.996290236763431  1.15591541807264   3.38327127873066  0.411436484350595 -0.932246445869595   2.60520472650336   2.76199726739265   2.68761984535764   5.70995245535834   1.22391150477724 56508
2709065330434.99 640 1.32576569359616 5.09042234060902 0.101099885535969 0.223413879609387 0.273612451355906 0.417711011641245 0.597858817306659 0.842679078975053  1.55636169871878  2.61974063410578 0.983176414627792 0.345208332545159 0.985344600721302 0.681770992947719 0.963989657270155 0.864295007333747  1.04798670908062  1.19369207661437   3.8424381348585 0.547411529819916 -1.28528878710277  2.50624858249573  3.76154494045947  2.74995835517234  6.88466103256307  2.32335205158042 56621
1930284064836.55 660 1.33958110697035 5.32868839432546 0.0913598901038946  0.211683902444044  0.257572056730266  0.410883485193291  0.584116528510727  0.915669405027267   1.65553712027469   2.59415677105777  0.97345731830639 0.333273607786317 0.948975607276002 0.665780323767382 0.948697295455339  0.89954307990602  1.06277338747333  1.19364579050362  3.53893702387937 0.407192596522561 -1.01856274635817  2.77061761172764  3.62875406251301  3.66678960242474  7.42242438999185  1.34487678059605 57043
2392193991464.67 680 1.16134907652087 5.37788927761725 0.0857211234045601  0.200162216083261  0.255706980880032  0.400364183226678   0.59256819521088  0.915821663745843   1.73644606392266   2.47920002177755 0.970538164039584 0.321572181874671 0.929500505941136    0.651604202374 0.931940840912633 0.901111680281519  1.07921733736892  1.19541395102423   3.62862925731638  0.301992425728323 -0.998425602227245   3.05589095866628   3.37393067574672   3.36633072956724   6.94302063359118   1.62254052203863 56971
2003082990581.93 700 1.11708968659109 5.63226011706481 0.0793522542527722  0.188020900916257  0.239196238365628  0.396598223880777  0.551448776413539  0.851128020560364   1.78516807341193   2.51724030218974 0.926401849423263 0.311432973316299 0.902197941106496 0.648932059324752 0.903018685539048 0.888614528128625  1.05082237551742  1.14824771401802   3.65583744279407  0.495276239223126 -0.778974882121902   3.14615140849992   3.15079604867195   3.73078474577713   7.17412681843394   1.90025036526158 56754
2188558261778.34 720 1.10480347038132 5.52907364134546 0.0761331255019558  0.175046034770015  0.233087531333187  0.387188502780962  0.546434370429512  0.822985765987061   1.64974895988253   2.32743953902412 0.946989152943552  0.30044730554667 0.870742853336501 0.658373807156811 0.921740299350877 0.885646819304493  1.06327407582701  1.12173072755363  4.37623811744149 0.576837628359482 -1.18971412238727  2.54192523058263  3.74748656154599  3.76332050487586  7.68529466925254  1.57564354519757 56383
2485467670363.17 740 1.12760495668385 5.81379284520826 0.071148092191845 0.175904741621362 0.230376780358084 0.399681708935522 0.526967012285819 0.758888831896335  1.63372727360537  2.40481883835081 0.912319087365019 0.291266111717885  0.84314571155864 0.684234640471615 0.908927288478447 0.884739864251433  1.03026712724581  1.12943234698626   4.25783393420187  0.496685691491536 -0.903128060427425   2.06769695140424   3.04782543698436   3.64863328451744   7.30078814370096   2.20124372289984 56775
2861900603895.89 760 1.11167925596107 5.74347910307992 0.0674904246340715  0.174536271363505  0.250529332768799  0.390572250826339  0.599996465641018  0.733237803815221    1.5995085670127   2.22634390612384 0.889205982549235  0.27909745794906 0.816763588682019 0.674667626743398 0.960230139446132 0.873247045367565  1.01602011229994  1.11666446131587   3.99667545572325  0.494883809469477 -0.639092951543342   2.06685196558992   2.37991267685396   3.11938154336364   6.79997886004993   2.75478281897418 57251
2106581141469.09 780 1.06113768599982 5.82305267202983 0.0635882323799691  0.176819283786441  0.243429570518828  0.381394178923487   0.60162771132731  0.684783294953444   1.64691215341755   2.15614612220802 0.871936063761864 0.272432814708686 0.789980454147325 0.660008028289319 0.973819414160869 0.853275243381326  1.00943912135542  1.11106673761197  4.34717262109708 0.380513116209077 -0.66573008988912  2.48546275826549  2.50526871129898  3.33923771195558   7.3825081713816  2.99076179103815 57330
2451598999390.6 800 0.971900827077487 5.96238810628309 0.0602405221928483  0.168211288714179  0.225281190571712  0.384507744208268  0.566092376789693  0.657552487512978   1.62057087363144   2.14155489705327 0.859574549551089     0.26388411949 0.759840735037599 0.649155093283137 0.968614113054417 0.845538757242054 0.999043411535621  1.08009740182376   3.81547193679268  0.403261441838017 -0.464634663451391   2.36534884143101   2.03513091810953    3.5591944615999   6.73863205933271   2.83607833418555 57178
2130053503766.83 820 0.917743755338837 6.16398392033304 0.0557291448870092  0.158987097889899  0.241730901155914  0.362108992200734  0.549852065250812  0.617296468667951   1.52199405105698   2.11741201696938 0.837007415659827 0.255115969410732  0.72370315352712 0.636331349674692  0.95677840725732  0.89309078035624 0.982793038581096  1.14747126923343   4.05035469865338  0.497807447195768 -0.535778533305094   2.24920174450978    2.0131123864772   3.06705587842903   6.63801480326787   3.67207251999302 56517
2044573667335.56 840 0.852062900880065 6.41825170238727 0.0514189407877754  0.152368481897762  0.219469841585695  0.345987219113512  0.521863516426734  0.581576049256659   1.69910436800571   2.11814952859881 0.815805951479002 0.246415400924969 0.691884564069012 0.619963410942157 0.951550908337269 0.874963877530415 0.985510260545601  1.14601922990922   4.22511709018015  0.457140532492809 -0.544908903025137   2.17700488458933   2.03057997863229   3.15004605894099   6.56008935935669   3.92290516138099 56718
2366651463162.63 860 0.797405311350718 6.71249585366658 0.0482169922899802  0.142981857417684  0.215437436865418  0.333941060682728  0.525375361342826  0.542945375671132    1.5634801839831   2.17254198003563 0.795492781667605  0.24680914630133 0.667863423492352 0.622737874077699  1.00456821852516 0.869942680800658 0.963247101216285  1.13424547872013   3.99511042817474  0.546780393988911 -0.705810581132312   2.17942959754484   2.60130091939157   3.66422670409876   6.85704271384285   3.26675839509742 56972
2032428148053.3 880 0.818645367388415 7.08117203222963 0.0456962977678772   0.13911623082299  0.215558375533542  0.343099797954674  0.499830486074767  0.519092486071478   1.45413987807485    2.2913493378809 0.781476291583634 0.240590782217996 0.641514947917629 0.616779901403766  1.02088927652313 0.871368407697022 0.940031929609922  1.10693740549945   3.73478026697896  0.537462690647379 -0.613238252523942   2.21605604482958   3.06244718463618    3.9768214782624   6.99359909548191    3.2752147926064 57070
1737907228737.45 900 0.861413351794394 7.1612215532652 0.0427030427582322  0.129621878333975  0.203744010526134  0.341296005503509  0.492521681114274  0.562002946998617   1.40918253235137   2.18994416161922 0.758894547871328 0.232162559884083 0.613028097652276 0.597925334069748   1.0284565353934 0.879169520292054  0.95047606581957  1.08681031341658   3.80761311727822  0.540836417452603 -0.580472216742198   2.07230965967247   3.00772922097874   4.21450609799125   6.69790411333874   3.46512985701896 56301
2178587176660.96 920 0.881624002607323 7.4938805258594 0.0395477605688603  0.119238381449383  0.215568565053724  0.351526579058802  0.461431513118178  0.558952638702413   1.31116356382173    2.2209328405097 0.741756169326644 0.230261265564105 0.588652578794322  0.57845729416573   1.0341039498549 0.959458250411054  1.02483421519201  1.06377996267752   3.84763672686285  0.575020955829243 -0.628620960337555   2.21964231091277   3.18096499730225   4.48542079581881   7.51194896438678   3.61942468732369 56384
1596514434798.67 940 0.859216304406085 8.0836767978214 0.0374213587290882  0.122103154765764  0.215008118870829  0.340605141464545  0.465446794353523  0.577474138221177   1.25280278218147   2.44532976727141 0.758858160086464 0.225325453125235 0.570149081838924  0.58373977484556  1.00742304974982 0.936778344382496  1.02224149185723  1.05764901612077  3.76779691964656 0.484919398094166  -0.5341994878058  2.52341399152174  3.25994287178041  4.09371037243392  7.54039627867995  3.99704081023882 56607
1674947331878.49 960 0.932114380914852 8.20812111198351 0.0338334053718642  0.112290753835581  0.218273940369917  0.337962899483067  0.479857400200878  0.625142740808463   1.26168565126071   2.27946655253092 0.738853022418732 0.220690701412209 0.545767887198253 0.569437736004209  1.02987049940686 0.958673193894114  1.05134526580254  1.04295542257766   4.09130543529717  0.399505496475465 -0.423394542686736   2.49274844799918   3.80501693091669   4.49920007837186   8.02232606613839   4.10868593499072 56274
1969643402485.7 980 0.907244380464978 8.51396336032778 0.0331573385713639  0.119015269107717  0.211734054159214  0.315843751871584  0.462616991084384    0.6050601093599   1.23857803143551   2.40349497036914 0.731432308238881  0.21098241371481  0.53968744387686 0.557682105335144   1.0384494789569 0.985807261190461  1.06579708354801  1.02711452742961   3.70183118686166  0.442410035128309 -0.182058479614107    2.3661625439248    3.7869160440468   4.80768751176566   8.07578634549236   3.84544765245988 56333
2164844952397.36 1000 0.87562463334342 8.96653817417809 0.0306441170210642   0.11249643684992  0.200486375596065  0.300598847528088  0.452803427187879  0.653532061486016    1.2085479099494    2.4637504448216 0.726901463165117 0.203489763645429 0.522486143479556  0.55354944386982  1.03499777754606  0.99963757437857  1.05562394217303  1.02909882648398    4.0394955021169  0.420051098961599 -0.414349692690705   2.39013777686069   4.20124379074463   5.29569049797057   8.48539480930156   3.93358653270949 56733
2011859260234.6 1020 0.814505259468994 9.28529652307149 0.0290717796442803  0.107464514304733   0.20113777324743   0.29160077119993  0.422344554167162  0.644394410877199    1.1905969357113   2.50647382043916 0.702460584479736 0.201766485271495 0.514585682912576 0.546300448195486  1.05459787171639 0.989312041985095  1.06334681629234  1.01856108194409   4.18030056212847  0.453254446665911 -0.646479536930467   2.37669875640169   4.45423259674644   5.35765657392906   8.89948304540412   3.62488769819469 56298
1727149441965.48 1040 0.929914256719072 9.72879792322728 0.0271861798570912 0.0994052618580291  0.208450247538362  0.282793913189353  0.406727128504118  0.618777044468848   1.13999295758154   2.57315857590191 0.740349924725417 0.203453452783192 0.497713985553029 0.590050559266194  1.22125233282715  1.01536531825335  1.24755343502928  1.00250183653924   4.54505311238723  0.515456964375133 -0.721205043862146   2.74023356524449   5.24718500219486   5.61295289356163   9.79382815950694   4.04969575437196 56473
1667215204814.96 1060 1.05286418566324 10.9433840716228 0.0291618164689644  0.101388839441941   0.19912614945264  0.268152910128744  0.399095998325374  0.601711373388172   1.17822584656928   3.49235075408605 0.750888026957394 0.197645758880271 0.479461991893797 0.597281112316727  1.23039693884052 0.999170157973447  1.31488253350367  1.06189184802704   4.84980713611442  0.490509519133029 -0.624434586715825   2.77602254351336    5.5657605235955    5.5549360271236   10.4672059851987   4.57567373066995 56331
1942263292069.54 1080 1.06836015542983 11.7008564097801 0.0267569772568268 0.0969881890918547  0.208153243535705   0.28010089186358  0.372452077935397  0.568531169500129   1.34199181432346   3.66329884583758 0.759215038341897 0.193428016151006 0.461700486157575  0.58326936715061  1.24304544187379 0.959846020505868  1.32979667698245   1.0294019250806   4.86228325077555  0.439975710896448 -0.579259223959281   2.79421687669943   6.01028978816635   5.54417064828553   10.5694237418487   4.55974238781143 56351
1857738175588.71 1100 0.911096779289695 11.9964309126849 0.0257655972950418 0.0973629595545101  0.207378114657291  0.266264681389761  0.346038034614266  0.556650357681485   1.25418719267328   3.70803930670275 0.759388706593356 0.187456297305002 0.445530186387091 0.567434100137952  1.20899146471596 0.949370364604507  1.30856060305206  1.01814239460885   4.82994589811961  0.451865683016705 -0.696394451534104   2.89929734320556   5.91164502870731   5.76412880263889   10.4134713847974   4.49508572738389 57082
1937008152830.91 1120 0.881366188012982 12.0898514636053 0.0241779213055011  0.094909297761745  0.205314102429288  0.257941212196586  0.334877702512701  0.521824851687151   1.27119984465097   3.53395398204355 0.741594374794065 0.181787294235691 0.437196139872517 0.544641586902339   1.2180754991786  1.00951413005413  1.33696786482765  1.03792596889912   4.74919503488044  0.467088465918507 -0.794493408701149    2.8573571608316   6.52309859677822   6.27574150357979   11.2781839782059   4.18251049054501 57043
1603147086797.06 1140 0.763040316859793 12.6774591053367 0.0228566798062376  0.089266173327276   0.21105138270304  0.241427567237621  0.344465257429459  0.490393323407869     1.365444300097   3.67347916494129 0.751784646154822  0.17745100168936 0.424638476137731 0.562058918410367  1.23947761596309 0.985565500406754  1.35809422135274  1.00332332777363   4.68838739216847  0.412541728611847 -0.675797446921571   3.02630539286767   6.44400671403839   6.09207872809623   10.7933401986004   4.34058520200774 56534
1426547942169.48 1160 0.702436356864516 13.2440937853511 0.0214310513322374 0.0825942184989133  0.225373179828176  0.228351926091173  0.358409764196245  0.494813170743877   1.28151007209102   3.75913542278626 0.756969514147476  0.17559523749864 0.414876265817001 0.546613686420675  1.23385068113954 0.965565465719902   1.3305401857202   1.0014366981921    4.3640896930668  0.374156296916784 -0.533465605369887   2.95783147800956   6.02374784223386   5.89613428055172    10.324826601944   4.64670168938578 56262
1896889575989.86 1180 0.733776534472437 13.5816635061553 0.0197632171685328 0.0782210607945987  0.220096856039079  0.243258033869019  0.329045372361058  0.505239091776641   1.26148422130602   3.64555433582822 0.747848236008727 0.173569703575447 0.408273079282152 0.540145799428775  1.28214777071771  1.03037168296776   1.3220262670186  1.00164325980871   4.30901407132989  0.384283211008246 -0.500170481619245   2.86252437915619   6.84077714721617   6.53384020706691   10.8169854543358   4.27310717331247 56240
1459354434430.65 1200 0.758649627739857 14.2346678114039 0.0186461919034027  0.079637407008233  0.213747052523397  0.242268303439389  0.324826010236002  0.533784438038278   1.31335084735712   3.77819894912748 0.731518336063946 0.167492031893356  0.39639283900569 0.552540455681639  1.32038849786805  1.08189967927823  1.32708034595721  1.06169149927531   4.49018613238339  0.354052825145419 -0.513802259886451   3.22557179108681   7.34478055245202   6.97774402280916   11.3053561388969   4.05905769532224 56964
1476595420541.47 1220 0.793778624847436 15.236898701229 0.0175057129497249 0.0798165731413239  0.218788857045694  0.236198079696949  0.314364277024106  0.525868992471423     1.371141916413   4.06418027156712 0.730164249353129 0.164579219929284   0.3841556033936 0.548178941081476  1.32226217381696  1.12526705419261  1.28821655775411  1.08213940693304  4.29850477448582 0.428372364148762 -0.57306481545296  3.12009490970097  7.33941161962523  7.29559904502864   11.079091293339   3.5926646166683 56435
1811215843987.97 1240 0.780206511665522 15.3021953979957 0.0171246945640796 0.0779014127043033  0.216354008018922  0.236587596330074  0.319532061174698  0.508857808835197   1.46720478741206   4.00987025595827 0.738312247909889 0.158765575143429 0.377348070258934 0.531840075648833  1.30576262416556  1.10368811017551  1.24670073401428  1.05815709771181    4.0251090475571  0.401545941042006 -0.448727538648003   3.24445765595615   7.02723693562781   7.17069576849335   11.2157017041476   3.62094458726653 56511
1434895373564.74 1260 0.834362323931496 15.5136339256287 0.0159544873234232  0.074283017773739  0.210437716514742  0.257134437331911  0.298562988829407  0.498907025850875   1.39756814443759   3.83981173623715 0.721551029046484 0.152738638920888 0.364453920749377 0.524312306573322  1.32699511716608  1.10298714747985  1.23281793413165  1.03816999229583   4.13570818523451  0.392140889206273 -0.553924263860922   3.39715484348692   6.29534840794662   6.66392536157409   10.9194278742202   3.44001281904484 56292
1645527673098.11 1280 0.868349533605339 16.0157536147678 0.0149327134710373 0.0706823009270687  0.201249318170691  0.273828836765672  0.278195650375131  0.520254165452802   1.33737956003032   3.83030616942704  0.76797913636106 0.146574882910236 0.373709725238238 0.515970218154059  1.38227782667307  1.06290838462563  1.23920813794278   1.0331378420224    3.7364680086201  0.377557616568303 -0.389334966163577   3.16945824982569    5.4974222335847   6.53562889830804   10.3333884284195   3.30371798475665 56332
1765780449747.45 1300 0.894822074558246 16.8941378604171  0.013711537025312 0.0656073483254782  0.184415951492235  0.257350945367285  0.308590122918271  0.499353922616892   1.41817162849512   3.91343575268683 0.796113457730837 0.152841775271792  0.36521316606683 0.522577024253344  1.39857396297179  1.11179622529887  1.23079098776614   1.0322235441933   4.09423943681399   0.27380697013382 -0.331409243332211   3.28708149596911   5.36503135166767   5.89958378179271   10.3690232803863   4.02609613491012 56306
1379206545003.56 1320 0.854097622940144 17.0631621335046 0.0139313092387666 0.0686740808522752  0.197461857818772  0.247611480633603   0.29710825931708  0.470621575731387   1.48452635283378   4.05612160961349 0.805012379872904 0.150022910312301 0.352427548480843 0.524576873893501  1.38410077788793  1.12542826901237  1.19645038846873  1.04791389827048    4.5112333373565   0.32867944643814 -0.398564204806323   3.29017258244333   5.68947942411448   5.84224384439889   10.4297471370634   4.01212324291227 56313
1779950374239.96 1340 0.808185237410131 17.2497398698658 0.0131280847076692 0.0682115405538215  0.185123367206626  0.242884670057176  0.290152281323516  0.456651619672331   1.61941924884161   3.90630788885412 0.787878593006937 0.150301879241006 0.342236641169215 0.535099497710408  1.35080890917602  1.08894369753336  1.14630713241473  1.05169515259341   4.52708019243206  0.375850896350683 -0.388110748897514   2.98951311112584   5.51563618166431   5.68650762627017   10.2206826954486   4.37610107905558 56323
1693436392769.28 1360 0.841184050491169 17.2940575453925  0.012290645594717 0.0671969085861478  0.181622235477156   0.26653446191848  0.282036574590912  0.451212911672552    1.5405321191341   3.67594068757693 0.760774487942003 0.150129517167767 0.339212882793987 0.542133732580536  1.40213374670658  1.08917054353828  1.15214770192825  1.03535279634645   4.49111756287021  0.300373354350334 -0.243928174927529   2.83702929356241   4.71161814873892   5.37837083116018   9.75101378618871   4.62521698050569 56257
1583793217719.78 1380 0.84141879501311 17.9205127712298 0.0121840071841584 0.0648811163703188  0.177017772555106  0.249779582666707  0.293610249197192  0.411928294941575   1.43973100878468   3.91283028210969 0.737251236000588 0.156054050136471 0.331224682628599 0.563303996424767  1.41105012835702  1.05694997018622  1.14496492154047   1.0709201832782   4.28778513822969  0.212913667423934 -0.157994478938617   3.26949773111455   5.63333513390641   5.87269468889626   10.2980111532185   4.79049883103328 56303
1811402859296.18 1400 0.754417855101673 17.9100489477792 0.0119297755326425 0.0600396313030436  0.171498041424213  0.260764736162249  0.277323909374747  0.454133417412567   1.49853199018427     3.826712347649 0.706365740203439 0.150949402156795 0.325195315561474 0.553430467893644  1.38748955096731  1.02192056091694   1.1291691913643  1.06791695137128   4.35114295331753  0.248007185835166 -0.266127465410295   3.37100433101038   5.99459364884229   5.90773039102216    10.313939067608   4.65952599362935 56273
1832644985166.21 1420 0.73177432607748 17.5717855132639 0.0117286025938338  0.056682316776437  0.176559209917699  0.239836318888209  0.291187649776448  0.438205824569748    1.4830811838754    3.6214130152237  0.68390140953745  0.14601747511959 0.311992933771648 0.589824184660899  1.46363692019342  1.07000677007891  1.24871767589558   1.0507346772014   4.39799620793995  0.254530578472664 -0.291831251876252   3.58255860621547   6.14297866409264   5.81422679990872   10.3220043104145   4.38084027918772 56272
1733088825302.9 1440 0.65213729459744 19.0637133537258 0.0119331660427042 0.0535325007178074  0.166709923378321  0.243127041158119  0.304704682267386  0.415823839743127   1.35211710545414   4.33681285991592 0.676367412012842 0.145732353395715 0.305036172552406 0.578765702615845  1.58354338089627  1.11281976714135  1.28787811532139  1.04418890071099   4.20773966474334  0.278766835393375 -0.293962313217904   3.34916118080246   5.58396387325476   5.40760992958762   9.87420833738263   4.55863874759613 56294
1535238978232.94 1460 0.663510424596261 20.2859292170053 0.0119679247742542  0.050669561036622  0.161991268908488   0.24493318427634  0.299295381917078  0.408088183800535   1.29969254087257    4.9250275279759 0.663201159549215 0.148225413729562 0.312998997813294   0.5546339597213   1.5841342390478  1.10948955660742  1.25893077666348  1.03326698313977   4.08795446130133  0.338829601514367 -0.431239828491053   3.38748119871602   5.97378951717924   5.83562821663485   10.2790043893422   4.29765761904682 56280
1784285552618.75 1480 0.588698206616996 20.1394251690341 0.0119978020736131  0.060277961350853  0.152913394282918  0.232605005314598  0.292046041877744  0.379922293587158   1.26436109460778    4.8662658825381 0.635097398128784 0.148949338362563 0.310025587493092 0.543210358128627  1.55538431345423  1.10105036285677  1.22766048010532  1.01120178983882   4.17871253677694  0.335445417378424 -0.391514955247053   3.31223308545193   6.18209933644364   5.95648579225174   10.4624216260553   4.46243527056509 56265
1590736562368.19 1500 0.590764431707168 20.1994382194747 0.0114274679755393 0.0596336479996168  0.152755624209424  0.221699248763464  0.275357274290149  0.386068966446918   1.20839263787884   4.66260467929549 0.631729888918796   0.1458211381637  0.30055811041433 0.544940968914297  1.55197974408747  1.09809669994197  1.21165202744775  1.00495531669958   4.00364170256783  0.310232439392731 -0.387751040149531   3.26891946564117   6.55787705876114   6.20400084827692    10.580024005273      4.01747294311 56245
1599325703187.34 1520 0.615150689010187 20.5399402296051 0.0110048740307677 0.0590903205969665  0.164163824435299  0.216391480298682  0.260586659973395  0.367504874548682   1.17855668133947    4.6428368916648 0.611946187045755 0.156587883347061 0.291292225272261 0.573378359490049  1.58498299233995  1.09493168605504  1.21789354278097   1.0380370403218   3.99093275220032  0.299446201025819 -0.378862483050362   3.24055919095386   6.85059155691555   6.43742003770852   10.9210752886437   3.75032178824852 56290
1673443698564.58 1540 0.696392551184498 21.2427253930929 0.0106798146527367 0.0585407812378588  0.163471058929179   0.22037736927724  0.272804519593718  0.337999612522835   1.20126822770479   4.81930248253002 0.704779321593056 0.163252316189482 0.289230372256508 0.592389944295909  1.52454558749422  1.07647365553814  1.19711128786195  1.08551730416959  3.53010727199407 0.381022920107549 -0.38759546011056  2.94948660838465  6.58519793464125  6.61451143878609  10.4108917912545  3.29354115219738 56253
1517460348603.7 1560 0.619514264464046 21.221393175544 0.00985857398930625  0.0552947849005691   0.159261474012709   0.214939416257828   0.272155719783359   0.366323769086548    1.53478513103303    4.43978442875545 0.699228066359545 0.158584273343882 0.280559935266729 0.584262938815572  1.49623031127028  1.06495195688091   1.1772657948079  1.05780167948754   3.83224042898378  0.348860867849292 -0.409856045854334   3.12827752767875   6.34041548634787   6.57017148162234   10.5954617531447   3.61236437594194 56239
1652675205415.04 1580 0.569154540392552 21.7305471783382 0.00907421731271166    0.05122775779747   0.157219960706912   0.203649518140027   0.257143465804446   0.364234752793345    1.48432642742527     4.2849967790868 0.697917279416558 0.155987652711978 0.274871818426336 0.578643013463531  1.46429318852498  1.07526780778321   1.1721980463657  1.09624112390823   3.96981057399523  0.356130987656661 -0.463631814436283   3.18088037962564   6.48796265818552   6.65685610364341   10.7506097193999   3.88125658008151 56268
1721811589747.01 1600 0.494601131174691 22.0593790990192 0.00866554603953843   0.050398861656264   0.152851718462709   0.210223451649021   0.249215014495051   0.344280900328502    1.56552056102923    4.21679513870837 0.699652071271859  0.15432487195787 0.275750044693805 0.569639911217065  1.42981663313735   1.0651790350713  1.14113572807988  1.09129130007883   3.71760585921332  0.359840855803127 -0.421906539410379   3.07648386681317   6.48524392506926   6.77444573951331   10.6313100839143   3.52484986146951 56249
