nan 0 0.72 1 0 0 0 0 0 0 0 0 1 1 1 1 1 1 1 1 0 0 0 0 0 0 0 0 0
6235204904763.06 20 0.645555090564848 1 1 1 1 1 1 1 1 1 0.976875383489456 0.991434642984753  1.01058406124965 0.957273190540373  1.00282346439199  0.98136802310953 0.969557396959168 0.992321329013067 0.00321765093855584 -0.0397676333238721  0.0388162138368065   0.112924872852001  -0.455181060196788  -0.143225825657132   0.147922580925844    0.33551713178195 60254
15893624812411.8 40 0.643441085729769 1.11356357846519 0.899400708846059 0.902511308742268 0.915497180616422 0.932409084756474 0.948953600885343 0.968049205408387  1.08626212299594  1.11527832363583 0.961273407005683 0.974898964480824  1.02385238416082 0.953722966433577 0.963040203020887 0.949968832601758 0.957389957763573  1.06455967383381  0.0385686120020166   0.098650961836111   0.306637313958627  -0.031797918563476  -0.389395311825064 -0.0950113594372778   0.129874551383946   0.944695252658569 59452
19720880761306.6 60 0.660110799957025 1.26872267248117 0.821178251492804 0.847210536615717 0.856262309208052 0.893165038010298 0.903142711990258 0.977754061591429   1.0915773910876  1.32181550114953  1.01414029288297 0.957707486113424  1.05816006993776 0.936550690584326   1.0163371669711  1.05372074934719 0.964874020280367   1.0441154667554     0.42618059640373    0.255736499222566   -0.248208676405319 -0.00235960138309376   -0.633016285550781     0.33390537076235    0.458331772282882    0.417751274848589 59814
15002332494717.1 80 0.597576564529366 1.39457945955499  0.75788373401195 0.822411180952972 0.861141186003983 0.878008545693506 0.897730265769714   1.1526758664607  1.26311935427231  1.47397159658746 0.983951548659477 0.939350556794399  1.03464550108242 0.973219946381849  1.04832028335793  1.02154847608868 0.998173084323531  1.03586650396993  0.226157649872282  0.333028630611636 -0.224104237748265  0.317326637539293 -0.500403974760472   0.24143731433806  0.431753891067862  0.149562902976975 59708
6678036002303.79 100 0.653195702768093 1.40860374143061 0.730457134543755 0.790043779555253 0.804271490576168 0.897820519710896 0.921567758451575  1.12874022650638  1.35784609666909   1.4493471154054  1.06231250318631 0.905364510775881  1.01867594133136  1.00888184971754  1.05533958164111  1.07278393399004  1.00009108126001  1.03710434093658   0.880566944904805  0.0789748600325658 0.00727958620160816   0.736982685006258  -0.573534944351553   0.518346661569193   0.627290746259326  0.0430572739174128 58208
3883894971500.62 120 0.798871121284006 1.59147775649909 0.694792156171469 0.772170890247689 0.798234867711956 0.854420912129507 0.915650166125067  1.11595270085023  1.43311832490556  1.75977058020464  1.09260264385948 0.902192474988994 0.997350393507086   1.0425891727451   1.0640478432672  1.05859228756299 0.976962755571065  1.05452697632538   1.35130883324189  0.404543094476256  0.120303942631361   1.29439725109892 -0.710605515707458  0.746539984438198  0.523203379921125 -0.613388195437554 57784
5420369644531.47 140 0.945916680869292 1.70308539555339  0.66478999261257 0.731194952317071 0.760011333890941 0.852378492967636 0.980093366679915  1.10431654962831  1.38772263184837  1.92822328352512  1.13080698951586 0.883551409151881 0.979015341402583  1.08496272046143  1.04979736949625  1.02754901562756  1.00611769979936  1.03481070534178   1.75793554763268  0.364642707488936   0.14967808991544    1.9817067507052 -0.354314472113854   0.74902052041845 0.0467962597459577 -0.673132125198242 58069
4770371917576.16 160 1.14887553207817 1.78447780503967 0.642616613873048  0.68507341593651 0.757430135824495 0.803445507243445 0.914223460580704  1.15269443211848  1.43423332958608  2.04632330674006   1.1237292235426 0.858308104480247 0.976732792959609  1.12662239713547  1.04077140998638  1.00226102248984 0.977932086394535   1.0257600483651   2.11932070982677  0.445611819670271 -0.510860349424851   2.81356374105627 -0.785906711537413   1.10825249831769  0.184195152829599  -1.34808850036758 57776
6038109063878.96 180 1.17542621297989 1.86896845647438 0.626091848696762  0.63594671544558 0.730171453124374 0.761032684532805  0.88567909846205  1.09146211912803  1.40166254610274  2.18696580660711  1.12273647716737 0.826613770415345 0.946172540368681  1.12280640751432  1.02968013708948  1.00182054198246 0.952869692580661 0.994370670931872   2.55085798066652  0.822728113612101 -0.790051986405339   2.26079149882238 -0.251970973335519   1.58198375149235 0.0890185394417409 -0.811570356767655 57694
5033474637562.12 200 1.33057993694157 1.90380965085193 0.587339415922524 0.594384906521745 0.677109783158256 0.774686331587831 0.930704626909216  1.03822350565309  1.32912838645649  2.12880653659916  1.13223075483131 0.800556918147246 0.914101116136853  1.25878523058168  1.02482108771844 0.972438762468481 0.937162812988282 0.994838416118596   3.20312439421258   1.01028168346965 -0.530143169468276   4.04331154627851 -0.895569775431943    1.7986809312851  0.416730473064257  -1.46042935671898 58280
6841529960334.17 220 1.37758984991086 2.12964333046742  0.54145720063634 0.561484288724073 0.680502566141694 0.733670733172795 0.933885326924606 0.970036620951775  1.33008070713202   2.4557145457663  1.11204685726687 0.778138656945249 0.891898032264344  1.23576547929913  1.00832173212681  1.01270589529781 0.919108106308821  1.01181235874677   3.33695331959071   1.24529654278416 -0.566395145051803   3.31788417013865  -1.02925862198651   2.79197316316419  0.415284628568753 -0.626735553227364 58670
3488392851659.03 240 1.47221991938687 2.12777052250405 0.515171310142829 0.526270764980151 0.665853945589558 0.707991739895026 0.942121318948824  1.11653287422274  1.26922395446755  2.33239039997287  1.11088056954954 0.751766417080763 0.864702180190017  1.19405197659694  1.04086123627152  1.05623745998212 0.890320361047186  1.02191317671042   3.74337208302575   0.84392430605279 -0.860992421593654   2.83535087581473  -1.78405231631184   3.52753929081788  0.572192105163466 -0.995111014334777 58738
4048790309851.02 260 1.43967756721778 2.15213933698247 0.491475885510848 0.498442967118623 0.640797638142946 0.697262987455732 0.940013985496587    1.122110344565  1.34221044162034  2.27637069005522  1.12111909639074 0.720280020920706 0.863839523668791  1.14817141689214  1.06978552119672  1.03574118479253 0.877747158206087 0.980190343060111   4.16265256890376  0.844703694217012  -1.24832433073528    2.4322283373679  -1.71198889999201   3.16383167016947 0.0269076559815865  -1.05962960947044 59361
3806024683585.71 280 1.79252409694447 2.12552288659088 0.462552701660631 0.487156944110624 0.609338413689421 0.658120734734623  1.00107228780607  1.06828461409455  1.41237342558337   2.0897425859754  1.16800204982587 0.696244295378174 0.854198205581473  1.11351784676795  1.06229602965193  1.06942810366606 0.925020477658495 0.943417246495684   5.76788404893509   0.73313950182443 -0.737533647932432   2.51632775988105 -0.823640885747127    4.4102732830313  -1.51391553681464  -1.39877197186713 58461
3542328368669.21 300 1.83046014164675 2.23519197164715 0.427798427702054 0.463268386412644 0.596098267934495 0.705418119836932 0.984073943560272  1.04052180896896  1.48191431462787   2.1373165162883   1.1517721965717 0.665944820829241 0.844398117056615  1.07811191208644   1.0624634843389  1.04394310609075 0.932518396156619 0.926083561221243   5.63171173351644  0.929054041905232  -1.01466985033831   3.03427380829608   -1.4156265341848   4.86241568141907  -1.45963075875579 -0.637848960246324 58776
2869597778195.3 320 1.75054883787059 2.30326623186205 0.391968443216641 0.480014069156085 0.544865180562109 0.681710215763994 0.954739285549512  1.00472790998025  1.45383081246547  2.07940644140494   1.1568130027222 0.636764657688721 0.810169835195764  1.08975696374513  1.05304435792972  1.01839188123407  0.90189747459698 0.915277687878109   5.67109684845285  0.596693771971012  -1.08670491227871   4.34384890151951  -1.19168779544111   5.32162170052813 -0.918640871775566 -0.585568959264823 57663
4782306992988.45 340 1.78791676934175 2.40338221625914 0.360495337504678 0.478433706154779 0.524034473293901 0.639344988215921 0.908015562611765 0.967371200363276  1.42480265124594  2.08230977919345  1.15972640374121  0.61207687663051 0.778292989348815  1.08047670479158  1.04376589761973 0.991857518295612 0.934783176877093 0.980270715811155   6.27451100816049  0.553131798507046 -0.850940049231802   3.55182945114659  -1.29889833372941    5.4569263926068  0.281937778882528  -2.17166904179976 58603
3567969338485.19 360 1.90908428795169 2.44634428565831 0.339387369789952 0.491152864534957 0.573117779728441 0.629492440722042 0.867772416243042  1.04049481143189  1.42823671176673  2.03109777677281  1.19126062970565  0.59264132662846  0.75135822844795  1.04952529075907  1.07726305654324  0.97773845395258 0.955342463137547 0.980497939160585   7.69872615691724  0.570893564424712 -0.994833614109941   3.28856635273441  0.470617209984283   5.82501213454917  0.253018346657738  -1.25553494995532 58508
4811282375348.79 380 2.10300060683089 2.56229782679275 0.312834539571613 0.464488382077049 0.547533803807744 0.653165126274472 0.917474654150748  1.02458615774983  1.45293454859547  2.05387454898942  1.22606319318264 0.572293616140841 0.729752246936745   1.0295471620559  1.06316508559395 0.983194943532902 0.970311139714464  1.07656987045854  8.80054535674435 0.796807601074401 -1.11173677953439  2.48747718914556 0.228651173022853  6.00118228962539 -0.73516336624101 -3.51316603677826 58977
2614655001273.85 400 2.04923243546793 2.75703508542886 0.286164560413577 0.431455696164291 0.520162715869466 0.757793575368277 0.908611453042111  1.19041955731348  1.35094156161887  2.17520620781701  1.25071096228076 0.544804848656049 0.720796778445023  1.03190274171156  1.08994265203033 0.971003580074762 0.941778777381861  1.05110909196478    9.85075191635267   0.647500275305042   -1.88781579074542    3.89422198740962   0.702376544499066    6.71826804372359 0.00121838108358886   -2.79773120546206 59070
2878150280137.47 420 1.82739619088154 2.92731830382645 0.264167378168613  0.39565636865532 0.509453143463363 0.745928844734822 0.859782176831896  1.17226266024125  1.35711034928722  2.26370110304528  1.22929123814798 0.523541082437363   0.6997869083433 0.997968659957036  1.04987148696775  0.94839720345478  0.91209718941183  1.01664013785572  9.66299868521134 0.694070593673938 -1.43136314053955   3.5569255278786 0.732368396758837  5.70042816248348 0.258410830394284 -2.53067149071686 58544
3032925370413.69 440 1.83376689147774 2.93153001859142 0.248390071713958  0.38597767914443 0.473898953231344 0.729286743661085 0.811802546951084  1.08702361009818  1.26705006833947  2.13463155089361  1.19687091078661 0.512457610940813 0.685052442438477 0.979865382944164  1.06409944876928 0.927567185948655 0.905487206754987  1.04200748805522  9.94482571470048  1.16512840710538 -1.18742819167626  3.12901312383055  1.94953340964799  5.40353839346112 0.282473832352507 -1.36728107909468 58140
1934376888131.2 460 1.75849287220224 3.0111115536338  0.22732374849514  0.39811490538578 0.452379836844183 0.726847499318088 0.784731741501308  1.04904302661069  1.32338292411234  2.06109732349391  1.15751034901774 0.495264870922605 0.714773677465784  1.01615951521334  1.06863383059613  0.94116964062513 0.913999873121331   1.0621123692787   9.49843321190479  0.999250930681959 -0.557656714336371   4.07771741989102    1.3202614572061   6.20731565240033  0.393966950458872 -0.382475620828237 57669
1904900426611.16 480 1.84723603418821 3.04572749745929 0.208959703859245 0.396542679584891   0.4202637577956 0.759509640278862 0.800423625130418  1.19911994950294  1.39663122774868  1.93840549627871   1.1522405864267 0.478916206314854 0.696436863845833  0.98521635365482  1.07006305167714 0.916311332539787 0.892638186625741  1.13531374609432   9.95313238747557  0.891890392909806 -0.521616212917992   4.28829503610213   1.67015254881747   5.41759768244544 -0.234451732348316  0.680152640931075 58157
2731080056620.97 500 1.70061011594413 3.23466728404283 0.195521690591297 0.380822292687443 0.426681154060101 0.713489051099689 0.760275156392963  1.20902861569428  1.35152072503884  2.04575761194632  1.13101505579831  0.46060402864557 0.668540818225667 0.955134003224885  1.02673222253629 0.900103853549548 0.869740675198922  1.16059673023026    10.093310170512   0.77220436840818 -0.605526959254507    3.9811456008937   1.44335322490468   5.96624240267311 -0.293279440406224  0.848384222903881 57284
2460445056142.66 520 1.60975727483602 3.27894611438118   0.1795908149392 0.360691195841267 0.432296597582332 0.686730951561272 0.712294853751722  1.21314516225838  1.30276053408186  1.93086842366688  1.11853143493076 0.448467402710025 0.643474240792852 0.932445025670265  1.00099340728789 0.903330995194979 0.841562912703565   1.1286581901149    11.0752115012775   0.711103463659995  -0.518208407868634    4.68328998067606     1.4135631470156    6.90564443009434 -0.0148271931701334    0.88203617628313 56735
2097353785939.07 540 1.41143111739623 3.32148639601921 0.165295765127974 0.342920714755458 0.416940861987087 0.651429936588273 0.662714615773091   1.1863398567934  1.28661096879359  1.82358782132933  1.13202979426745 0.437321655283247 0.648274065408084 0.906901401160721 0.961805674421315 0.927259961776252 0.805731599745542  1.14634802374395   11.2737115222564  0.952064955382483 -0.351967176747514   4.57008646572463   1.43601192190548   7.07402751820069 0.0212778509741497  0.773736625012407 57334
2360177549008.54 560 1.2265059116581 3.54803787953386 0.152010465493037 0.339898101298341 0.392850547197709 0.613768690704239 0.652019352826919  1.10930893240875  1.29021859469917  1.91359481040122  1.12524590785097 0.435086464829703 0.629669486291178  0.93121625508947 0.945870019500445 0.965233513953139 0.794446883144168  1.11456178778782   10.2806035144321  0.841695895864146 -0.419977275301132   3.87517733197399  0.978091619079647   6.80119214171809  0.337986553662288  0.830691787436188 57635
2625396465169.79 580 1.11689535499172 3.6940359417434 0.144187521078451 0.315887555518387 0.392721699154715 0.574486803746474 0.722136464759385  1.07250306437713  1.22937379549677  1.96756871577347  1.14220992197873 0.431078189027831 0.606765607801296 0.917940422421209 0.923425660637138 0.944996198660453 0.782074123408289  1.07074299747754   10.0068685064753  0.657036689551132 -0.704742914962741   3.46617997985208   1.03115020423568   6.28478728863461 0.0507702917559693  0.261665470591756 57398
2566017544394.99 600 1.14631811418201 3.75407873327021 0.138950602144789 0.301647938915611 0.369550995689309 0.570361593067846 0.672853022209122 0.994642729144668   1.1988616964525  1.95824572258149  1.21512790905967 0.428835037619769  0.58579634909453  0.96480774941356 0.906822114890894 0.984612960343998 0.770434215908696  1.05453877102333   11.3461005148539   0.43291861246436 -0.791116533809816   4.34306159064745  0.832254590179114   7.14659000792648 -0.141336124803689  0.348808579117967 57094
2452122471060.34 620 1.21040787631607 4.11319039785565 0.131830860417199 0.296703620535443 0.365460154689057 0.536928192883893 0.645800228529434  1.00456646936233   1.2202083920526  2.23035869270387  1.23136741436714  0.42905972915443  0.57176845413045 0.944303787217942 0.924506507476652 0.997374454315691 0.801356645462939  1.08206781071548   11.6919471006859  0.581999019634755 -0.595853879619415   3.91090954517913  0.244515765500993   7.27342329918321  0.553711044617478  0.765566385650585 56766
2899102217559.06 640 1.25947435415374 4.19066323205761 0.126862047681857 0.281485627516865 0.376445795448957 0.605047859136299 0.642407779039332 0.965425638693337  1.35591538948824  2.22790793573768  1.21281341062232 0.417627227992374 0.589543936651091  0.94475593567673 0.906323400970905  0.99404848938484 0.787798189004769  1.07760772745743   11.801631968442 0.693080120859264 -1.17866089416615  3.20343310918756 0.847312077574467  7.50586144403956 0.435801989392018 0.670965550886638 56812
2516498445573.71 660 1.03866516603603 4.18030026395038  0.12451598168519 0.279512165838192 0.362520147506816 0.569936109311963 0.679477517490616 0.965322897297699   1.3196831794602  2.17590561046464  1.21496712145612  0.40512740708575 0.576932598074783 0.915460522313679 0.895517133118887 0.968929857588833  0.76702858104635  1.04038040987101   11.4809831941461  0.704010414457119 -0.948601386289583   3.55877116391716  0.753686390231434   7.32944352774195  0.614148168908879   0.52293512195279 56749
3052940150569.17 680 1.01398548170314 4.27871273088128 0.115074461679028 0.265929910168583 0.357870196633821 0.528389621575665 0.644234542704792 0.933755239395351  1.27072658540111  2.10671220129113  1.22125864974196 0.396484620410072 0.557213113773111 0.882777080700485 0.883340846532976 0.940650448839853 0.767868051486996  1.10066471404727     10.885015983549   0.797018584167906   -0.75968097194575    3.76075725029658    1.26714136689462    7.20667153913521 -0.0133335078788568    1.29379513764246 57098
2871834362898 700 0.903660441023382 4.39919386103073 0.108903545296456 0.242010810429588 0.355514556702814 0.500887925446655 0.645843869061902 0.948997615729075  1.29489458133097  2.10760014346401  1.20927992163364  0.39589500092966 0.542481210122313 0.887872486728511 0.932432161037962 0.924568119416818 0.797730411452411   1.1060230142817   11.1900383716322  0.646188649208366 -0.746291137778047   4.11676993136723  0.354832486615441   7.41208382339467   0.47724797552931  0.827398965207902 57094
2804709757924.35 720 0.900485045762686 4.38684638250148 0.106819876757151 0.225596086398517   0.3580180796175 0.475260825830145 0.687355798110189  1.08121129298341  1.29566219771044  2.05568669910194  1.18425583555966 0.393546680037214 0.527313595826586 0.869028761563724  0.94690313540127 0.907006848310331 0.815808701998128  1.11430813673189   10.6966391055016  0.408998073826301 -0.660431516930146   3.99843551186576  0.619657662439422    7.2439253246299  0.012021218036558   1.44885146990858 56695
2482352617045.5 740 0.823087844088565 4.33133598534699 0.109790349112784 0.218733529630947 0.335284389521519 0.438121582325117 0.653758780555416   1.1480572074016  1.25366037770552  2.05971870649843  1.14461703234069 0.389152035315032 0.523287971275583 0.859571608889376 0.910256862436201 0.876483997189772 0.782087066993128  1.08017519616312   10.5814968253563  0.427999190749853 -0.492813439828339   4.15600561972276   0.47702184000187   7.14835448345864 0.0806734680084556   1.17563715929055 56624
2195835854140.74 760 0.795063443879484 4.2605290491364 0.106800585585108  0.20959456273777  0.31205686861393 0.417098802922765  0.64506183964193  1.06520384787456  1.15503924898294  1.93865574035154  1.19194815888298 0.378914283024886 0.510517610195421 0.871035112516594 0.887672924773048 0.871443315807779 0.752537144093517  1.04377378188822   10.6296400644771  0.321885583475306 -0.479352945139793   3.74152862298076   0.65890973601259     7.155809744574  0.223458988179836   0.98826262278723 56579
2307390660846.11 780 0.733382946211286 4.24463284151932 0.113964996215019 0.199904711495783 0.305239243425585 0.382773020080103 0.631642856812343 0.994337354836843  1.10564034968595  2.05329684738847   1.1968742081611 0.372260475753273 0.498797608806078 0.843013622659254 0.896525816078214 0.848487342689586 0.722060372432686  1.03894145605109   11.0183948492872  0.246222273410319 -0.519845217289094   3.99199712547951  0.703785780507882   7.18193837497549 0.0466136218005183  0.686722908355447 60720
2430661058453.59 800 0.680192421766363 4.21435373390277 0.113227074554246 0.187887396233458 0.305531964624157   0.3662010593551 0.609822099149193 0.942876186617436  1.11846994792988  2.01100086618392  1.14680047496148 0.359344640782949 0.475281901200929 0.825646062778676 0.904553767702817 0.830470307984434 0.702640515624929  1.01443394822161    10.9373370664969   0.291784737332827  -0.487521800083238    3.66651066787178    1.10159038577375    7.08482166549103 -0.0695783752344986   0.842658982094963 56446
2323674315455.46 820 0.708472706409608 4.17442126332482 0.106849749531312 0.173981616715892 0.287732397305335 0.344034953968884 0.564900707491327 0.964384599715047  1.07871695769818   1.8619416050077  1.11787624793358 0.343229608192398 0.465835267296637 0.820884719717412 0.926818109415258 0.798839533474713 0.738631680718121 0.981291551090151   11.2180142297749  0.318950965303192 -0.330201272029293   3.49381093114338   1.29179394370669   7.13282289888624 -0.323606491868952  0.741300112184472 56601
2083218662508.8 840 0.798470535783232 4.16055497410991 0.0988292245018968  0.169930388928412  0.265595377457464  0.336889375449534  0.551543573190434   1.01127412587521   1.11913690921969   1.71075539051775  1.12613172344023 0.332429408220289 0.455936511591818 0.844873075606734 0.964444889101357 0.810905949619393 0.781654778302099   1.0058858540097   11.5942677336963  0.226402359607764 -0.460470635895126   3.84946100550918   1.57588091099571   6.81861236677496 -0.661725886237245  0.281887968299597 56482
2333039169196.53 860 0.820829847637095 4.29911463812086 0.0925852594385649   0.15966880712387   0.25582885855653  0.340490086285536   0.58275266382501  0.989419874546897   1.37894141863694   1.71119656504368  1.15348098507676  0.31844552235963 0.433716882785041 0.823387515096896 0.970829470951677 0.831883999231476 0.812845989221456  1.01928003595802   11.0267585361698  0.234876148591485 -0.429234314307544   3.90794948937942   1.68840511321605   6.56227026947059 -0.985031350276638  0.672927926124831 56464
2225590649578.57 880 0.830748707620838 4.78281923454121 0.0855841625267388  0.144925484728619  0.245716006951527  0.330871368757392  0.575538800771064  0.945039630261824   1.34675054424546    1.9577685135738  1.15004610061923 0.304419088630603 0.417357813536944 0.799041209509174 0.993733135879642 0.821953089515985 0.817681511948752 0.992585610214215   11.2372527956546  0.253477115460752 -0.429348213807256   4.00188968053694   2.12808847819147   6.47631292074508 -0.646465522513842  0.935876559414692 56387
2279754199212.23 900 0.865018020682309 4.90282618305989 0.0788612860339733  0.138739457450055  0.227637373356107   0.39020400172099  0.546708561235851  0.894600604051065   1.37247750894969   1.89564429658586  1.11047118205693 0.294957332936945 0.418814919138363  0.77868786888883  1.00632463949872 0.867305600268065 0.793012302528592 0.960045997080277   11.2885162858365  0.197330520405457  -0.64666646783804   4.11488751854327   2.36597231793006   6.04250319414125 -0.841557660298436  0.848956266007566 56806
2193026466106.83 920 0.909735368807351 4.9831916303798 0.0750418004797795  0.136695330523131  0.219717020224331  0.398276827369438  0.517602107026834  0.829833204084311    1.3767527214556   1.86345290970641  1.14537277712376 0.290699382454753 0.406555812541454 0.801038503670186 0.994947865229433 0.893303491413323 0.761828911346817 0.982481893095261   10.9376224432294  0.325096473855648 -0.539580861534993   3.57893378100524   2.25362273071275   5.71541440124777 -0.827599095299684   1.39835453621354 56700
2378655421283.64 940 0.91647222387883 5.36120855000593 0.0707253447970134  0.126575843284779  0.263288869285736  0.374645778766355  0.536516897064533  0.785539039462782   1.34678255024435   2.03282726242339  1.11810825222812  0.28365983393109 0.395358082347077 0.779314381942267 0.965253463758002 0.947476767940425 0.749272790021553 0.941818485556373   10.9104671910473  0.263733394355486 -0.513960226783456   3.41791232969453   2.35463200197395   5.34425986166239 -0.922179383971954   1.15604072021436 56500
2156931216475.67 960 0.886144942296158 5.38949933377882 0.0683729656213074  0.126320406123781  0.270242384699664  0.361500088368505  0.505367765614846  0.766023789056528   1.28828950313152   1.98600923033554  1.10252380016492  0.28012710992079 0.378164965028724 0.798358466194716 0.990499992364476 0.946252678635434 0.814880820269795  0.94890281930616    11.190092685556  0.410430847522793  -0.53261575520345   3.47878570025533   1.77015779446733   5.58692347160841 -0.520923528241972   1.09445889223972 56824
1888845647379.54 980 0.863560115483574 5.65938337567206 0.0654402439382704  0.115188789667113  0.303981676333206  0.408570939904883  0.492577085149661  0.767654045245111   1.26597308872867   2.09596071842522   1.1086228037709 0.270077481513095 0.361103167046295 0.806317148902303 0.957278021570981 0.972936611560461 0.796988718080351 0.928990739048256    10.734715862583   0.38494258454385 -0.517871903538513   3.07271350743323   1.85148259382695   5.14365875328876 -0.519566421019635   1.31130255845225 56594
1959187045896.23 1000 0.758305280296623 5.90917173110218 0.060817101226449  0.10474450292071 0.314880317783772 0.389819769042458 0.494659055378934 0.719032003673865  1.23614770234886  2.12363042723345  1.09992495477481 0.259206669438965 0.351505451947987 0.791924960357226 0.942080932856598 0.961234500937763  0.77398167041552 0.918788695572484   10.8444517475343  0.419947271908854 -0.533830936993664   3.13195567202711   2.12296802435918   4.99168037384241 -0.768394548925871   1.32670222755129 56474
2300945292112.18 1020 0.651363939556205 6.11272894715932 0.0553727177854393  0.098657130744907  0.316959429152963  0.382148065333222  0.470797102816577  0.715027045179721   1.17444447660082   2.06902680468633  1.08252616653018 0.252062256683197 0.340687080027584   0.7763533502947 0.951548568864077  0.97187476174035 0.774339532929327 0.926531014248992   10.8698983440708  0.464117435985067 -0.581242583121506   2.97603308755979   2.13986440347328    5.1083767459609 -0.804970831875183    1.4805373761977 56475
2348584286391.15 1040 0.571506145706082 6.37465385327989 0.0514061901337423 0.0947392607268053  0.292644626536844  0.383608003197462  0.444564258261668  0.723029851246172    1.1832921399221    2.0889528274911  1.06464169894161 0.242592537354334  0.32969768154311 0.806727360721316   0.9635525817063 0.990169678684604 0.771714104202118 0.914703818652388   10.871073191463  0.43968023918386 -0.54009534445011  3.18323861371788  1.80407730003518  5.05870690188674 -0.67540104142512  1.45500732482413 56483
2272708938194.76 1060 0.622426489912735 6.61192709841676 0.0483982619164585 0.0905186123176634  0.298969890536962  0.377549579155632  0.433389457898752  0.689135892802603   1.23910140720445   2.11585488500506  1.08538921456821 0.246387844877479 0.322257980017559 0.830816678941734 0.926112839031059 0.966571568401107 0.796362904522036 0.908846162653969   11.1307669905086  0.342965188085744 -0.457950200450987   3.59488686081111   1.84515874019204   4.88245691027133 -0.959192802918157   1.40611711244174 56479
2203543864087.59 1080 0.720027763239523 6.59362727082825 0.0463776573301072 0.0847769835363281  0.291083777669671   0.40113854691096  0.510926396541755  0.688188297743015   1.24622108061772   2.01631134707675  1.07578335455668 0.255347607683274 0.311608452680591 0.885314748580409 0.907939992478994 0.966151661494372 0.839186886287545  0.89432073219948   10.6655391271391   0.25133355782779 -0.449905982957622   3.94477757298812   1.70701718178851   4.93333039743366  -1.11141032248693   1.12870645421371 56532
2005177699539.92 1100 0.835052555425244 6.59321477524613 0.0443770446663854  0.079100365549441  0.288499252742998   0.40792342414267  0.538676992704645  0.844750766117253   1.23282319748863   1.92909148022465  1.08903358373972 0.251024449977317 0.304383626815057  0.88195216647163   0.9206026513508 0.959139536248267  0.92803212911132 0.875739068130563   10.6021092919035  0.293436939235228 -0.476416993252886    3.8599037207306   2.28957342611312   5.15375005659488  -1.67340266728809   1.30026680266831 56614
1948470572840.3 1120 0.757971952593063 7.05217070406036 0.0414987401991723  0.078455443874501  0.281370836090803   0.44255835278826  0.561290637066898  0.819645736126437   1.22643565164025   2.06386147921189  1.05338010292743 0.242380355056561 0.293991003443552  0.86611336366729 0.924257540936911 0.936592725036711 0.934528849435061 0.903782107393343   10.8213760624468   0.28828962357909 -0.447023228115862   3.60895367960224   2.52209766485469   4.87882708520376  -1.59200798493487   1.35863116562306 56401
1620020994263.42 1140 0.797513593301972 7.40955911820475 0.0384260072546047 0.0717093238706364  0.259808764155743  0.426190384298117  0.554359729104509  0.802855946120377   1.16356700848817   2.10964798593861  1.06560772695139 0.238225877129047 0.286144793312036 0.886784796059988 0.982266839955941 0.971877801292287 0.949316486738211 0.890887563101334   10.3493686497489  0.388709183645637 -0.380738586005837    3.2947052233336   3.03976169355663   4.36723535262453  -1.70518034622411    1.5768825744562 56370
2331711457155.62 1160 0.776896054263717 7.93137324466315 0.0373948944121474 0.0715978963175392  0.257867414097228  0.415367599955562  0.526713618981551  0.743003433869305   1.26048098926802   2.35238871423718  1.12011053752491 0.236415967513482 0.284964586227908 0.927083760124177 0.974986607783931  1.00750076471618 0.915309804391288 0.878205998007291   10.7423890473063  0.355701170495131 -0.366166428164667   3.80179220374951   2.79402217501395   5.03696345146281  -1.40427641536411   1.63421066332345 56310
1763080872650.61 1180 0.731563782370138 8.62819699706824 0.0347743940518154 0.0696934027850899  0.264810540693685   0.39499711625396  0.555621259391441  0.691036365026596   1.22618364251887   2.58880700815075  1.10795846230543 0.228663023046621 0.281933381715223 0.905420688371653 0.958514230315289  1.02199738276486 0.885359938042158 0.893228183121524   10.5568960384703  0.300704266685131 -0.475941846341661   3.78328130335291   3.01589565451696   4.47740491621507  -1.55174832344525   1.21532410750932 56376
1813040444218.45 1200 0.708927515617131 8.7588335216344 0.0328975074589543 0.0646912479196499  0.261036961167077  0.380096980254793  0.542020059159685  0.738353175916389   1.18117934556846   2.52380349662252  1.08440938438377 0.219476817439439 0.274876486376656 0.890109697836633 0.957504825286567  1.04200133991792 0.893353402577503 0.913677417782523   10.7014248227785  0.272355145197798 -0.513546665115727   3.55044566554912   3.14124296486741   4.93548617417807  -1.57510142275704    1.0444881481935 56377
1906155918538.37 1220 0.69922621329056 9.14319760088577 0.0316007066338824 0.0612246067856003  0.245537368784359  0.410179453291657  0.518497805055027  0.711780668153075   1.10685669899645   2.64175784407882  1.09196369048922 0.212431882782965 0.271400187752919 0.858394072062644 0.935726126947105  1.03084806980057 0.876200031121333 0.911505157586566   10.7292095693571  0.319267244118701 -0.516391262521028   3.44155746078105     3.024130836735   5.13955024793152  -1.35448929132029  0.753229628866878 56471
1917934606050.38 1240 0.722561387791153 9.27587192409691 0.0294175876730372 0.0602191838943707  0.253240133199807  0.402442153520291   0.53798127567176  0.682395758500794   1.08797143943981   2.53114219364123  1.05492171375973 0.207681209542793 0.264858423810659 0.827729321940317 0.937011002898075  1.02671550361435 0.902301527895408 0.923343117449922   10.8388100711686  0.338906557511913 -0.538550825640965   3.53176991035904   2.94766624115176   5.49027567836061   -1.1016706538385   0.42180345260626 56334
1849654089347.06 1260 0.692490379544401 9.4948680301668 0.0277310812228483 0.0571943579264212  0.243398546849163   0.39059980005142  0.543214574021561  0.649240949285603   1.09871589301835   2.50002682434544  1.01346478307967 0.215326749227027 0.263211484106446 0.831141166937169 0.940479486979677  1.05490948525799 0.884299235427604 0.922726619984821   10.5790156897798   0.42251022640682 -0.539354342881713   3.22872838993383   3.19911248281371   5.10231917962162  -1.22239263446974  0.520868093692369 56777
1760206883356.08 1280 0.661847981195768 9.60584005187954 0.0269353285306076 0.0547270734932489  0.227177117531423  0.440471622885546  0.532677981663483  0.651039188062793   1.04588830118471   2.48538102739007 0.978386123531536 0.209573546378646 0.259406813617972 0.844812195546321 0.928334581666444  1.01950913720054 0.906570161254892 0.922999812315747   10.9154228198877  0.368460828204264 -0.441081421583597   3.65506003897287   3.28801608200033   5.23421064967447  -1.28364225498204  0.419818825548016 56619
2042511792822.02 1300 0.656166360887778 9.53420544143311 0.0256385970991221 0.0516928437405648  0.226855537997395  0.433642359666018  0.515325540060971  0.636123562054614   1.13730766853688   2.33057599676629 0.973049777882331 0.201877725579197 0.256874687068284 0.807637157934271 0.960918175572294  0.99104704560379 0.922380911450503 0.899312013697889   10.9743759946217  0.358278656261932 -0.402102015717156   3.58456539504842   3.64210186389454   5.38951403232302  -1.36755206670496  0.448952791481585 56470
1756954833406.08 1320 0.727030818988292 9.54040169391768 0.0242274254604509 0.0531205021736183  0.217335622191597  0.429205965006507  0.511972684051245  0.591954187817246   1.23795066820266   2.20516244568594 0.947238194009998 0.197468252100739 0.255718871414346 0.795637611268736 0.968132694359483 0.963738788698276 0.887486290520713 0.889844310650559   11.0470096659809  0.308610103279032 -0.397147922429139   3.83477177011833   3.89989162799985   5.38378765180919  -1.25774684048984  0.756367073015837 56294
1679243256470.61 1340 0.699535896844 9.4474302387873 0.0231977776894695 0.0544644507678192  0.273260398774886  0.403366807779822  0.491170359333803  0.592767224203351    1.1714934033394    2.0704930143421 0.927403772428169 0.195002160668119 0.254843209663788 0.797049997962854 0.978891023694124 0.973658121745437 0.865656285922521 0.865044442411928   10.7896278135884  0.389162995997998 -0.526780494645591   3.57758870714564   3.93330362958682   4.94432062760888  -1.23706575502492  0.699536627041191 56315
1926495705832.23 1360 0.730150998800324 9.81863303797176 0.0213409370656968 0.0518840799876023  0.279763671173072  0.398962171485231  0.504648569375933  0.596778499953528   1.09147502214785   2.05738487636937 0.904177603094139 0.187965168439026  0.25533688313168 0.768847811629158 0.973557853792789 0.993670312378477 0.832081402185896 0.877178235560278   10.5721139350327  0.346484462231746 -0.419541636699433   3.52838001020378   4.16804344828978   4.45175524682426  -1.23578989538436  0.952362402075477 56283
2138189921226.31 1380 0.670479982080302 10.2751812439363 0.0196560421396721 0.0554550061055463  0.281068020943028  0.390360623255291  0.478075365359054  0.596434146257994   1.00986727621233   2.07527214473306 0.880738930636657 0.181971001832806 0.257527731179511 0.752449362981088 0.954970870032444 0.977370572908062 0.840497916933596 0.850998049839228   10.7062670216965  0.305692498405717 -0.338256340550083      3.85119376613   4.01529559846853     4.629078510342  -1.47901456675345  0.942513186515598 56299
1633363094779.55 1400 0.586554630907985 10.3531852256783 0.0184278643051864 0.0538544103960334  0.267545290812463  0.368788535418197  0.474853696565853  0.587551492130328   0.99289671763167   1.97525410696146 0.867750930976527 0.182875133671139 0.250835451032704  0.76080173511617  0.92889648785339 0.953513691520145 0.812872541684979 0.815714502984852   10.9077032160892  0.300999763716644 -0.355129194596741   3.73785733886626   4.13880822236518   4.59928611690908  -1.36179026830987  0.908360513038344 56294
1695037320243.61 1420 0.585162376892154 10.2449382860507 0.0173526606753369 0.0516581191571875   0.25077221813607  0.344979245576006  0.480670059101129  0.547430473167374   1.01218512943132   1.82131375559996 0.869845384533996 0.182664003288127 0.240618260306864  0.73195390307946 0.927193046134289 0.964791232194584 0.798149674983795 0.833376039468937   11.1573752554325  0.304487450454762 -0.386402496007692   3.81390345718574   4.45847519069793   4.69163166423277  -1.40426516038181  0.549773445739435 56287
1592193727887.07 1440 0.545432467877485 9.78907573129148 0.0180505462185245 0.0483910928143484  0.242550674097746  0.357096039221415   0.48712324932437  0.552919882178654   1.06987519578537   1.72971170823526  0.86282352565239  0.17530515903174 0.234159450975131 0.710116546353135 0.920666589384336 0.941942984018135 0.808393636958392  0.81391450102226   11.1707533951854  0.334014368263773 -0.348052888136519   3.63712655948969   4.55789739623808   4.43876355207428  -1.51639629051788  0.679603133686778 56236
1730422331790.04 1460 0.509619911930311 10.0415580464115 0.0167810542490912  0.045331680128104  0.232837626158674  0.368219477941808  0.472687323981617  0.531044712035106   1.02614909618084   1.69208216361131 0.854241298535268 0.174097715369842  0.23579891638636 0.707309721878829 0.912001273053653 0.953848151896789 0.814509442142563 0.794457413665171   10.8657396277397  0.342472955859781 -0.420041368178134   3.80671463997352   4.28842979161802   4.80301082747949  -1.32342876424369  0.793040308396056 56225
1748073604191.67 1480 0.543251001803272 10.3524017822978 0.0158522829095013 0.0451463584967631  0.248997478158158  0.359153618970315  0.462605802898343   0.52205366977498  0.999353609760747   1.69892439368005 0.892525278784033 0.170487577513255 0.238295300945396  0.69639179578228 0.888848564077589 0.937215553219914 0.799053294752625 0.767067390085448    10.534566993045  0.367660589283864 -0.457849954364796   3.93847448414388   4.22132442931395    4.8339662293461  -1.34853364313927  0.745921502560129 56294
1808488325089.18 1500 0.499077317047884 10.4860632038418 0.0148980797110268 0.0449880522321711   0.23856311753319  0.355948519348662  0.473437689625933  0.530503276265506  0.966222227814643   1.63815592035688  0.87822178612578 0.171129311343432 0.232356255415454 0.700187475671601 0.885049748697146  0.91161538038855 0.771473386256196 0.758104355855049    10.683325950478  0.321299189513191 -0.414972622154149   3.68819250983249     4.428949221895   4.83474281867397  -1.28618825173826  0.848551308557804 56239
1654054498581.19 1520 0.445530954074998 9.77374945926061 0.0161902208351973 0.0475447143169621  0.227204766322099  0.371152693533246   0.45116182108259  0.556311416921878  0.912904178496385   1.54658992533438 0.835320028701984 0.166531596399219 0.236683295937847 0.715304474453929 0.893262179971351 0.890566663984302 0.784196011508968 0.741934938509833  10.7555464207004 0.312244042998053 -0.34379096359602  3.71376652192197  4.54384495933375  4.69674045770358  -1.4474395061716 0.999362017184671 56253
1539134114004.86 1540 0.379408712495486 10.0626861886497 0.0152269988060307 0.0467870747824357  0.221134835268827  0.368112798744638  0.447669146186733  0.563199554340156  0.845648364810122   1.54185016637629 0.807244950630103 0.160961040724165 0.242780372038345 0.694054783570158 0.895427331879506  0.85562811247573 0.801025510732906 0.759600769422153   10.7527700589913  0.334232967059984 -0.388720170037843   3.62938198101672   4.30977267121896   4.84119508324344   -1.2753412876652  0.866359542105008 56247
1799555477392.62 1560 0.328206512220943 10.0353567822205 0.0150082070786436 0.0457860306682907  0.219600472024833  0.374572834025131   0.46800797865817  0.545709590694966  0.790594568890954   1.51145230783878 0.789008173315928 0.156061640698197 0.236971763506229 0.687421978684799 0.862934167309358 0.825935693522595 0.782374339810377 0.776204990490146   10.7058791879164  0.358174301345595 -0.390034038941446   3.54076480621365   4.33408877131242   4.72944619756186  -1.25948066934229  0.965882319606305 56206
1609681651574.99 1580 0.326714589893094 9.95023846635776 0.0140979577676881 0.0436237715606955  0.211363331460497  0.351403265910201  0.483482787213791  0.515338106112456  0.801913482228492   1.39579996628119 0.780875441201008 0.153817880968773 0.240743421758476 0.672024135176054 0.889782779966999 0.794481441011017 0.785244644896177 0.778889917553619   10.8404372230859  0.322472431909964 -0.326561475612409   3.53563535661705   4.57206443745482   4.73712552639723  -1.46279123850288   1.06834228548312 56512
1792123937039.79 1600 0.34864010928908 10.3147183385944 0.0131781642489959 0.0422103526782382   0.20302732565427  0.343472431532778  0.479480518394339  0.492520046412911  0.813234311241253   1.40206989003446 0.782091484893018 0.148192171056117 0.235542617707175 0.663725913772355 0.876551475625149  0.76954425103759 0.817990503289436 0.769748260593253   10.9695015068637  0.339427514936932 -0.359563776079124   3.59406046361396   4.59230206467359   4.81597275178623  -1.62896236053576   0.94837091364572 56464
