nan 0 0.72 1 0 0 0 0 0 0 0 0 1 1 1 1 1 1 1 1 0 0 0 0 0 0 0 0 0
17981630478697.7 20 0.675987896136789 1 1 1 1 1 1 1 1 1 0.975463158352913 0.981677041607673  1.04116593465249 0.966516422429848  0.97781623662411 0.976261195668165  1.02223016857023  1.02104772159983 -0.0611077140026128   0.280217219363004   0.598780351634672   0.141504464559203 -0.0773225027790002  -0.253929205655331   0.156020285893315  -0.166794062246869 67440
8353233868485.81 40 0.671098541614698 1.16232360797743 0.899578962559901 0.904020674158292 0.908126051856559 0.930141752602798 0.940540983394186  1.02970141085234  1.10266459957259  1.21532773272665 0.961594303533504 0.976517324038101   1.0183316876894 0.937304162940342 0.933291169424529 0.953546059265223  1.01858412766725  1.03079533083399  0.138119197733031  0.584683602096441  0.706924342165525  0.243182413889264 0.0137789143851977   -0.4557927863814 0.0374449144048194  0.428145893198842 70988
5536613449628.18 60 0.745660857577523 1.23125217679981 0.821842723355525 0.833985779570029 0.848617755706244 0.889232825943762 0.894034929775723  1.00480651297011  1.13570410264898  1.24589871205273 0.941368599589922  1.01681646327247  1.07656244559807  0.93678923697105  0.92322614943535 0.964046801298016  1.00678967887528  1.04033344773663  0.329691836060072   1.03930771201312   1.26385066639377   0.52564705014494 -0.272523946479814 -0.577249706892136 0.0716743467408529  0.441963020221401 67306
4078703253906.68 80 0.903872739403644 1.43333468846977  0.77414920041809 0.790189160148222 0.798389079965641 0.849603372067945 0.893833479613855 0.951205086641955  1.18648432193274   1.5904495313278 0.918924961224551  1.03238792158755  1.09590730887128  0.97825433549377 0.942839802980599 0.955382893866781  1.00712567529721  1.06945537639946   0.683121682072992    1.54258951681611     1.6655674873735   -0.11874183251247   0.268076807625182  -0.612952309089747 -0.0252239022816631   0.994733319885231 68412
4116465842262.32 100 1.02221634856376 1.55474145335911 0.715959062440123 0.747669692694531 0.783628378187822 0.826220502692337  0.85809527550444  1.08376343986365  1.28201495268362  1.73063127141505 0.889985564759857   1.0421876230554  1.08856761694019 0.949074759630211 0.978884580712587 0.957918175650469  1.10749425415556  1.03475518227981   0.660552542751971    1.82876678743409    1.79334464390757 -0.0273120802624063  -0.157354923840524 -0.0967414913666533   0.888937989348621    1.22378409539332 70421
4762306431823.07 120 1.04870653108115 1.6036413632335 0.668625102505718 0.715641525721902 0.746261786528177 0.821403591530621 0.859604972770307  1.17715221100579  1.42886638689162  1.71948019003554 0.855941190853501  1.01113033431298  1.07755256196735 0.937539196014602 0.949411118705992  0.95359724994756  1.11028032414404  1.03415994719829  0.837927662622852   1.91147253985308   1.90283427079494 -0.532729019543252  0.392033767480202 -0.476425597206049  0.793718637716009   1.57549341008181 69990
8216805260207.01 140 1.11866817809692 1.69126476234286 0.610867682662232 0.689421963317707 0.704721557983531 0.760968176256501 0.837316191711449  1.15516905946257  1.40228133177804  1.74731156186234 0.827415706295484 0.972841233104043  1.04473024193373 0.952954009151762 0.980969434264842  1.00364013699086  1.12929073829279   1.0694188912599  0.512713567105212   1.76790895065557   1.92058654718105 -0.988899128388005  0.892957039720799  -1.07071719430982   1.37181459737632   1.38458744994939 68866
6121521803753.58 160 1.26592413337768 1.743493150242 0.571158435609768 0.651114126286895 0.689779532420523 0.741716651322715 0.979476499806003  1.32183185716674  1.32790188339123  1.73618934393563 0.813390244697976  0.98834563365748  1.06912720980811 0.936212996419654 0.959308930960669 0.998444218648066   1.1605370598457   1.0612203307969  0.866265252647988   2.55677950252059   2.74504600857904 -0.814151295199577  0.957458288128514  -1.44306342766313   1.96538406501576  0.772483026708345 70396
6838919484546.1 180 1.13720536809183 1.86595242290947 0.534769556284354 0.613742615779413 0.636765542039821 0.725687370832488  1.06577055059498  1.26429604394561  1.34517709434607  1.86194911387869 0.793826020038425 0.958655203486543  1.04713339078307 0.898460994523896 0.923761206366635 0.985860236055449  1.18024265206067  1.03694883189467  0.308776157278129   1.98901127582575   2.58443766027956 -0.699306404139515  0.955804377826033  -1.38516527063423   1.42888262719751  0.751465922710706 69878
5444319442524.18 200 0.997641301622802 1.94556597410209 0.495796420504761 0.582232851743432 0.603929214294922 0.688592881719487 0.999534785223815  1.16291251894915  1.33669016537441  1.87670197735978 0.781935950111174 0.943031031697873  1.00981871205776 0.858705561170062 0.931389429452145 0.942883289339894   1.1911778159055  1.00843445448095  0.608258410964298   2.47534035861718   2.34001719341991 -0.677705976851533  0.590902386056605  -1.13198138820225  0.688691234046134   1.01045196901124 69301
4915321664353.73 220 0.941875504087579 1.95453634919276 0.473491888074593 0.543132354142835  0.57417792260166 0.661355605272104 0.929866644802214   1.1101960066063  1.34914025816741  1.80883955386197 0.752160899918561 0.926918599173506 0.972062611589137 0.831575770517272 0.909489197104198 0.982522607951501  1.17775823086502 0.990452602324928  0.553012563795838   2.57542490738298   2.51902226754915 -0.875078987981168  0.982706490821816 -0.561503049154368  0.806770988673305    1.2906861996941 70772
5330342669574.54 240 0.893154215038054 1.99537233457104 0.440415160800613 0.518612783486657 0.573230889972579 0.624074250257124 0.941104475416251  1.03575796138789  1.33526695434388  1.75351769876355 0.720850578510984 0.914758755273038 0.980047072130076  0.81541621187265 0.891973383889227 0.965246256631385  1.17699205572925 0.986435714058442  0.575540437201018   2.45221143201249   1.90025356286805  -1.14770083931285  0.997039919798667 -0.686789123365458  0.365815388785605  0.728713138322544 65789
4424478748422.39 260 0.851645841556613 2.00048539507007 0.427693246439001 0.480201783366179 0.550576646835432 0.649328389161256 0.940872756558335 0.985141276772161  1.32206998336145  1.71160348729741 0.696641620119942 0.888041052405205 0.967282283574975 0.805286402322537 0.890417501048302 0.977833042676383   1.1884191208792 0.982897666741698  0.732259870335221   2.58690229585169   1.76454152301073  -1.19416457566512   1.49248238280455 -0.389485213277919   0.87354613863096   1.00539680145389 71252
3535663324036 280 0.824946279578812 2.06716586993801 0.391413674382262 0.467755424527695  0.54189910150127 0.641737412291307 0.919364919805151  1.03165368586034  1.31907303698785  1.67257902384841 0.673270937863023 0.871481957084071 0.995347346724289 0.807036235375645 0.868529015898957 0.975501872576339  1.16824412682168 0.954561714766759    0.763398374274947     2.79427784707194     1.77731353064068    -1.49707461047644     1.35100118929564 -0.00557951620933886     1.28323453834236    0.864622253952347 68607
4379823979685.78 300 0.83148945208342 2.15327434050957 0.358769273077293 0.446689575299789 0.497189725352832 0.619125159157775 0.867415267473705 0.990878536644932  1.39319364597634   1.6634661621619 0.642497508448991 0.938062607655445 0.996381335209298 0.778510678276922 0.849564697660261 0.988363079657592  1.20052785113661 0.980466254755299  0.764391783882281   3.35525873849498   1.87209376927535  -1.32684086475404   1.48874134882645 0.0256609382494162   1.65238446512315  0.805355734955079 68611
3662470313795.36 320 0.939067036928063 2.34812786761435 0.347130066463987 0.436315873617032 0.456907620451714   0.5966241313621 0.895679636907891 0.963255277925403  1.38293688613939  1.91397260353102 0.623257394101959 0.992353672046386 0.994970039321386 0.760324174529408 0.826900039769197  1.05388966788226   1.1655981918269 0.988673337760897 0.711030145150818  3.93301881182921  1.92065265547677 -1.47386524634166  1.56617635439549 0.643406509444824  1.78271517746897 0.694634497176197 70216
3413438714369.58 340 1.06283530519035 2.39885522946261 0.330919539729606 0.418772138927287 0.462641712245101 0.632738231113421 0.871550316022654  0.94784839692165  1.50306609251303  1.90427861320367 0.601316518679139  1.09589565829838  1.04164813649715 0.783528336129718 0.800066944016096  1.01890052198846  1.18257071684529 0.951718509316427  0.797125349055474   4.50426418244222   2.71708069621982 -0.818734302437417   1.29439219384506  0.378195810558517   2.23645272184549  0.847451202344288 71005
3989391831858.62 360 1.0032454273363 2.69702459668673 0.309887141318473 0.410225697931513 0.436313085335589 0.595974575438858 0.862174199260499 0.919849805293292  1.45549785682835  2.25410099182434 0.591905956862146  1.08326076413425  1.03875333650249  0.75149207440544 0.767299474889092    1.030928236052  1.16941762826653 0.947489859984163  0.460574550848818   4.03252282048615   2.31066932362396 -0.891522585428059   1.24765189606091  0.292457672378493    2.1162120315682    1.3428592757262 68051
1925547473139.9 380 0.96842254908719 2.71047926772256 0.304406673790641  0.37374522755052 0.448116739365595 0.582916527912179 0.841083366404399  0.87528473544628  1.42245438339205  2.23638385913688 0.580889967883893  1.04478090368854   1.0364221966544 0.746172125810103 0.737145171822501  1.00951037986277  1.17077839554418 0.943244648605141  0.797795863793426   3.71447230059819   1.86995006019759 -0.637289950558276   1.07833512392658  0.162367625077498    2.1690140008126   1.42120440961297 66279
2411878602782.55 400 0.860627830686316 2.74921075148833 0.279657329942712 0.358678135536457 0.482741106736156 0.586493278816815 0.779199592707411 0.849169452926107  1.43323715920465  2.11369477667112 0.568514265658117  1.05184349917052  1.02203439088962 0.735267594358182 0.715609985837907  1.01736430335444  1.15051078019307 0.932919797938963  0.650033361564893   4.42553598525959   2.48010320305257 -0.727581706368687   1.21265105910334  0.224861036798044   2.06893757990211   1.38160969457711 64992
2604766691001 420 0.907472796475791 2.79350323342199 0.270458396964038 0.341138832187477 0.457675208769818 0.590113789872539 0.738528532030578 0.877969252721535  1.36944865894582   2.1105654592844 0.546805198020193  1.05258733412069  1.02697066406606 0.724596627969184 0.746336659063675  1.00523284281754  1.14466270178148 0.933950786886085  0.619630984097211   4.39608966597422    1.9603322729311 -0.623872813608654   1.68903561424227  0.480755623729369   1.59348549539858    1.8365543789992 68461
2559681879082.37 440 1.12237097855136 2.84174136857966 0.251864784984689 0.365545869309074 0.452959106412894 0.595960584577719 0.725638314347308  1.02248126996399  1.28829079772993  2.03393256144039 0.544082773609377  1.04948804877441  1.01776893873225 0.704544440336092 0.814944564974065 0.970639246791862  1.19466759349597 0.913934007753427  0.869962364477412   4.68223965699814   1.39793170181728 -0.936725473474995   2.58841237744931   0.39584765880388    1.1854772363478   2.04657075583886 66061
3352239381789.54 460 1.23150386290963 2.92303390682594 0.238073903083221 0.343986465875968 0.452810534617109 0.577034701158692 0.788309197058868  1.07532305502009  1.28879735835953  2.03413371581311 0.525343505051076  1.03759283121124 0.992292239900726 0.691344711549252   0.7910515927721 0.984715410935563  1.17224409888633 0.916363845417836  0.92886579934779   4.4383703654139  1.09321279505818 -1.33644852744955  2.85327893421664 0.923496786813494  1.22207226936165  2.42147756331353 65767
2777177293086.59 480 1.26222283026794 2.94877949549514 0.223194552789798 0.321352376801084 0.449683316573711 0.553997271704578 0.747538177975774  1.09194320828044  1.29603945524961  1.94074370938367 0.505507134962569 0.999474733573576 0.971591532556838 0.673872417111976 0.760630609108594  1.01800576569053  1.12229164756672 0.930204141375509 0.873929935228094  4.55128118024754  1.20464988188775 -1.22236709214137  2.81832908499988  1.74264711051198  1.24355592373329  2.74250155223831 65801
3818894535782.82 500 1.23002720840961 2.94711682395129 0.206246563942996 0.321381273889816 0.419272250114133 0.570381773463993 0.746799553846339   1.0517855201744   1.2850733303449  1.79135403077618 0.491854758018787 0.992857031293191 0.946155922304682  0.66074466229725 0.740630494060603  1.02995854168399  1.11339163795133 0.891938573859415 0.823998741619846  4.62802325513286 0.946070146027503 -1.58542168501731  2.49248099205783 0.475383071531455 0.605911119481696  2.69393711366297 64240
3029211055529.4 520 1.20291975693783 3.02491711380764 0.195042446250237 0.344715410918755 0.395571798267981 0.540392329434751 0.721124936848321 0.979713888762014  1.24280092068917  1.78466247978794 0.474489459901852 0.981721542234872 0.932436664260205 0.654976113039995 0.705518281583461   1.0199405375036  1.11919434617023 0.927502224762386 0.659024031542324  4.98649788608956  1.72909085024643 -1.14732819536401  2.41026687321866 0.138345073978155 0.981436043008378  3.41847123965074 65942
3545736192741.38 540 1.12871296129406 3.09727353906992 0.183382884116548 0.327838874817808  0.38553087561044 0.513316313388301 0.681279832248781  1.07320506215721  1.21447557566022  1.75921096468656 0.458644880640934 0.947628123353192 0.921361292590121 0.638094203846426 0.711390625885907  1.00447046620012  1.07727029218432  0.92282555723779  0.624336433077395    4.5056734536152    2.2127251734225 -0.963116067402037   1.87107039543506 -0.224210489951483   1.41519690985948   2.82844008672064 67149
4211491453889.74 560 1.05803139128327 3.07932238154485 0.169816576910812 0.303626841103696 0.364632450776463 0.481826616823404 0.654614271265193  1.05016031156508  1.25666457754347  1.61023921676639 0.447901635450516 0.944062356971968  0.92735016141843 0.616369432798375  0.71226503766026  1.01045590651223   1.0600116802898  0.89648105836177  0.49297106172053  4.93890193423061   2.6695617933543 -1.17201564722146  2.29675198458014 0.340200757323173  1.72451477959958  2.72840762811913 66791
2769976426519.92 580 0.937996221155327 3.19594809341052 0.161971293573113 0.287567328555368 0.359817869211355 0.460157026734734 0.641468615817121 0.972080602578059  1.24995371212911  1.65438843309369 0.430880769357299 0.956732852201634 0.923749803992522 0.592144913893462 0.707300096945091 0.970656177478757  1.05396461262285 0.921899497648783  0.644100054791098   4.98926322058654   2.17054723441422 -0.973059105313497   2.28161510598008 0.0611037001254101   1.98500404327746   2.31591537764899 66782
2726721107838.26 600 0.912768329308129 3.28909514442367 0.148854097364816 0.267064576589369 0.358251829494178 0.422541752941869 0.626516213064504  1.10804806125154  1.16653019969054  1.61032548735563 0.413841067549375 0.971550162192095 0.897333700128476 0.578474938199832 0.697977806742194   1.0573356833073  1.02589295794019 0.912499183540488  0.732860570766324   5.04395430696923   1.77403191843853 -0.974319219330053   2.41609625488827   0.98979683153098   1.66503891338639   2.17008285942847 65978
2809071427933.3 620 0.904776126570517 3.40783918157862 0.135558021660653 0.271636961421764 0.333153660557472 0.410755060009507 0.610820075058264   1.1039201864369  1.30512891657858  1.57428517564719  0.40697900615724 0.969206485221973 0.890075613488246 0.554754447776394 0.692954809527727  1.05801185082283 0.998879951292771 0.965332218851775  0.58266261375719  5.51608824901246  2.01379463346619 -1.07482414334263  2.36755936422787  1.13681635907888  1.31603771696937  3.14764699152569 69207
2415487790234.77 640 0.800041488230191 3.49942389162777 0.125525604130485 0.254751094198387 0.322246939329338 0.389267789577351 0.606031006578499  1.20770998705426  1.29146821321179  1.53718247780022 0.395379240065294 0.959841385979133 0.889159737113227 0.541102192791847 0.673229139699442  1.02902695967551 0.977761848974943 0.969062500095168  0.713397630668674   5.10978307760352   1.65026829503487 -0.835764682821987   2.24639829189171  0.788668820271864   1.34468962963273   2.46081180221326 67349
2563676258974.15 660 0.79534027255379 3.70992866097551 0.115704657606243 0.241974027057852 0.306515826581573 0.364481758755808 0.555993388474105  1.14958915687509  1.24148312443377  1.59250923175701 0.388510858962866 0.970225140683224 0.899462817238959 0.534329944636681 0.663797588499239  1.02575352547329 0.974457472449286 0.980769325963195  0.639887644482135    5.5764175737878   2.03354158623498 -0.935760172407573   2.10057976308416   1.21786193182937  0.955071581197683   2.89103804304344 67534
2419406300037.6 680 0.854799577161671 3.89874527547292 0.107831064674557 0.230313071277201 0.286174573691776 0.365397290524647 0.577174733403641  1.18182170814261  1.20332495177777  1.63905533686538 0.374529571021914  1.02612708463804 0.889016921625675 0.545454557712887 0.686497415147185  1.02810496751455 0.998784944131496 0.970546379700587  0.589564799597728   6.18310070993594   2.16928755770298 -0.610692108575872   2.49508794667258   1.41482081319167   1.41599841480635   2.84923352831586 67258
2317962093590.98 700 1.01397127039341 4.26279589507136 0.100197690309537 0.260227042756123  0.27222699128996 0.374718820157838 0.543196513334866   1.1246498245085  1.25293903781645  1.82073519969643 0.382379396286719  1.11577132226201 0.869995768406217 0.533613414154673 0.730873851152639  1.02000337565155  1.05739611302253  0.95627210820855   0.73407879871289   6.80192819819418   2.14476610124819 -0.577527952469328   3.04384905534922   1.44365385319784   2.26835094659801   2.48048784501116 66176
2755824459482.17 720 1.09844185188057 4.50193066940477 0.105337433941204 0.260589618530228 0.263729908470546 0.365489171485292 0.531726978755628   1.0381280545939  1.34000697493164  2.13491377580101 0.372347660492313  1.20700595222611 0.875390164143468  0.52169659972118 0.788396015154321  1.07253627826424  1.05520596769133 0.945816136436429 0.765137277311349  7.36969178939152  1.77045639000421 -0.91772763905634  3.24550983031237  2.23604681726578  2.42784122186365  2.91454773669491 67077
2423316706022.1 740 1.26974492966098 5.08841520499358 0.0972716629124036  0.247284423640026  0.258224774552277  0.358434619087042  0.531401880827493    1.0748588768963   1.32788042607339   2.51855490973323 0.361394474291281   1.2466097675479 0.843442928982015 0.534396814913417 0.832831804232907  1.05719255665755  1.18113562406037 0.960458436654025 0.779371688486268  7.78390216869936  1.63577714954703 -1.26215108816436  3.76018090995234   2.3796351895993    3.633397965413  2.25663824319799 66630
2620886921462.47 760 1.19890288676811 5.68076255241231 0.0913473985450865  0.235398789852758  0.253244145211377  0.344200592916006  0.505676067565775  0.976335950947907   1.45636388125987   2.94787766949304 0.356728854800956  1.22470057719038 0.833497942319517 0.525870497559372 0.815719547623237  1.04098906827562  1.16564349363808 0.961091148110936  0.491583742727007   7.26813853324383   2.33708449751583 -0.809601718477695   3.37896524430436   1.57414430962208   3.06527523928838   2.21970295406727 67322
2476898949759.52 780 1.20351174156171 5.65713722234741 0.0895281639905198  0.221829194847466  0.233983242796301  0.330631724889224  0.477601787414158   0.96924381231744    1.4418773464881   2.86518787681106 0.342275677644663  1.23398692371229 0.805380237142504 0.511943810890172  0.81267396191189  1.00764788097523  1.13371959308019  0.98011377909873  0.482755604121362   6.31018483947402   2.05989207919028 -0.670654645488915   3.57881227061555   1.42211142038135   3.15137873493348   1.62467167715347 67830
3573883582711.42 800 1.2619606539961 5.74792770466589 0.0827003705073289  0.211390655726553  0.287184429083954  0.310247365329645  0.458551571382675  0.913490106970108   1.47646152666431   2.73231048974047  0.33868371833969  1.25186359637633 0.808748719826301 0.509490347691139 0.877298761603788 0.996052572177064  1.28310327495011 0.949684955684138  0.405992831598592   7.34058385902791    2.4122570869008 -0.985142069498012    4.1388022468798   1.50161041979464   4.52361843293171   1.45929342219673 65356
2872778843913.34 820 1.43489381875418 6.52338227189272 0.0755264058200445  0.201627102743549  0.289404090383697  0.322355920551276  0.444456885285205  0.900478462222367   1.45771487217368   3.21398966492452 0.322225717606716  1.27900634708925 0.812118404064071 0.489655578288421 0.944703666211264  1.01848999700808  1.39105127197204   1.0225074188254  0.465177273963845   7.92121560963707   2.61902656723236 -0.832754871990305   4.70977508603587   1.14281774437559   5.29287709497478  0.444265336623179 66115
2933645163768.93 840 1.34663823240408 7.23243650886293 0.0703377951573301  0.193146370682995  0.288069662329233  0.316354836825083     0.426062546699  0.943045234134238   1.63306195900132   3.67923908548762 0.310067930159451    1.358722717291 0.803678766194179 0.467894179669028  0.94489598584572  1.08122532943114  1.37946923451664  1.02710994366257  0.430152048901427   8.20895172686724   2.93951900723563 -0.899474663023086    4.7002671671081   1.18370679151666   4.55491264062097   1.51854164552591 66588
2027834488200.2 860 1.3682724794722 7.80330611528835 0.0639874630474436  0.176542989734052   0.27432439670474  0.298504128834548   0.39657537785736  0.944603351362233   1.77602507115398   3.89629813012049 0.298389515216536  1.37530229465944 0.785232183785193 0.450057264461466  0.94681964273555  1.13708877595102   1.3817126246449  1.06108038057112  0.568156494422628   8.75540559148448   2.39861261323009 -0.723368687508671   4.83022104909616   2.57628798395555   3.77715729205608   2.85423508284661 67549
2051384799323.1 880 1.48243286791386 8.16423268296097 0.0593855724697381  0.175784959055492  0.263568525637638  0.278940132336468  0.378928854496586  0.922115410179636   1.98704280718024   3.95832723827721 0.287742617097281  1.41600768009236 0.769480473492589 0.433353432709267 0.921158959475188  1.19853231874647  1.37665253185648  1.07428686320041 0.454629081899455  9.46968724676442  2.17940237631397 -0.62719236631168  5.00521252354033  3.63706857721871  3.10299559959698  3.39321284633114 64822
2440954929767.25 900 1.32178174634841 8.42880363509708 0.0560067870270073  0.164690212936991  0.264969901378105  0.281024805874551   0.35476208861477   0.90367238252658   2.19793368498527   3.97898710277156 0.280097458893773  1.41936788477958 0.758677784163855 0.426803245112178  0.89779892171744  1.19229234400029   1.3408205263037  1.08055774781365 0.495824223247139  8.87067777668847   2.3276275831405 -1.05146118032641  4.90817462326558  3.27386815821996  3.21125272230966  2.98274246684056 66560
2398414336704.48 920 1.34385434609864 8.75734377891744 0.0516331649097108  0.161527189334839  0.260360665532705  0.283014645884661  0.326605578080299  0.885701260056135   2.11517626514139   3.95980266762086 0.273746657095973  1.50787537129575 0.743671789586954 0.423395220634948  0.85767867810255  1.22973843018097  1.30538555838495  1.07792611305049 0.566239309276714  10.5510480586758  2.43595181136722 -1.07524928972552  4.97839200088985  4.24847573298674  3.32046530046638   3.5588247044714 66577
2022451587128.86 940 1.45985701140854 9.1546149318055 0.0487738200871552  0.157618331548159  0.252106157089634  0.300851488027572  0.317948158579829   0.83119359549826   2.19868424432394   4.08758629873275 0.265645127781512  1.61115420981362 0.753444929588581 0.420304709475002 0.835401382765725  1.34159813183866  1.30540330901059  1.12039483921919 0.670167986404261  11.9985122715216  2.20422450960363 -1.16656253093993  5.13692396891758  5.48588262622211  3.93986223483034  3.92977982998167 64366
2085033662696.81 960 1.64830038490716 10.1518563016278 0.044669762608661 0.151151110786589 0.246411663780911 0.288218365841401 0.310803801435398 0.844080538898014  2.37885464219439  4.60367405950312 0.269021626909715  1.61882573800325 0.769887849088996 0.412343144146785 0.798831634771544  1.32728392487653  1.27263871765627   1.1113288377792 0.821207366699694  12.1967739410602  1.48864658776867 -1.34168053347012  5.00585564635677  5.11559318865247  4.30964046612667  2.76565595643962 66588
2455905784653.53 980 1.97319419372255 10.4369307607747 0.0416603332891206   0.14124129111023  0.241944221650197  0.293556009019461  0.354049671647389  0.852875301855831    2.2468321726153   4.53804026258402  0.27653685253229     1.63828666405 0.804295119679967 0.423874681461301 0.791517622543246  1.31822822097107  1.25528807375037  1.12023199865355  1.04633990174625   12.510087250032 0.609884085147529 -1.75597084483585  4.83607944512321  5.54446463572013  4.66790450803408  1.65967657991056 66687
2673275249368.27 1000 2.30945327255619 10.9639898778552 0.038451218860654 0.133040925650663 0.231946811751968 0.274673029031303 0.390590269088945 0.971298249240776  2.11972395916703  4.62218541501444 0.267325993250842  1.81253552141584 0.787094221409634 0.417944266099394 0.844016603508964   1.4955890034399   1.3643099848784    1.088474938373 0.953008368304028  15.8739204732797 0.713474484071528 -1.77808451347554  6.44582202131237  8.53022105719316  7.18118148056219  1.69625121227405 66707
2573462178674.62 1020 2.64414363043092 13.1365114610517 0.0353450765173034   0.12790625587888   0.22096497730605  0.276636505248748  0.370784670509633  0.935655494305166   2.07949305748562    6.0994268092663 0.260627384465279  1.88891058923754 0.766558202060086 0.402646720915999 0.890248069247872  1.59460847473788   1.4343893689275  1.07204175491886 0.593919065796313  17.5949288462281  1.81638249984734  -1.7217748124995  7.52047133186146  10.2903712151938  8.71721702158662  1.73022622926815 65715
1634948712511.86 1040 2.51014439505208 14.5737966733053 0.0327803102068556   0.11937262552424  0.242728417057427   0.27804620896238  0.360901936250956  0.881930461708242   2.04955794711305   6.96239199834092  0.25366937317402  1.87943633922108 0.754910349731632 0.386594400541383 0.871872185562928  1.56128109125536  1.41948433277043  1.05773757799616 0.625601113623555  15.3984112049509  2.84321586083718 -1.45632233904524  6.17203187883585  8.06936092133461  7.58094611978039  1.87718830686673 66756
2223578907929.36 1060 2.29881704407297 14.8226087860078 0.0312432629943589  0.109577978429996  0.238699734852223  0.279646161899062   0.34382917097818  0.848609150441928   1.93142390487186   6.86444891502125 0.247462490877821  1.83373779564782 0.741911402504968 0.375215566513779 0.835948862444237   1.5618300923267  1.37935801652056  1.02969549524557 0.780288804255932  16.0398752082489   2.2281327390083  -1.3441106068477   5.7487624294857  9.37819973184895  7.28510304244088  2.80133906499101 66802
2192269367126.41 1080 2.08762947825218 15.0730980594172 0.0288881979411165  0.105068733992421  0.227937105712817   0.27474358942524  0.323448253537352   0.84388670128736   1.84875471268582    6.5633490321054 0.248299509609278  1.78809338741364 0.731431146571011 0.365926177767012 0.801904813686337  1.51615593294481  1.35576184482223 0.997590838458379  1.05812102389879  16.3847674410051  1.66088657787522 -1.23339612696813   6.2012506259046  8.66310984027479  8.21061233479069  1.57191391936882 68591
2801082654055.22 1100 1.93559462416602 15.03322816318 0.0274379003813903  0.103638224042039  0.220298116065983  0.268383648587054  0.305906131376017  0.789563053592787    1.7867456171262   6.20090921123143 0.241241990105325  1.73779743049889  0.71435183375464 0.365813109055728 0.786935497590542    1.471200662666  1.31444007457605 0.958463054464568 0.912596882307827   16.926318788651  2.13637269022538 -1.71217869842571  5.78072956689295  9.20606028093361  8.65633547525551  2.05304961973901 64626
2551520986600.68 1120 1.86509366741735 14.9295936217818 0.0260204684851024  0.105234995387943  0.223085657873019  0.265285551858426  0.299600805434612  0.755862492321828   1.67749422689059    5.7997741857546 0.237708367336053  1.79000412813152  0.70279704461228 0.356575099772296 0.793827962809377  1.56323292630756  1.29290116529732 0.917446498252134 0.728412910588739  14.4128617610431  2.13196284784101 -1.73735724829397  5.19902224962709  7.00775909388633    8.008020814992   1.6446943717972 66760
1855830377943.74 1140 1.821291870651 15.7994395934345 0.0251436427621933  0.101284123238251  0.215737686529757  0.254057478498947  0.274755214980788    0.7175184774363   1.60394070557308   6.27641372211597 0.232464633446923  1.76636608402763 0.727594600256821 0.352251593574565 0.796233183638048   1.5934659096492  1.24753475056602  0.90681186387669 0.598608348485752  13.0136144709052  2.76642727761413 -1.52786861993831  4.51672874139008  5.41219925299684  7.66753211993157  1.43763395857955 66054
2672254638691.02 1160 1.75628284044255 16.3316291826482 0.0234256891824326 0.0938211145920576  0.199318456109554  0.242743571419293  0.263773153108499  0.751850994988615   1.55625336682215    6.2481492881607 0.223767019070663  1.73126925521337 0.720957077232805 0.340723747764474  0.77808769096736  1.56918587554662  1.20895093247282 0.901532489724185 0.651066857053583  15.1739099833428  2.85933350258566  -1.6175356390676  4.76539927154969   6.7373387560537  8.18596392892977  2.65057494023488 68296
2208982687256.92 1180 1.7148996222259 16.8210572980652 0.0211709169731708 0.0865321844304923  0.207345064578839  0.233312907630681  0.271366555691566  0.769274599783776   1.44605446580734   5.99026795148281 0.221229311104188  1.74477040100538 0.728073445867093 0.356139253993701 0.780764949413126  1.57507593070478  1.17297554342723  0.89138558117787  0.45914638795704  13.7240487411291  3.57307216441179 -1.00346599450506  5.16266305129759  5.67511644308533  7.78132023590975  1.80849257801779 66942
2462248226559.66 1200 1.66548055234648 17.3406793071593 0.0201947412574458 0.0864979613664747  0.206501666396407  0.226299113411638  0.294148209068952   0.74939077095206    1.3554160732239   6.07254170897902  0.21360668204009   1.7412187784506 0.726444300565221 0.345550654578878 0.762300019040687  1.54163524507875   1.1527617448278 0.897859196116684 0.618023610706861  15.6029543720144  2.70817255699939 -1.27106763613102  5.25807338497608  6.58397144322112  8.92840754320751  1.04625094171105 67682
2209077474630.69 1220 1.66321889616183 17.5133828849424 0.0192542815279242 0.0813869648299183  0.193513465476983   0.21851917050088  0.324024799354228  0.727864108721255   1.34713986902037   5.90564589060138 0.210481902341917  1.81570178363247 0.734448014494094 0.337663564559738 0.756108708897225  1.57094655728427  1.18371361617331 0.859811984712018 0.567108024771192  17.9874494344711  2.79516281072514 -1.27337067606699  5.97109465223528  8.76162257040031  9.92726855807449  1.37169406793191 65346
2201370686986.26 1240 1.5273786527921 18.6286279888047 0.0183793529387877 0.0746665620989612  0.191563322406134  0.202710567068055  0.304882381593252  0.744403315638355   1.25981940188786   6.37810930317579 0.201194696088766  1.78415167284753 0.706553187482586 0.328547506426673 0.732202911210477  1.52905209970023  1.14871973720851 0.850914061295331 0.608152561219034  17.2900994332642  2.47458361034761 -1.30412419883872  5.89457537563354  7.91803630699226  9.14495375004657   1.2441666648593 66462
1962572070988.67 1260 1.47187728711815 18.6683522841959  0.017480432498566 0.0722860538304907   0.17900680174324   0.20331070779665  0.277234295104145  0.698830823172597   1.20836177615907   6.09205967902041 0.195543133741008  1.81956477530335 0.689322881037582 0.322842858881633 0.730360085769596  1.54329821838124  1.17564235326524 0.834277786657468 0.556344194840643  19.0139500763958  2.76514256135249 -1.07267487384243  6.24687560843272  9.37499105687549  10.2336597843228  1.78955089809824 67857
2072091284371.3 1280 1.43552569124929 19.4802009918778 0.0167960360993032 0.0726848088730715  0.176453583596437  0.203452556794558  0.264212875806568  0.681839150727533   1.13262717501104   6.37373006146749 0.191605626484343  1.76702756169525 0.670353143011437 0.318815122575787 0.720655893156779  1.54181505414383  1.14347590937399 0.815927553184358  0.53108875539505  18.4541997683072  2.59183261282382 -1.08072322003346  5.75648839714604  9.61292423930558  10.1234478292849   1.3610902110157 69483
2145282987269.71 1300 1.33521665232451 19.7834830917259 0.0156618149187314 0.0673942382082153  0.186438520211687  0.224176936308107  0.255226804929382  0.642779178288805   1.05843327374543    6.1298182768993  0.18571716258675  1.78904693131553 0.649171400343019 0.314596267281302 0.732018794039746  1.53651545629935  1.13745874595107 0.848828977999562 0.479495757776657  18.3543570648877  2.77171284584891 -0.99114776431726  6.06616050887033  9.02492063581147  9.71616615126444  2.28581037879759 66401
1883478348007.1 1320 1.25566000615842 20.5780471946579 0.0146566931977917 0.0664891308643679  0.192609679452809  0.235745449541424  0.245643158136976  0.655801168038111   1.04921806011155   6.20646506090295 0.179308837419812  1.77092204108452 0.631027964070957 0.318050141979653 0.715076609493732  1.48887573315432  1.11166843907185 0.847842271422509  0.425763232454165   18.3848663513633   2.97786768218255 -0.827563724445598   5.98321290673287    8.7651691084363   9.29692945623108   2.51425165004151 66926
1964543733508.66 1340 1.10225777164712 20.6545630278358 0.0139438561939593  0.066489672355466  0.183411917926069  0.219172621888771  0.254869341245052  0.645618541448825   1.01828943941073   5.94860207041995 0.174693644526635  1.72451462312249 0.620427602954086 0.307696329637557  0.72970286863386  1.46894895366752  1.07507449851845 0.830286533115861  0.483993850617003   18.4876482966452    2.7664314883516 -0.877169681221636   6.25791270777572   9.33928444215442   9.25625543564277   2.44604420117082 65887
1983397951301.81 1360 1.13277695935238 20.7739025133057 0.0131372625663903 0.0631812276775415  0.183013436685916  0.205744324703625   0.26786538730521  0.643786274014709  0.973334609462145   5.66945168357718 0.180697813587703  1.70013616082549 0.634117330330707 0.299598510828872 0.720180427991643  1.50419555926627  1.05203912383979 0.873684535894069  0.316434924374677   17.5292005851407   3.26321388289973 -0.836315426256444   5.69672804701778    8.2714902307748   8.76835484192992   3.24578705349833 66635
1691212657047.36 1380 1.05964953040665 21.1597899246164 0.0126785215168187 0.0596734407601744  0.180194909147719  0.197046877991614  0.254645951712466  0.663875236206624    1.0215993926751   5.67663950721653 0.174223008683227  1.67494102230129 0.617788144323951 0.292633734231465 0.713095361945236  1.47237728108191  1.01634272879012 0.855231693335684  0.346200052031883   16.9480223994643   3.35851030712902 -0.778640427966647   5.49542601071784     7.893424060442   8.85957466917219    3.0996246689981 68052
2022352397312.05 1400 0.979739062129676 21.0488913566963 0.0123170265544721 0.0559294725832028  0.171746810469316   0.18736127800247  0.250065731267573  0.629794449711807  0.979506264220952   5.45713039053435 0.171337604421876  1.66076950113246 0.603719049034653 0.283882898840439 0.696835954096267  1.45467901683301  1.01174503515724 0.835319316893667   0.36013174044402   17.1878608250602   2.96451912456668 -0.889382832017204   5.67979576242308    8.5232182917085   8.66320245245287   3.24334033968226 66583
1819792529190.66 1420 0.922529091792772 20.5126708201893 0.0127503347385884 0.0523798855712098  0.162450633453612  0.173792523019068  0.238265261153361  0.612421161103417  0.938622002133594   5.36495406610583 0.175759737648383  1.72165792489609 0.599281593662886 0.285272535216467 0.690680187763328  1.49609668284784  1.05155702013926 0.803537622149619 0.481203898166544  16.5621048557671  2.69082816972326 -1.00610001667734  5.46825277376176  8.24793225157561   8.2649820909418  3.04028734322555 69197
1445004655561.19 1440 0.929476053721058 21.5484903627565 0.0124098815831494 0.0493387606206224  0.151801053937029  0.178584744399653  0.238742286719448  0.639003834422622  0.870052458192803   5.76237260672347 0.181480934073861  1.71132210370584  0.59979085325644 0.283561492572452 0.680850033385726  1.47786320496796  1.04187977601513 0.785297717457663 0.577013043508754  15.9968092004616  2.58051558295096 -1.12245994648243  5.37898588567983  7.69908561101253  8.07972066704596  2.71946787190285 65925
1994056592401.09 1460 0.884258180067096 21.642336901833  0.012120227424833 0.0466773918600883  0.138054032249561  0.176460484657606  0.220330195946617  0.639632122073325   0.84128042670017   5.67700237214536 0.180568913957535   1.6735295367646 0.596325466778774 0.279876580625888 0.670245743218506  1.45098378443166  1.04750366275673 0.805700655227376 0.59387329082446 16.0229167689085 2.58252245443066 -1.0917138637078  5.1799129538711 7.77608515796808  7.7154970046913 3.27805608492695 66470
1850841197107.6 1480 0.837037969489751 21.7575378491921 0.0114930267827874 0.0463755674146912  0.141312404287734  0.166690314845207   0.20914945016003  0.636615795987181   0.91591625663236   5.44068915802185 0.174543434877001  1.60692206864506 0.580348348080317 0.269468963409322 0.658718267105841  1.41910387808619   1.0099039426917 0.791153448797135 0.594185074881417   15.872545794103  2.74045482002307  -1.0433935064572  5.01432501304308  7.22665990199908  7.89429031080497  3.24162466562174 63373
1750747026656.91 1500 0.829937550749577 21.4779552261854 0.0110053621405744 0.0433149961704464  0.132637712747656  0.157135028827083  0.209267619994565  0.617261221823438  0.868253319383829   5.07680173685609 0.171761926892229  1.61271348672264 0.592683015944697 0.262398152646151 0.681794976111652  1.41507543827533   1.0099430670113  0.77777521584682  0.64894366942609  16.3264126980124  2.33073324152138 -1.07206655839604  5.23441353705736  7.54685331152957  7.94768230843577  3.16915967736883 70677
1896237292882.88 1520 0.859379279579267 22.1389665745283 0.0105362438123911 0.0443288504421287  0.126643649495448   0.16556246331284  0.213380761613233  0.596697423406372  0.821356026702636   5.16416964935414  0.16715652078854  1.67465474582321 0.597676512264596 0.259685895133202 0.690192631923367  1.49861991176391   1.0027324271693 0.755158954965967   0.63273471991061   15.6423145987194   2.28019675366639 -0.981141164269522   4.87411530724331   6.81474526879651   7.67736774060753   3.11515041086449 66809
1852538004547.64 1540 0.867227226324819 23.7002863367747 0.0100690204757689 0.0461370129451861  0.117320664557545   0.15668373280155   0.21934331293233  0.566459000505875  0.783211157972289   5.65580477226236 0.169876266914275  1.70661949833422  0.59775613667311 0.252690399473732 0.695856206558029  1.48364655449116   1.0417770809845 0.740424394745083 0.713168029412489  14.8667011546296  2.04198982678072 -1.04367437001494  4.58515290221068  6.55804324804001  7.03904711428949   3.0098844180805 68465
1913545214219.57 1560 0.878116182157641 24.4491283003585 0.00973890489863176  0.0460964532352715   0.108096098592368      0.146151384323   0.208429304632504   0.587990570476422   0.753494337161679    5.82152657140898 0.170773644582387  1.67625398947616 0.616064542176185 0.242772765527744 0.681861672823586  1.45736764181509  1.03673433651632 0.734595397445951 0.729642870483994   15.160357347942  1.79742095574357 -1.00289219408542  4.79223659916562  7.10949445685817  7.04912716485851   3.1286446619768 71228
1761386270721.29 1580 0.787219652206563 24.5008527973541 0.00937669169157451  0.0450539631286728   0.102749491914026   0.143468624762427    0.20497819839754   0.593272435354302   0.753119053052746    5.62875101916232 0.169007165007956  1.63016869892536 0.609766886879025 0.236484792598604 0.669368598515706  1.41093302505744  1.00919423201815 0.732166749962914 0.724978932740775  14.6736975438183  1.93776013277898 -1.00373820665723  4.71500716860773  6.62427820252473  7.17982209359036  2.95656705217869 70809
1757372990622.97 1600 0.762214235854873 24.4855335537646 0.00877934553554802  0.0428841213500859   0.104633467810647   0.141102679700048   0.209111712039756   0.574694613655324   0.762294947260979    5.26358070445875 0.165743516916632  1.64390122757947 0.610913544552397 0.231224988998102 0.686264855546624  1.45405548497851 0.989762786777667 0.701444589281267  0.656752285544468    14.256540244344   1.98072752303917 -0.958172987958518   4.67310232655932   6.33147018151111   7.18821652671939   2.90281056077086 71790
