nan 0 0.72 1 0 0 0 0 0 0 0 0 1 1 1 1 1 1 1 1 0 0 0 0 0 0 0 0 0
41489503010414.9 20 0.660058661348772 1 1 1 1 1 1 1 1 1 0.994988600559927  1.04508215540622  1.03314120032282 0.967377863308759 0.982043452494431  1.04403932775449 0.958891660937493 0.997674249068483   0.122901666612699   0.166136389486144  -0.481665352584421  0.0603118778136709 -0.0419468335861823   0.212164642376036   0.055063082253659    0.37867858218907 68150
17145004989122.2 40 0.568587235748771 1.16344892682191 0.897197728788546 0.910161389104418 0.914854541564308 0.931364128401966  0.97116973379103  1.09473818452854  1.12070970307968  1.21445887291356 0.979576132463355  1.01766329067733  1.04536115594946 0.950724377335031 0.938885418427815  1.01930081166398 0.931533245894981  1.01232787648041   0.326023458605663  0.0666936006227818  -0.166867121673139  0.0179022358417277  -0.159862093966187   0.407762693343164 -0.0841186687869664  0.0783827830609434 68389
20990951947621.3 60 0.553258948793863 1.23599087207225 0.826889924721442  0.83965937226492 0.906806582806267 0.932763334281647 0.943253725418018  1.00646384990704  1.08585209004842  1.26321777236559 0.937429542295773 0.970597582541401   1.0242036689865  0.94828958806181 0.926759817091214  1.00641208491101 0.930069610113214 0.985203689643541  0.345513351668049  0.097764259710491  0.029479764909959  0.376121703244613  0.106299122751571   0.55533062841893  0.205815233568024 -0.152042202941448 67066
12144792753855.1 80 0.614555821673615 1.27356552001687 0.769033329280899 0.814826604992021 0.854506196707491 0.863062181513604 0.930187207823206 0.991486014766112  1.00603508734736  1.24734832293849  0.93495226734992  1.00067462901954  1.03243272513649  1.01316263622478 0.935036538630923  1.00238543521522 0.923183968765854 0.970779937169114  0.560985245706942 -0.279908449762352  0.305185986219736    0.8356948895928  0.234202649827136  0.659219769123078  0.154725045576764 -0.306574480042165 68125
4843842478007.36 100 0.730180502999231 1.43304663745456 0.739109595050537 0.755023696219133 0.833412576895758 0.867771008595494 0.918826174221662 0.971338514865357  1.03831974841244  1.51785221640331 0.933086348964819 0.965447490839759  1.02402339741778  1.10989999731109 0.952655237909997 0.988747548477804 0.957127275985013 0.958385684696503   0.842989865648914  -0.141827138501423   0.517783755053141    1.37222070254181   0.596164874374274   0.848077855445663 -0.0260330945394062  -0.127093781560123 66727
3611309476833.09 120 0.837221586236927 1.60919542293798  0.69436625867551 0.712070418233443 0.785696543697937 0.850976065731335   0.9444523915641  0.99902067364664  1.01835971568091  1.79806830745752 0.958028055422267 0.941083899828909 0.991387216335936  1.17607614958837 0.958116290567325 0.992421896426916 0.961270247903495 0.918353146019617    1.18870475570361   0.235015041775183    0.22633207259913    1.77081134465538   0.880625053831882   0.793007392259455 -0.0756804498081374 -0.0154495479801315 69463
2610036130886.52 140 1.03988531411424 1.76378765766434 0.638075549933698  0.66778666013118 0.735327528005745 0.838439982150801 0.893151480198974 0.971175823666726  1.11078524193777  1.98501915488006  1.02230708762193 0.910532239395467 0.954454413304881  1.22419960407844 0.990553554699538 0.995988127690003 0.979326964555451 0.925381434302929    2.11566703132937   0.297342108801046  0.0561520028103973    2.61235401951205    1.14924238447329   0.843588579796188   0.076442549322048 -0.0097277945574059 68479
4595919118802.95 160 1.19523591054301 1.93749435392146 0.608522608962143 0.655643497426689 0.707178967764868 0.840461387444929 0.890402368158069  1.02446590607797   1.0614311884604  2.28432351147372  1.02562090747466 0.878653223653343 0.973584535506263  1.18313730540935 0.962601958164152 0.980968707068118 0.970095628674687 0.918848073910919   2.35017310406736 0.0506396503636518 -0.862659585050997   2.62830914043062   1.16216250866382  0.640723461839884  0.731616504431999 -0.283057570756336 66409
4798049551557.87 180 1.4291650009743 1.93500145696403 0.567758435321996 0.650901267951484 0.684460933520034 0.815193306532841 0.832303527522712  1.02335106836946  1.14609284233446  2.12581852877271  1.01212456118276 0.850993085462598  1.01590242054764  1.23869452025811 0.945406323916943 0.984173327427574  1.01614432788031  0.96451378184248   2.79003807464716  0.535467931997775   -1.6053944737643   3.47339709466095   1.32429110452929  0.270802229249764   1.27322369714641 -0.032248913199332 66213
3939871590127.13 200 1.47795128033459 2.0648906002925 0.539142154268084 0.623011407228063 0.649342551924799 0.744542057409796 0.822208627338435  1.11704532173777  1.34616160410776  2.29877986360131 0.998153471534119 0.814019219145096 0.988504801992582  1.23120988901863 0.987809473890565 0.971879178604776  1.01592168982059 0.954548645736589  3.27915594607302 0.160050699196647  -1.0013032683906  3.89987118222938  2.33008882248253 0.534801574865235 0.962491516381132 0.311628300727149 67834
4159125521936.96 220 1.50546657100544 2.14625077052842 0.511392383315752 0.563059053822467  0.61092051568928 0.701343895200933 0.769349529370352  1.07392391008041  1.42987060763396  2.35567397257865   1.0295095500374  0.78566794772905 0.960035797648466  1.23079441265776  0.96688573324508  1.00354944925478   1.0127127285409 0.972054723663575   4.12831359610455  0.264727524909892   -1.3575525067865   3.87079314703715   1.73830938524719  0.401646140129404   1.15372614032929 -0.936705822107558 63192
2922607133906.71 240 1.47519748002509 2.2334134671623 0.479521387051009 0.535725856561613 0.578038310291339 0.741674286998364 0.858511567802011  1.05578758458885  1.38496788100752  2.39191775700025   1.0156775329228 0.751568543314748 0.921905920101908  1.19449590183159 0.971109177017078 0.985159578282153 0.972734046248234 0.942811104176152   4.26297970093656  0.446263911267979  -1.48171431343658   3.78210800770739  0.749572216091325   1.07471221215692   1.30463796702585 -0.739886193036832 65873
3092663066755.07 260 1.42209290677463 2.18933312476242   0.4664871147448  0.50972906641745 0.540905569479934 0.724871531646878 0.846803135768814  1.02046019271294  1.27667074172625  2.23595648995491 0.992357394715528 0.721056730615994 0.896748920670145  1.16229056966106 0.949954923609803  1.03639783261764  0.95599040828765 0.919403526330999     4.494511969608  0.512280926204116  -1.38059167678073   3.65508541275323  0.801934570713065    1.8944009983281  0.831821390410363 -0.981955104063356 66667
4210153222720.3 280 1.47433510325995 2.20410271930524 0.434682284427475 0.492714704867328 0.520820032216998 0.710103242991679 0.829236864692615  1.05858524189085  1.23767051819135  2.11171644269393  1.02971062883815  0.68935852617583 0.874115808695789  1.11819612057854 0.913287042978129   1.0306365093097 0.936562312638099 0.927904155351703  5.40300488762798 0.349007501175968 -1.85973056812212  3.58743118641374  1.08947701936846  1.65041009606504 0.528530655944142 -1.56884077506652 64352
3868682246090.09 300 1.51524876040988 2.23056955187984 0.407051063860925 0.460162621330163 0.525235616145479 0.687489635038252 0.809042766714757  1.08400098914365   1.1861790405831  2.02525835919283   1.0063373602023 0.657764397061777 0.878548527310763  1.07048355138806 0.912535849805919  1.07131783006973 0.920521246235357 0.920972705279302  4.99757486549933 0.505990721791559  -2.1908157303127  3.42713709166395  1.84809515705139  2.62581055945897 0.994176004330673 -1.78987161305384 66327
4560856364032.5 320 1.61389873809199 2.28963416793487 0.369811312045287 0.433662743724776 0.529356758736363  0.68867873960164 0.799398967609645  1.04237297767412  1.23715566454713  1.93870792812082  1.06330474360947  0.62778472806908 0.842058146914888  1.04722378734359 0.899900295945141  1.13375550996796   0.8978008831394 0.930487870182277  6.32526280936783 0.272308635489796 -2.25497853158607   3.8513765450333  1.03998117460581  3.74743233984784  1.40787593795651 -2.13637715065912 69444
2789647851419.67 340 1.71464373005622 2.42798942284491 0.345767788376816 0.412877579714552 0.548406978184029 0.634631032217043 0.786124056386482  1.01014485454206  1.32124716383134  2.03834697423795  1.06694391413845 0.598970902670086  0.83614464881753  1.04422545497165 0.882517229993649   1.2048141286768 0.873645188785505 0.969219613724447  6.13409523896977 0.299921374382126 -1.89101132425365  4.17334068781436   1.3373128379994  5.02696728131742  1.52235211025381 -3.06989167957409 63592
2771457776531.65 360 2.00872596997779 2.57677269384522 0.331819358761998 0.422355318893023 0.535391725806208 0.594962847857614 0.819245044835453  0.92734734418449  1.38541473258168  2.20320008121011  1.14271672860496  0.57257163058264 0.824962477485541  1.03196810204593 0.878271760617554   1.4408826262098 0.864216457952066  1.02229661752807  7.38284955967079 0.184547070407467 -1.98849455259067  4.67390948309635  1.54820460130357  7.34281534480436  1.76315180367497 -3.76177410110613 69913
2447073981648.3 380 2.11303841561745 3.16764072850121 0.309242867218534 0.398141093676691 0.516889302776085 0.558885216291506 0.819444823800509 0.859678713742077  1.45341673528062  3.10292678251107  1.16038980080529 0.546328779783772  0.79926276624471  1.01514285030362 0.877176126313034  1.47635643425829 0.841215918899311 0.982313591958687  8.29136826178926 0.364376610880301 -1.41774264404092  4.65669992293888  1.93546206775845  7.60299656470204  0.79177864425971  -3.1364394920712 65818
3069455588650.48 400 2.0861219540983 3.39164644764968 0.281875022322315 0.378125420183633 0.506675149819698 0.532027698478303  0.76840090476197 0.865944628666962  1.36043401486623  3.24248325506732  1.14798518873619 0.521589011192893 0.763849834142427  1.02853564841446 0.889846667639472  1.47602173630933 0.807775058337503 0.958193446941884  7.98739980192146 0.554617002865528 -1.54524793979258  5.39995137579462  2.80954037755885  8.02029132058413  1.11672608508373 -2.37338004560497 67997
3777812325000.12 420 2.15586571901962 3.53150173796109 0.258397892507463 0.353405400976887 0.485321370168188 0.518822739412591 0.770919590753603 0.872495541386362  1.29040670301502  3.22261048571471  1.11886210725631 0.496615685733261 0.737967959655597  1.01522247813693 0.916922113172738  1.60961759716517 0.792103509700817 0.958764048108998   8.5675532015378 0.522134099649938 -1.34487454599363   5.8544929101395  3.67787308257982  9.98888214307807 0.349822283460888 -3.02828580724346 68676
3993596958967.37 440 2.31767635317277 3.92103984284261 0.237005991065183 0.333574113860239 0.450500740056691 0.493285664470263 0.749260061583705 0.883409232887258  1.26112730339277   3.6438612774026  1.17727094050133 0.483598561899314 0.731829096631657 0.969592966647037 0.904370881833244   1.7063538153746  0.80422912785503 0.963705562043395   9.85340752984476  0.707324551256315  -1.62907031542318    5.4091258705878   2.98957516520476   12.1826405456026 -0.510714595456967  -4.21543185615867 68546
3083427229283.01 460 2.63073590124227 4.18996763419593 0.226259077128234 0.343219401562936 0.459372020290366 0.470840332799508 0.773083120414822 0.864580112153765  1.29104203828292  3.97216561699068  1.15775480870791 0.466277657767747 0.720551961315976 0.934951687670846 0.919010265193049  1.75303291045209 0.837831920436192 0.990680412486121   10.2875012626597  0.916086044911298 -0.620033375536636   5.58332110779604   3.60136293459664   13.5468821523998  -1.82677101006882  -5.62267107943052 64276
4373855073553.41 480 2.97154595516364 4.50519435868032 0.209300869992585  0.32155986403168 0.446164935595646 0.523328942813292 0.722815028762058  0.83200130441912  1.24895123339394  4.24813291869001  1.14304880660415 0.460914657386598  0.71003409931307 0.914599354957993 0.895125958864395  1.74319963781207 0.901767802843117 0.976471143260475    11.1755834292987    1.49158650201055 -0.0938687511594095    6.55662485571423    4.26813895523256    14.2430413824353    -3.5571690160244   -4.38040609249281 66832
2932833398140.34 500 3.46656295221981 4.64547989632936 0.196658017034975 0.312619573526795 0.410181589299961 0.491901922527217  0.74716403792242 0.909027200078867  1.15479239560995  4.24397508531566  1.19449664264374 0.451449654740837 0.720770344576789 0.895506446228857 0.926868731899236  1.72822151988904 0.916276199538398 0.974698168673586  13.3260008512854  1.86438521956746  1.11677231710718    5.980247430801  3.15061288051283  13.9262107969361 -3.69247092125716 -2.83729973949247 65745
6655621546746.79 520 3.29255022779568 4.8221968866359  0.17972011691138 0.340651859340912 0.385643303175999 0.478516146932525 0.910586577763944  1.01847286808372   1.0947770726921  4.17913662184725  1.20816813760634 0.436020662163457  0.70290778758929 0.869481715239375 0.891627431643215  1.76911339117748  0.93786353447304 0.995332470426932  11.7158363471712  1.57335147871995 0.953562906189564  6.51071934155533  3.01598826907367  10.5125208136049 -1.67342550139685 -3.13976852130036 66137
5143527906473.38 540 3.18724625578971 5.11138733549939  0.16950116693639  0.32504432782113  0.37545245353332 0.463252455907814 0.866028925316313  1.00293868790504  1.06424543245622  4.42843503135629  1.21874471028889 0.422934703122525 0.689788105419343 0.893200385132229 0.902189259114446  1.79646779270427 0.921460354434151 0.995056915590337  13.4020523359352  2.07194939356147 0.644671678940929  5.03986108394156  1.21065859977244  11.8185196562228 -2.33429978293493 -3.08919441231284 64038
7319033687503.54 560 3.23908802186352 5.38991666115476 0.156461425417495 0.326440857326364 0.360769209526087 0.425042232157829 0.891638088128648  1.03149196828204  1.08106023439794  4.54539241464776  1.19376124418116 0.429311172605748 0.720843201603465 0.898843036165632 0.919549497436666   1.7905991431482 0.910907407620798  1.01104741535517   12.0592928856068  0.999969966279865   -1.5240023610098   6.87353824886037   3.97106196042622   9.77414739890023 -0.473196367019625  -5.13199988313488 69257
5212412543249.32 580 3.50808107967027 5.52091942913582 0.145685245631565  0.30391645349637  0.34102410434924 0.433186273310513 0.844483422166034 0.983879267195388  1.34795209148742  4.44056660939184   1.1886952848754 0.411316133957505 0.694927348625959 0.893817957141318 0.933779363752557  1.74346596590114 0.915151619181108  1.09185118852335  11.0519854733252 0.956022181274138 -1.30774440074826  7.22992796678926  5.43586562184584  11.5485444426344 0.337405672112852 -8.27368744915035 65763
2448618971268.99 600 3.79662885799031 5.62465487627558 0.133426810911831 0.302160740230022 0.327992701138236 0.445484295028111 0.810876427580802  1.06806340249353  1.49607694735511  4.22118965637309  1.15376407151878 0.393534152209073 0.675609023710885 0.871263403414711 0.960786355708648  1.70480012463798 0.884027617208191   1.1593987705367  12.7690130557279 0.739907349137793 -1.36165574205906  5.36101375452815   3.2882553632532   13.247965991908 0.399755924854071 -10.5512066078754 67385
3548579416240.52 620 3.81203055979827 5.80353782773022 0.120155507759029 0.276466560251523 0.315796398738976 0.448986421459383 0.897772655662172  1.13189201250003  1.41871897679144  4.04696382295967   1.1265483098013 0.376278226501774 0.667536398677417 0.846659293854622 0.960384480173444  1.63992691126488 0.858046307090295   1.1633850452437   14.337142244298 0.979622882995311 -2.41515264770417  6.19946947428453  5.14843985289008  13.5861089300455 0.449925522298363 -11.5174772927845 68793
5722372618109.92 640 4.07431314884376 5.87675944491227 0.110650164133194 0.265254614031678 0.297435490665831 0.443767455124847 0.872891509296645  1.10981898700847  1.35327439623484   3.8214474376464  1.11449933388649 0.361357253820312  0.66725192992687 0.911458197067621 0.998051367012231  1.65003395956802 0.915774495837533  1.23748756815813   14.587621281177 0.911173296534458 -2.38407726652268  8.37812382138473  6.61421397830877   16.023974831918  3.08952263966038 -14.4386822457224 66622
4006717766188.55 660 4.23105436431742 6.28417964175654 0.105009291347322 0.258377768083472 0.319723402360392 0.424015481065427   0.8413230820301  1.15715356039933  1.48489056569199  4.14691286963196  1.08674781971284 0.345362308444351 0.651637256249558 0.921016700836486  1.04621882479195  1.67412548666902 0.894675187775553  1.21676546115937  14.2533939861206 0.916508350112097 -1.82328507523057  10.5314028088094   9.5386926291877  12.7756811849317  2.01071651342627 -13.6771240778929 66942
4187627120476.37 680 4.39532865804553 6.45715603875494 0.0962026180581456  0.262053780634174  0.294090613877197  0.427571056460225  0.808461390784079   1.31063140455311   1.54126472703729   4.01115508684799  1.09196819598401 0.331378380191578 0.647482951832845 0.962068135806106  1.11403546858973  1.79355101092377 0.860906260499314  1.26855937719045  16.0136342404958 0.730673352536603 -1.35229984713453  11.6749858905451  12.5004045895081   19.533779925616 0.769828363503048 -16.6601620180741 67266
4201744428219.69 700 4.39891146679518 7.33426434764798 0.0897164290157948  0.257915326494176  0.287148386524137   0.41029782790146  0.810833263402911   1.21806628010457   1.55536533902906    4.8259753271608  1.06474806024755 0.321514217797133 0.628669822440633  0.95462710399428  1.15607709228216  1.77826295753649 0.854042493864146  1.27609850276334  16.2517335279083 0.422292209460148  -1.8529015104629  12.6420360100044  14.6156089646892  19.5396004882944  2.21532468050992  -18.183159326921 67227
4623413173179.1 720 4.44556498778845 7.67844364238807 0.083078856489039 0.238663735639722 0.272880801877986 0.397563029181391 0.759222769780533   1.1673324523393   1.5832016996846  4.89820449190862   1.0755192553753 0.309017148843979 0.609088423929192  0.95674938693176  1.18520430685308  1.91382294898051 0.840738715703066  1.32095002310252  17.5472539158192 0.345800407288032 -2.60682956207692  10.4402927574433  12.8541022485294  24.6551114151132  3.09690483033455 -20.8633370266145 66123
3330870115698.34 740 5.26176624035443 8.46220937839285 0.0767208908961161  0.220231185174811  0.300124767258028   0.37621820375294  0.712646644895559    1.2366967803731   1.64122565075455   5.49390532206056  1.07018987378122 0.296128221361035 0.597829507683058 0.956441699373531  1.16161175793849  1.98413919115267 0.856504147135049  1.44976580607079  19.8495053482153 0.467931173416668 -2.64209904434127  8.43542084324992  11.3636484593944   29.830251509272  5.45700365217431 -26.0528026676253 67100
4211243019722.55 760 5.39510415453169 9.18225784054582 0.0701022286595499  0.213532391744248   0.28251439606068  0.362703611385408  0.675908155601112   1.37523185048107   1.73616752630517   5.91058942631075  1.02853938872816 0.282700823203994 0.581569376142012 0.947023353726136   1.1478630931322  1.93483088204366 0.884422103604992  1.46618868120139  17.5088433149658 0.339968305426158 -2.76594772590079  8.97033601791301  13.0639161466607  28.3428665551459  7.29859336959464 -27.3970175787948 67788
4413809656684.89 780 5.42703654419564 9.42850158369208 0.0644888765304749  0.207352304863784    0.2627248533441  0.365558939504128  0.642768783650941   1.41534716164693   1.67487563350388   5.73284457724319  1.01990252709916  0.26848216778594  0.56290509448692 0.912625379803501  1.11732791814079  2.08335425816213 0.878597631451612  1.57701332141813  20.6018057891553 0.312208039599104 -3.02426532546543  10.9570764269136  13.5933324273235   35.794323827855  7.02606036226912  -32.414004298954 67156
6102600995741.12 800 5.79190529666263 10.5980939994605 0.0589807504261473  0.193658609944303  0.248759314668693  0.370724163561407  0.645173594105494    1.4176803506825   1.55005165616011   6.62469408449618 0.998014793593615  0.26024443573821 0.550379259183482  0.92053147672952  1.11767567788522   2.0466976216183 0.871621658739774  1.62399380115033  21.0455717689085  1.04096983852398 -2.07767929612587  13.8305447682333  16.6614659917663  33.7629511350225  6.21094805453559 -35.1273712501766 65408
3445182442468.77 820 5.20910393718843 10.8216890640728 0.0564358969199062  0.183054250460729  0.262394401519984  0.369023683964746  0.634582052176977    1.3498852074712   1.58478212047376   6.60914886759948 0.988068634623399 0.248677418994728 0.523418499292023 0.934036237807154  1.11865457953198  2.18590408806469 0.844308108761398  1.62576632783464  21.4699907220254 0.522089537489833 -1.85856914238642  14.7840545657177  15.7562247772651  33.5985732533966  5.04321962145318 -32.8096966248464 67277
4298464802462.49 840 4.9893169329383 11.853491350882 0.0518373739325773  0.167181539502452  0.258434633785813  0.353835911524063  0.617546677792271   1.31287812890054   1.52490996746069   7.28342355725106  1.03066954468506 0.240967919937944 0.504527415490333 0.942546799312469  1.10189654593148  2.10911901328579 0.811630882858194  1.60722908770659  19.3760094642364 0.421526364540362 -1.98908045033226  15.9505776062753  13.6260970927877  31.7982223651188  5.56880888913807 -29.9640240769522 68683
3811252263478.78 860 4.42165220936246 11.8457038001187 0.0492323345413221   0.15864777224931  0.263274673218298  0.375308019592847  0.636476905748188   1.31472950809671   1.46179188511225   6.90831557261582  1.04061529231916 0.229539274486072 0.485573308302191 0.923787855629385   1.1116325973553  2.16849663947162 0.792090405817577  1.62227339200361   21.590505698046 0.288396744055479 -1.92710500282024  16.9175563916577   16.403201854044  37.8256786933296  6.13601994554015 -34.8933942190631 67640
2724619777419.21 880 4.10988432503901 12.8363467457351 0.0447775215393959  0.152101071532529  0.269418364032754  0.359831858011158  0.615519741352485   1.23485221023567   1.36744329064055   7.37807272403316  1.03124433955828 0.218318138037756 0.465489302446584 0.914358374345305  1.11752238545696  2.22961393786428 0.801956104330849  1.56114976357926  22.1632355724418 0.266444579519861  -1.7712215353575  16.9158428705046   18.588445664413  41.0858022561861    4.114198709297 -34.2527771040007 64732
4487722588377.82 900 3.95347626970623 13.5422094045575 0.0406427168499993  0.141863775544698   0.25683889051042  0.359290735142486  0.604440761165156   1.27467848803007    1.3329344409118    7.4535261880534  1.00346738012819 0.208462779683297  0.45019048185344 0.899479175636543  1.09616111886063   2.2679410022198 0.797889904670142  1.51243880525401  23.2764752823463 0.457206681604432 -1.30354599813778  17.3518404001735  19.3406742238917  45.6016048343166  3.06534765854109 -34.4905912007143 69884
2114739774468.26 920 3.80914897809319 14.1539121970431 0.0370425447493911   0.13183313940534  0.242569999296036  0.382105340786587  0.588347180190875   1.17387810508288   1.35473383409802   7.42085265490496  1.01883554659192 0.199726127212577 0.433369799510902 0.905713171404788  1.08272002209799  2.23905303897669 0.787988979769499  1.48447467192907  20.2383979298306 0.400718413555587 -1.24373726405367  17.9702801232128  17.0309340269791  38.0185879963279  2.14140918928246 -31.2381568349166 65575
2798430284330.72 940 3.97984291050199 14.5761233484262 0.0341199147378756  0.121652773039951  0.259547770912573  0.353167691891279  0.589073199990066   1.17829978568074   1.31118170098613   7.24923213307595  1.03412350628836 0.196378333349628 0.419048668774507 0.885100790112364  1.08010258907457  2.19242169700142 0.835182544316025  1.54808419540988   20.4489977400123  0.744596534961782 -0.767253824891297   17.4076130109429   16.0419368644243   34.9411186577556 -0.319487206655994  -28.0812256263565 65604
3037744222159.65 960 3.97837873213643 14.8788516338635 0.0324765102024387   0.11169349871234   0.26286054684658  0.342310162645934  0.678179701390918   1.14823774437536   1.36899479972867   7.18965716644053  1.05571658799193 0.191596166165236 0.403042203919462 0.872528485402736  1.08867614978123   2.1452076612648 0.819301229432073  1.51453541185543  22.5990262818098 0.699260953362639 -1.12417529188862  18.7819692945637  15.1508107954956  32.9670756779174 0.447611814138755 -27.8851218272191 68128
1837970277031.1 980 4.12256687805281 14.9527335328918 0.0305318700838441  0.103099192952047  0.245629918373869   0.34201739873178  0.776066346425735   1.18516288708931   1.31824668303684   6.82644497170122  1.20095194248198 0.185382104093198  0.39131664836535 0.884284446793195  1.17955751536913  2.31497814613037 0.813194248232269  1.71331824081469  17.7073841918275 0.402846423323877 -1.04266305420228   16.266711834116  11.2552084701067    25.93871894162  1.82634504432895 -23.3226248046063 66868
3249616335583.93 1000 3.80300723983847 17.3527199835781 0.0291806226167516 0.0968717242253761  0.233264297351813  0.345392063348053  0.782820994331344   1.18770741036735   1.29694835655296   8.78677835479521  1.18502780668479 0.181824156149369 0.387045148384997 0.873971576661257  1.18503436379248  2.29995318944481 0.801897678101064  1.71489028552635  18.7774061630452 0.597106662743878  -1.6283570543189  15.6535556999499   11.156023619856  24.5447011304871  1.54388599171122 -23.5577636906198 66489
2206872660888.85 1020 3.62869541485588 17.8589712891656 0.0274929840650306 0.0948397275431855  0.235675843448906  0.339039128660928  0.769441162124842   1.10456716338873    1.2892140312711   8.76869084411595  1.21792071573896 0.179273701772899 0.379291718750258 0.873900173642904  1.15519739711968  2.29072650386334 0.784274734996216  1.69358634080407   16.585849731719 0.765826451137724 -1.15686107843056  14.8170448097501  12.6120379665575  23.5024623137176 0.655567888231544 -22.0866591186146 66606
3070740054875.87 1040 3.20470241188241 18.1910667597191 0.0261522945057641 0.0924164384513302  0.219407054020441  0.337258578104694  0.848488414003533   1.09554311704138   1.21481407186041   8.65418417891704  1.20933312313473   0.1729425002559 0.363668531821063 0.867429803197034  1.13769904430728  2.26362344418952 0.761477044594883  1.70983019831811    17.5997997400184   0.495233324831827   -1.04158753046241    16.1887415538471    13.9258270997223    24.5707875377923 0.00568399079514793   -22.5878163448832 67037
3116676935414.75 1060 3.10414482126473 18.648354644783 0.0248997193486555 0.0854302393677541  0.209793904561107  0.310293326573653  0.794073714400231   1.04732824723238   1.16782807194545   8.65915456121525  1.29190406528435 0.167067068525035 0.351295697408449 0.910101117677589  1.13960327702576  2.28951624467508 0.744535659880745  1.65573978667231  15.0122775382918 0.638818384183288 -1.28383186787728  14.0648336010811  12.6924100335577  21.1557218504111 0.937163416614911 -22.1962995112839 67507
3587464180052.26 1080 2.82955675860935 19.5442664069525 0.0232214359439895 0.0788534771562843  0.198929213160695  0.309723679499328  0.765508929448961   1.00889866993969     1.229786906937   8.87008577225621  1.26715386688455 0.159185247944566 0.342749037886755 0.897859143348141  1.13756983935707  2.32947022485444 0.747352675125427  1.61566375484868    17.7578323961006   0.609128431261758   -1.46061181870447    15.4001177592561     14.216154869565    26.9393485007453 -0.0196978440694681   -24.7271666652482 65086
2572767530029.23 1100 2.66032221502274 20.5020817612243  0.021421149223352 0.0775707863570649  0.185449216473112  0.301647072372019  0.716366250167609  0.954020233214802   1.18350776325063   9.00406639637832  1.26686177847056 0.153367848788464  0.33169592442435 0.900888951861379  1.12676488712992  2.32124533728869 0.742150483431185  1.63709957724043  16.7310014599596 0.442114078814779   -1.414266397707  14.7937119943815   13.765474552318  24.6192222808769 -1.04378000926623 -22.3667295704593 64850
2920982233513.54 1120 2.34803639289597 21.3657901070658 0.0200366134368519 0.0762434326861357   0.17184588724397  0.303004621913502  0.668539062715327  0.897319480763937   1.15510218492215    9.1466536615867  1.29109760140439 0.151310308329832 0.319287561518823 0.921378744184114  1.14367761074723  2.42452495704879 0.733277840728999  1.73599317702225    16.571485900931  0.571690563629087   -1.1257499904387   14.2531099204565   13.8126518334825   25.9942449902069 -0.927355769765335  -23.5214001110655 68649
2814402610881.21 1140 2.02535790041562 22.8931471947263 0.0192503404988374 0.0699395991896464  0.166196517980549  0.310759202020878  0.656980429337352  0.859743126929307   1.20650031165492   10.0890300823714   1.2614586978445 0.146076026059337 0.310505523087694 0.901439665920863  1.11576447017514  2.34801296581755 0.723284804906569  1.70160277399061   17.2665054213035  0.593435183646573  -1.14470275911067   15.3510346929385   14.1918783760013   27.8489656690931 -0.558101312952695   -24.283796054977 64772
2550940215381.04 1160 2.01722833671916 22.9163572318813 0.0178260601358151 0.0647439114929439  0.166283447579439  0.305562185236509  0.640405310781298  0.885901474172476   1.25606560522734    9.3615235583083  1.21044024025479 0.143453146917813 0.296855137233244 0.889214591916438  1.13682105706179  2.44746126180024 0.710724955816721  1.75306117643636  17.2069122339687 0.504292906567932 -1.13131261618775  15.4358532978528  15.2268982049867  30.7858528951365 -1.11504623614954 -25.4901969910434 65333
2825675080891.88 1180 1.95596969561979 24.1182215158557 0.0171513237143496 0.0606958049660982  0.156860620023423  0.290223921431121  0.676835854048668  0.837891003123877   1.20896397578502   9.97672963541606  1.19319242248188 0.140871420550142 0.295583590990985 0.908329452874602   1.1311356464339  2.43223708480943  0.69558934435094  1.72162431472331   16.7777461814394   0.42178418082151   -1.4983844787335   15.0118436421961   14.1328868287782   30.1923655839555 -0.809461741174183  -24.9200244615103 64602
2437785192066.16 1200 2.00631888102284 24.5503490312084  0.016284993800399 0.0622827291372781   0.14796401089715  0.294129941413548  0.662536049956254  0.856970152408543   1.14361143423408   9.81528556094816  1.20503998769197 0.142737277230306 0.289034304725315 0.899648589114694  1.08835330763381  2.35619340068842 0.700011342073661  1.70709167216348  15.5006394829752 0.331766393192845  -1.2468870492451  14.1418603149119  14.1958953093681    28.75475543199 -1.71160503629915 -23.0296101057778 69263
2822762092823.22 1220 2.15504777335757 23.3525190610055 0.0169439200648343 0.0598143723883424  0.138528924338351  0.290264524970581  0.737536246551625  0.885237816862448   1.13721617981256   9.24019985034996   1.1967416499518 0.136991068007805 0.281491562842254 0.978237324044946  1.10570461921226   2.3651757446504 0.692595128038577  1.76625510164292   14.8745921092464  0.425283483726574 -0.965083811347569   12.3527925471999   12.5269560404902   25.9216940382307  -2.17758605313236  -20.2977687008706 68368
2602648627851.96 1240 2.09629058798689 25.0411819367263 0.0155504600436888 0.0567231358379194  0.129593904007581  0.284257003177286  0.690924619332313  0.878935157026889   1.09605891239876   9.75108380321715  1.15661282256971 0.132760592391823 0.271904341086001  1.00145718143471  1.11214455728039  2.30028978159121 0.676786178306702  1.78799079800347  15.2740160154844 0.443902105698369 -1.06103381678547  11.8938510576697  12.0800903896557  25.9834482888016 -2.18284877872861 -21.0692336203852 65807
2943106732916.65 1260 1.99331330577295 25.2328718331953 0.0149696256196594 0.0540565990330475  0.129181186791601  0.281447270444432  0.670204991335654  0.834846814631744   1.09954177330942   9.53112801248134  1.13115575733222 0.128157770876733 0.261481558975216 0.968766977433988  1.10729364797936  2.27993909202419 0.650039502020464  1.76832738650836   16.6756813153933  0.506013383903156 -0.978520944972115   12.2771441372869   11.8485791026916   26.5000607226734   -2.2589894873055  -21.4679269105209 67237
2242984990677.9 1280 1.79096500529115 25.5633139841282 0.0141369287912633 0.0502782652882704  0.124762997917615  0.264765388735502  0.670385863494203   0.85037786590695   1.06362415374794    9.2382429462089  1.13680638539057 0.124116055400348 0.251470541198025 0.970057991177217  1.08565522765111  2.29704744869423 0.624883030394409  1.73315124959406  16.9061297219524 0.583267880779409 -1.04948351261523  12.8334458117329   12.759261694666  28.0575496383996 -2.46755040947097   -21.36822800754 67670
2328309786812.74 1300 1.72420936759164 26.1892288321131 0.0133913969222027 0.0467412772342228  0.122578538576335  0.255496789303965  0.651541619414538  0.837076593999838   1.04968975814875   9.18483382933344  1.10735149583795 0.121334188921492 0.245655144010259 0.940427819896035  1.07980479262373  2.21161423592212 0.605027923690481  1.68229881563413     16.05484107656  0.598982516352232 -0.867237252447227   13.1332269522419   13.6853485260552   26.8441726091096  -2.75008063244622  -21.0315807946177 68670
2429692579775.64 1320 1.49987852256595 25.9628990958574 0.0126331388516357 0.0443780553896621  0.126400884302631  0.257580800154866  0.702526329572608  0.784367038204465  0.995571213201701   8.51564680750709   1.0931821826645 0.118363076155604 0.251747590806716 0.912957127016213  1.09325327398541  2.25756915681003 0.581811313435432  1.66784550803695  16.4278951912059 0.562302337076758 -1.17696784112468  12.9994078092505  12.7361400138374  26.0809759733859 -2.40083239275775  -21.004730516044 63387
3002346747304.21 1340 1.43798912402779 26.7465826360668 0.0121670255029321 0.0454190373179873  0.116001444011195   0.23977796760919  0.690624633821964   0.76308457712674  0.946841400342005    8.7040428437871  1.10501714842434 0.114848099564422 0.249344639889004 0.954016731707643  1.07876455215924  2.23667932367816 0.579482417038359  1.63397841011949  17.0511445430792  0.49643454890444 -1.15700002560046  13.5714378090976  12.4237541004265  25.6791035550995 -2.58452453962369 -20.3662660988713 69031
2459167363319.23 1360 1.35387867669561 27.3140870792588 0.0114294968193385 0.0442416126561962  0.109842087613195  0.232801511152495  0.663076771414829  0.806033276871298  0.984218572089057   8.52708300184647  1.11140263726803 0.112088029992517 0.238733740201433 0.934981912708405   1.0503042902873  2.15089167316979 0.558033300268037  1.58694025786417  16.2472421267494 0.520252671044575 -1.16977943580982  13.9476520194778  12.7087574522751  25.7886950471687 -2.43696177277972  -20.356990047798 66659
2395872730143.62 1380 1.33298505184713 27.1229649523731 0.0107856135527237 0.0409626695547974  0.104046223053611  0.251292736011772  0.632085902154716  0.764868384116598  0.999684638922923   7.93449299517433  1.12118375374231  0.10894539000748 0.233567231391722 0.939601867551364  1.06185432143296  2.22170528490191 0.565704694843505  1.62305852159593    16.28696673425 0.519582105786937 -1.19890854806126  13.8845969190104  12.7972859690662  25.5353024881707  -1.8182716405186 -20.4842168663023 66344
2416219755198.47 1400 1.27216808444245 28.5945180541176  0.010397131587555 0.0411966864425827   0.11242896954627  0.233505561886317  0.608098477549566  0.743781963798866  0.973590511852362   8.50117786528217  1.12854561118215 0.105929961679601 0.225568178402072 0.931377765073517  1.05875109635871  2.17231883189178 0.546113477116864  1.58823117929636   17.259033972569 0.579661592361129 -1.08741961883684  14.0497147099033  13.4958460680494  27.2445758338762 -1.96246643939266 -21.3533897341212 68168
2527981066715.85 1420 1.08870873274288 29.2423574652629 0.00964249646329729  0.0386255338730062   0.116057805589277   0.220598133328243   0.571176586992141   0.741603928332258   0.920670716910055    8.24544789640283  1.10638635039555 0.105744385841517  0.22241986957815 0.914799574473447  1.01624826167422  2.09864470726955 0.536959778762279  1.53683357508777  16.6376744493628 0.506619036100277 -1.21249646171074  13.9616644070492  13.0809119354651  26.5488374528647 -1.79066815750316 -20.9874202358457 69677
2316036547936.38 1440 0.985095862916103 28.8142048385395 0.00921463521926451   0.036267194663876   0.111876426816776   0.220832881808339   0.545409079377739   0.735972878368026   0.898753475167957    7.65052829812846  1.10988601261053 0.102025359954237 0.225982820108596 0.935216248245446  1.07555645163379  2.17375051848791 0.523327608037681  1.52807390846507   16.4706552016195  0.539803878685896 -0.990252590961379   13.9774207286407   13.3422511085983   26.4539362934103  -2.12662706674242  -20.7859759908294 67792
2106445292856.12 1460 0.950395134472988 31.1945665449367 0.00838357837951017  0.0359656947843874   0.110130526819469   0.206719854583321   0.552639086485915   0.730624203600296   0.856317155560661    8.15806835315897   1.07352253104987 0.0985865803366508  0.230831534794042  0.904792931164579   1.06608806174896   2.12251295709988  0.502938141378573   1.51617684318213   16.3947876308869   0.52033901324009 -0.904753700488038   14.1542340800597   13.8057137380836   26.6892261008641  -2.20761595778805  -20.9927252453304 66553
2489227222520.61 1480 0.847140413327507 30.8365659955934 0.00818687996841076  0.0361029674102419   0.108645826270306   0.203614406944146   0.533676949833885   0.724219652472697   0.828147280691582    7.78485342295932   1.14823202223782 0.0956741922796884  0.225770469723319  0.911431576322039   1.05951696998521   2.10289808911628  0.495652909703028   1.49127247413061   16.1112632036825  0.545581245011494 -0.914708252871662   13.9372822149153   13.4904432513929   26.3623909716462  -2.05596039252824  -21.0809197466833 67310
2437059155102.85 1500 0.802891265386142 31.3231286353325 0.00776765173468635   0.033892311306304   0.101984605137233   0.194370096738587   0.509729468204958   0.715310429038671     1.0393962733334    7.62114129767515   1.12861767611475 0.0950704582843473  0.221665139184949  0.939979671790084   1.10592938444508    2.1220395590045  0.485266827472334   1.51954030178169  16.1498823346506 0.591640514243797 -0.93043939854845   14.250723883978  14.0990403339977  27.0919283882341 -2.00776314075526 -21.4348328598825 67336
2103789244158.04 1520 0.731272224636125 32.0577515705621 0.00771791734336651  0.0342261727714309  0.0972323465021252   0.185270872777443   0.481638846669254   0.732515385635522    1.01583094341019    7.93169929901912   1.11197697638582 0.0921217563974641  0.217064951530875  0.908028383461637   1.07505430884778    2.0433380580359  0.471988350035467   1.48878852828621   16.0286394958584  0.551937418927606 -0.863683537409365   14.1835834002249   14.0354461081554   26.7307578660572  -1.92490622929831  -21.4812026991268 72762
2389070905199.56 1540 0.668966915405258 31.8115519630407 0.0073436535999485 0.0333248219169514 0.0905188248889631  0.175988992135361  0.457456601575779  0.716260591137221  0.974362273711838   7.43159266431883    1.1344099584392 0.0911176396032056  0.214541336084916  0.911418247957872   1.10963988374122   2.05513850470239  0.459031919302931   1.52453397017971   16.4919879921475  0.563911535078813 -0.866867677372716   14.5154257391007   14.5757971432135    27.669469983207  -1.98703055217976  -22.0769928545159 67362
2068002122892.02 1560 0.637462579864675 32.9917153703727 0.00711162592970886  0.0318738669651271  0.0885183227610288    0.17085598113178   0.439000651966127   0.684135156776983   0.999540463166048    7.74067259122624   1.22975855774513 0.0885563536523983  0.208742974021348  0.964656408234156   1.14266484471897   2.09608402394868  0.448721043638952   1.53609652773693   16.9966651297338  0.586877802705319 -0.878861588516961   14.5833852706156   14.6794702808954   28.2578513369757  -2.04082642948837  -22.4175793082335 69446
2405096643244.2 1580 0.638383913963073 35.4642126277734 0.00658243239251059  0.0304520200627146  0.0872998155085741   0.160352639811787   0.411065828557142   0.731407815920968    1.04852417336741    8.27879352798839   1.24228442437355 0.0907678215047166  0.202807149136961  0.962799891093939   1.15114500283155    2.1151125500387  0.442669950977195   1.51423105823563   16.6002226422096  0.568128069207923 -0.904498055107817    14.702115401611   14.8636877930066   28.8058307500005  -1.89474628691294  -22.5417588198517 71906
2407948512904.65 1600 0.64273861960546 34.6225222056402 0.00687452997369836  0.0288639314731943  0.0858178611128446   0.168505791100634   0.404382405922798   0.744430215289535    1.12780732652309    8.24062999719644   1.28412868607082 0.0893297288977785  0.196659834500336  0.942902271507938   1.17066448913037   2.27442934306423  0.447767411374015    1.5923630046098   17.1423021282026  0.602285562677061 -0.881330031387949   14.8724888787082   15.2336129958904   29.7847043008579  -1.88453509329441  -23.1685751999982 69475
