nan 0 0.72 1 0 0 0 0 0 0 0 0 1 1 1 1 1 1 1 1 0 0 0 0 0 0 0 0 0
9542975583603.44 20 0.695084760612368 1 1 1 1 1 1 1 1 1  1.03870705941518  1.01834676671983 0.975500642310079  1.03415646952537 0.985770492076883  1.00354721374904 0.964278692492892   1.0101862044491  0.436267598236216  0.377052822190149 -0.102687238213025 0.0583957156282874 -0.128064289140117  0.358708081860692 0.0515445135228596  0.484815075766101 59687
2862296192619.48 40 0.761567661068298 1.19159333123153 0.899039311606778 0.902757068605407 0.909721045618438  0.93488002286899  0.95328814797326  1.05391815631361  1.13603875991208   1.2765411240057   1.0977427439868  1.00545070812705 0.942247864864773  1.02719051974585 0.976693350196058  1.00522129580657 0.939692631212019  1.04486383934413   0.99111044943966  0.575858991795585  0.134457636491219  0.340569153483094 -0.129571819821214  0.702139832395209  0.114380813914671  0.845650945518846 58863
3393195102984.53 60 0.937959000170378 1.41556034474615 0.820928384203443 0.843324572082135 0.853414583006477 0.900531151049912  0.92750444040202 0.980632327948534  1.12676324018877  1.64498540004892   1.1391038289716 0.993092817492663 0.921760057345066  1.08891644471622 0.963883491246928  1.00060462416381  0.91651105770259  1.04266929283061   1.84032699645857  0.829925014345355  0.191807399686148   1.15750191584117 -0.668498012774281  0.919192302254783 -0.132966591230871  0.929142136928776 58784
3456354395922.85 80 0.999744817592869 1.58404244609726 0.766453547763925  0.78695436087359 0.837963800186658 0.852508501006059 0.877165334687821 0.959233645352815  1.17314714750963  1.92317793854236  1.11770350868839 0.968464306671107 0.890777944920915  1.07456749890532 0.966456680041925 0.979115743174554 0.919413407908479  1.02305626015072     1.99580622017431    0.937086979530997   0.0619339083450464     1.36145861730064   -0.915790604303984    0.389906448535694 -0.00715039594900696    0.714788272990284 58433
3754134767050.62 100 1.03578405515822 1.60788063081239 0.717921960246363 0.756205323950216 0.787249841020396 0.818336796505536 0.908339833227593 0.950702479766965  1.12525057413155  1.85602937364822  1.09119307865821 0.947977196435248 0.877641251596407  1.07755751156695 0.951204620747211  1.01913709197333 0.902227436651481 0.996893007862789   2.11649215669619  0.845400238688998 -0.336967987208114   1.76425462544685  -1.38681415766248  0.986671914288211  0.140034193289011  0.892107107723399 58511
3972711061146.23 120 1.20056351112785 1.6809913278746 0.667091476265958 0.716742457405764  0.73852383754935 0.792934734978982 0.870203499232599   1.0201845581234  1.08128592528837  1.88502162760559  1.15611537905695 0.909745360949731 0.861445923433931  1.08138777240381 0.943819067174482  1.04004545856685 0.890275902387333  1.00907251426903   3.17798098340397  0.597118052051346 -0.732544155145135   2.40196186024267  -1.74902237847443   1.71244561201986  0.352246486300629   1.34735915347948 58563
3188271467747.09 140 1.30407018210562 1.94331798378244 0.617314788554423 0.662061795448937 0.681147680054108 0.753412951646876 0.850762729147352  0.94968024339299  1.01337539818919  2.33127990720552  1.19424124721378 0.869394075684675 0.827544166052116  1.13008858023307 0.946693932304082  1.04159106477287 0.849512823055424  1.01995198749815   3.79663383250359  0.436258757741727 -0.514639807472216   3.23813404111497   -1.9519173949391   2.00693045496419  0.244114040162411   1.64211688502675 58400
4162272959732.45 160 1.51076828804021 2.16233484015186 0.569245396445551 0.617922906101598 0.647759342654948 0.740514735443026 0.799300594340341 0.895949321259187 0.954794782131383  2.66161612395947  1.27955668855919 0.829632957337272 0.843932165365911  1.24354095304409 0.923112973374569  1.01686344836278 0.893118411838101  1.04799024391453  4.82900821404375 0.512422478826346 -1.26520065100382  4.26619863635273 -2.20110705124965  2.19181975865411  1.10558715791407  2.46681639347988 58082
3959957329717.96 180 1.7871929224714 2.51438826668666  0.53199395159765 0.564869290392055  0.62149326312105 0.722506012522904 0.796117326290016 0.826942574497223 0.938997543176133  3.36334468630964  1.29511142411699  0.79718685617627 0.825748864710924  1.29954325109206 0.924859809260338  1.01590055597715 0.981324712998036  1.06190739951447   5.22855245383322  0.898249259134801 -0.594333115690534   5.15464199149824  -1.77648279932925   1.44072001192141   2.14835558500537   2.88101878193857 58341
2561336431349.86 200 1.85164174546688 2.7320103578307 0.491568991976977 0.548952062475401 0.641938977623417 0.715963906815179 0.770644437594438 0.774870627487759  1.04860819303438  3.66901226046531  1.31398454797085 0.763561421770542 0.798749344319821   1.3297015545121 0.934062398246407  1.01059604329027 0.983961600003795  1.09984926194061   6.15846819401266  0.826244934121806 -0.520907845241031   5.71816331932058  -2.23059511475578   1.96891143314371   2.32802202236698   3.78068038374797 58481
3131453331266.84 220 1.95607397614789 2.97750799628441 0.451315430751425   0.5282562778977 0.601084501652226 0.677643724548802  0.74248729882408 0.763448644964952  1.02191679065338  4.00116126275821  1.35741750087274 0.731725487404118 0.763475903777557  1.36544653775373 0.902491720984304 0.965416819834782 0.994797039825551  1.11666835891247   7.66823979624811  0.855243663675961 -0.696443893618713    6.9598629479549  -1.58857789513837   2.06582555153458   2.52202174987405   4.54561399774527 58035
2704907265437 240 1.81346972390155 3.17266110118952 0.420968698462405 0.518108368197817 0.575009437740077  0.64926498808312 0.690370182606536 0.730172809688321 0.987162337053303  4.23737765858049  1.33381323766753 0.699322553362764 0.747611961747396  1.34145957033719 0.892397675516211 0.929913026350436 0.987870183246333  1.10637587422934     6.915944574435  0.667538630129687  -0.64238403113197   6.55211860453388 -0.834381525268234   2.09370940957022   2.31232976514001   4.51581037038494 58060
3585834899611.76 260 1.64620334582426 3.23442725321085 0.395930600676901 0.482066205020291 0.528656176899008  0.61890204440027 0.651623464947142 0.726884837799819 0.941515041422142  4.14203576151725  1.41457023425596 0.671199467164215 0.721961972155355  1.34408399510042 0.862012582424398 0.937862692153891 0.969336994545219  1.09578390780665   7.91048249491086  0.831196525277493 -0.734384822446102   7.26009693249189  -1.23724653268948   2.32677665191645   2.01623032975614   5.18386526269999 58739
2473441132299.5 280 1.47652587490611 3.39425843546548 0.367750749385306 0.452339935241547 0.552815190694265 0.578795952621109 0.685846392107138 0.716221525053561 0.951694679263923  4.23685282631528  1.43533251247581 0.648739450238482 0.718025058086308  1.31768004729189 0.848640565333264 0.905419627449126 0.958237294945605  1.07266114996816  8.61267195186913 0.972038762112901 -0.48127193321341  7.31834559227636 -1.90106842872132   2.3428143721413  2.28964156472291  5.38957024426228 58404
2341756575802.12 300 1.50502224700581 3.52046906514106 0.341514350685689  0.44203033457333 0.513792361119035 0.563278054275212  0.64251533041554 0.691796944337358 0.914124537390364  4.23262724091529   1.5051272367548 0.623981518633089 0.699196603182319  1.30456826550731 0.853143116837474 0.880733078757011 0.937704254750307  1.06147727268601   10.1983832334117   1.03146904955433 -0.214959654229422   8.23728969276727  -2.42546272804602   2.00655340323077   2.76666563019041   5.89192056371358 58021
2304222578187.52 320 1.4347339390768 3.72921362851986 0.313851557757953 0.419461075209494 0.482965177958679 0.540099211883284 0.592546362178751 0.769598162987927 0.871836464529271  4.36474437481162  1.50860139932044 0.601927441842144 0.684401943908001  1.36899703973594 0.839620480418076 0.866130562647126 0.961977096326258  1.06476027838763   10.2231780272199  0.958262939303371 -0.505609384085439   9.10560418053305  -2.29778858922732   1.66034708361234   2.88009310615106   5.70649895605616 57989
1970180728989.4 340 1.32911314297674 3.89165142550185 0.296820532931425 0.392893883231925 0.508106587528395 0.535176918126594 0.554411560314006 0.768198832326835 0.944072142519766   4.4953323729034   1.4882926460985 0.583601122018886 0.694510383862844   1.4243869303636 0.830787925122319 0.871874269115939  1.05691889937058  1.05596138141258   9.53080094213886   1.10936425901419 0.0610834277443889   7.39340779262809  -2.60843628049758   1.48746695266642   2.02427448943274   4.97832836990456 57384
1919964376659.37 360 1.36740224967511 4.09981356193315 0.275647114875265 0.369405480722479 0.470445415080031 0.495470035308557 0.706937399452798 0.792723500909019  1.00549783745578  4.63320660348958   1.4816716375287 0.569181531940403 0.721520686977953  1.38217555743924 0.820940588383204 0.860789862452119   1.0316637940123  1.09689256985382  8.67239200221272  1.31523269827015 0.659524389565278  6.88877008880973 -2.27677204601369 0.926992860312733  1.95121489621019  3.74446485607868 56941
3442736256599.87 380 1.40625983694833 4.28952996862729 0.249525164635915 0.371171845860659 0.447982525579214 0.480743765638184 0.704556756055893  0.84466425656341 0.942801812119229  4.59127983525775   1.4488098091887 0.557854047281921 0.708424684307323  1.34750737747316 0.857466490488731 0.855370870368088  1.01714439548227  1.06277751005767  8.23392257973839  1.58914677617466  0.46241943577195  7.78684536578068 -1.44751717348124 0.896598152757959  1.73944733659185   3.8104887542277 57275
2254675939566.32 400 1.32779176297539 4.24242039743699 0.239250224725479 0.351718104318772 0.439221444486271  0.46960265401333 0.736807946624589 0.850549346847836 0.965672965886564  4.30605684537858  1.48167722698389 0.531539278565132 0.680062918236953  1.34314173347683 0.827517127005723 0.816330890136454  1.06736216625653   1.0755347978222  7.99118633750763  1.41997391657003 0.285502082304323  8.40637983832886 -1.51140827232747  1.12702490433936  1.62816282523074  4.34130958201945 57669
1871262245579.06 420 1.34425665821571 4.54426111082592 0.217180410364467  0.33156497881124 0.430571114101483 0.456481773918164 0.744745857432175 0.798007155598086 0.928240629132704  4.48484259219105  1.43803239025308 0.514955766967322 0.701096300733264  1.29704410165789 0.812094616777419 0.798971780633949   1.0801858381572  1.10239059017131  8.63893675423275  1.31196004737596 0.546665494361005  8.58320000299801 -1.28448116978565  1.09906135768828  2.45508614777216  3.52309190978671 56917
1733434595754.79 440 1.50993403146912 4.63675734885628 0.196865817843414 0.342773283713199 0.400293986592516 0.489351818109189 0.772718597896288 0.849890097972866 0.902482116359996  4.23252033451165  1.44754786809084 0.496701976817284   0.6952509216144  1.31302875161762 0.781119442541223 0.851581931255228  1.05506405323699   1.0586077975746  10.0487423712671  1.44093666765939 0.696240324497551   9.6695232398232 -1.72115490114542  2.28665184020784  2.95215391328711  4.07555695854359 56826
2207567354106.94 460 1.58717646192653 4.83908131517755 0.181617819806318 0.353452226512296 0.370858497438478 0.524178778723822 0.744936907090163 0.825853310645972 0.864887035783931  4.25289144944265  1.57422461806882 0.475170640256678 0.665626250047662  1.37765981116356 0.765398996270488 0.826665617238568  1.03218391777661  1.03040427288508  11.3041196761878   1.6124888910596 0.621869055276548  10.7067309491684 -2.01057458056064  2.23897682611809  2.93083935228905  4.20494735981215 56707
2229390912490.06 480 1.69064202039525 5.28772599189571 0.168708896627276 0.326870100712399 0.350544133260279 0.501709334331312 0.703227236503721  0.77032513111564  0.90283004669858  4.71710853820718  1.69064663973828 0.452239525160994  0.66227710983722  1.38311545759992 0.769977337782595 0.860664206267408  0.99719360936073  1.00825067369618  13.0350900681985  1.60108353079126  1.10992710333021  11.3923293300976 -2.28344938224314  2.63802487007961  3.24050260403517  4.59461911295536 56528
2220068545553.21 500 1.59021700189728 5.73397480163889 0.155388391920376 0.310125903825925 0.336479611299017 0.510695353524092 0.642780929870312 0.751755387526721 0.942840782132484  5.10893211995078  1.71427026252146  0.44912471557832 0.652097857446608  1.37961078067789 0.753725164847448 0.825325861547014    1.038602942975 0.997037631420163   10.561050372228  1.27780669399501 0.892341379980575  10.2614229944181  -1.7790436076322  2.32718917119934  1.71002457534613   3.5682062108604 56592
2128729733639.5 520 1.76089103311122 6.02689452680587 0.145504940249127 0.305454845000328 0.319834561411722  0.48634400971827 0.641080500384673 0.696728575040872 0.910847613491048  5.28524253314868  1.89309630219284 0.435394121118191  0.64012306600004  1.42837154499476 0.755526755211817 0.833089641867124  1.08540120282821 0.958525207920051  6.87485579558387  1.25368411164062 0.705516605037925  8.32718511269552 -1.51144077813459  1.34196970009651 0.622180590245341  3.87915301381626 56531
1681340647110 540 1.72745296941413 6.75748943904582 0.132046023582562 0.299799439809405 0.320339193336771  0.51703020008074 0.638461067283295 0.732676861835294 0.915051859002989  6.02970518987172  1.83819604365497 0.426383794031967 0.634500388818851  1.37438219993761 0.739677352314758 0.860745976486912  1.05131092895521 0.923290945836611  7.58433872366362    1.281758176058 0.442793473307497  8.84736270138931 -1.60639899284376   2.8992885518307  1.21240490031199  4.10951398231598 57293
2946822867360.65 560 1.78193695176875 6.77534883337481 0.122503273183348 0.287397127004869  0.32075289622734 0.501938495281075 0.653735448347571  0.68968549946834 0.898443477858737  5.62355585383755  1.87886727185885 0.428639918260157 0.636858177589756  1.34997325380134  0.71298124412532 0.855936953391666  1.03454278441565 0.915088151463197   9.94237088850546  0.877863399126269 -0.228317702201383   8.85890423538712  -1.43804005538692   3.34321850665695   2.24053494734174   5.00245503861345 58123
1908777423044.27 580 1.82696226780843 7.0169145257542 0.113719112879054 0.277080206230729 0.349713146215033 0.480813044014932 0.605025487228591 0.764314724492346 0.900662094124667   5.5991981343357  1.81040818155879 0.415999118725193 0.630147079183485  1.35729206035866 0.723225004807169 0.837821294352993  1.01228223403885  0.96054651375662  9.33791651474169   1.2442978047931 0.489271757645636  8.39521667211787 -1.20615035712013  3.16320161250971  1.18868174556597  5.42300172987041 57606
1745453580826.36 600 1.84467546972739 7.12223354725037 0.103526488022639 0.310707034324632 0.354020137529541 0.521781420352167 0.570566954308176 0.850454094598892 0.899761410674732  5.25150644463085  1.87058634521032  0.40049323035435 0.622271739636886  1.36833034747304 0.706531960464641 0.818618752082191  1.02139809146676 0.944169284680896  11.4983740136215   1.3536483693757 0.896485780804645  9.37471774060148 -1.75136726924996  3.58279465528657  1.44757084606687  5.95996438827975 56789
2253523747828.38 620 1.6827512543785 7.63818455300715  0.09402609971381 0.289669880122021 0.357989935731148 0.491770584881671 0.582391082732086 0.820806287751283 0.900760208167431  5.48565785291931  1.84408142218072 0.391863646989117 0.612036445440376  1.35999848952228 0.710955852503036 0.792345656197609  1.01576026844276 0.931073924503886  10.5402352854866  1.24393458564027 0.920782256168702  8.55186426682883 -1.19465752995951  3.62475281865184 0.961609969442472    4.981413998054 56559
2141735204863.76 640 1.68336696153377 7.85578364818995 0.0868139536431869  0.264397627819642  0.353323883725758  0.482440656332745   0.57555344596952  0.790352600194647   0.89985442897108    5.3575787537988  1.82208604880461 0.377776709569444 0.617632135792141  1.42831722060039 0.722280037738981  0.77925875386684 0.969383046942791 0.921270779105454   9.30686868018602   1.24007209264058  0.142460271333548    7.3165449915746 -0.657279400150315   4.21579756636259   1.22819728738191   4.95416417158162 56850
3356509717317.77 660 1.62615021831272 7.99414450386938 0.0840220240539569  0.256392050139355  0.337335231697514  0.469240564226339  0.539433734111782  0.788275444254803  0.957408729297806   5.36954057011475  1.83505063344488 0.371633453552923 0.614464036635122   1.4263989012162 0.717694997173528 0.814208311688261 0.960449969631034 0.946325719218793   11.5032462747528   1.30672588882986 0.0551875229020501   8.55889021038094  -1.37572966353162   4.84924492624704   1.95321925119103   6.18911238843891 57496
2586786070981.51 680 1.57944422391549 8.44571219304052 0.0772640867650612  0.242415686748641  0.309812990676198  0.462073555112045  0.561616583508389  0.772000959414748  0.977284545597569   5.51125151580157  1.77523686452951 0.356879580283307 0.592617014500195  1.44369311782147 0.734192166187283 0.808874793007402 0.956018403603482 0.933756947386132  10.7095060921374  1.26200895523626 0.249829860725716   7.1521527793615 -1.18908459684091  3.94874590221476  1.03321906500149  6.00073376920634 56650
1775933232070.51 700 1.5561985391966 8.65770990004027 0.0706925119203803  0.222634497097958  0.337024955641269  0.501430605250393  0.569184946553207  0.744593098422068  0.949079149541498   5.29882373237512  1.72832402610618  0.34928354266774 0.607974672134949  1.42094870095269 0.750458516819933 0.801807757965029 0.946882110527699 0.926930621068481   9.82322250736209   1.35168453524096  0.879693753597966   6.67914602416542 -0.479292641850062   4.49074638838716  0.649065836728732   4.94865477632619 57033
2124419668624.63 720 1.58243347282767 8.87084180916033 0.0651513888192156  0.214113843217441  0.342132017413774  0.507431282071762  0.582665405159614  0.731005009229415  0.890319872795417   5.12688230009675  1.68130260746593 0.336505676628391 0.597398334450244  1.36726790730181  0.75697723249888 0.785404102488946 0.946658937861271 0.908039418682357   10.6533001536206   1.53225303740254  0.998287433731335   6.56779226054924 -0.121303439938447   4.52452579943668  0.388017921509289   5.17279557314475 57072
1597864741400.11 740 1.54026638003355 8.81108991385499 0.0617166658840804  0.207638051370747  0.362757860593303  0.492002774100386  0.565952891940452  0.712844670680763  0.882588570785493    4.7913922085028  1.69293745234507 0.321953632878959 0.578964430389021  1.43527423917888 0.731504437045344 0.756782161950831 0.932109915148993 0.898586004395045   12.4722828287262   1.48555933303866   1.13906966723324   8.34856563081225 -0.307986854734832   4.41648122152369    1.2717578651466   5.35254592402246 56494
1664673369572.98 760 1.57422131770126 9.16903627023913 0.0587296296846439  0.191034954789522  0.348870357239307  0.490284368641744  0.568517233661023   0.67712014663929  0.876978327752072    4.9374719774529  1.65828917436128 0.306192612769489 0.560096645206928  1.40484829081354 0.763161119566106 0.761444618416575 0.909191648671708 0.877457197805128  11.9045874057147  1.51960219021285 0.957281579600673  7.08467985927757 0.502547181177889  5.11785907065784  1.04189693488286  4.79569985037847 56360
2121734791850.45 780 1.4808664872816 9.21030343733382 0.0554504285017988  0.178579748106568  0.341039409342904  0.519025781060209  0.538132140090626  0.677803272549944  0.875883856432524   4.70384262733497   1.6402103143461 0.291345564925355 0.541622115593549  1.41067847510122 0.745014760461866 0.774260478462803 0.939929672954196 0.854812593350473  10.3736492922138  1.46788686090012 0.684743665113027     6.34399670891 0.697171397177375  5.27216592574299 0.138048734555137  4.81986639153842 56491
1947278345702.23 800 1.39107772521485 9.66418535135336 0.0506271976069497  0.171903338862668  0.335593183346502  0.494305499286326  0.552280547111972  0.647859141989744  0.846268150082929   4.72840197308171  1.60807283786296 0.277026569967715 0.523270247782067  1.40732221194957 0.746225915255847 0.747315181992922 0.929610036317742 0.848043067553554  9.51622243692758  1.51446759098589 0.525172052299383  5.58900157022198  1.05609389710957  4.96965539869869 0.377301921478155  4.32815933206545 56318
2527302645810.56 820 1.20652196982231 9.86602780278371 0.0476264221200504  0.164597857178759  0.313995858301714  0.466131407770581   0.55830257824539  0.615340330790334  0.813815331412715   4.63588470886655  1.63797176948453 0.264673340100199 0.522861173396967  1.40234613163449 0.769454970296366 0.719314540671809 0.914542868071215 0.835498555700263   10.6981687516847   1.44631261227213  0.929912787850212   6.56760772538071 0.0636442438228414   4.69872443962525  0.602176555916142   4.71771173163922 56510
1901931439481.65 840 1.14055368081328 10.1550651048553 0.0467608917421793  0.159496521885653  0.296611562101049  0.459647419948153  0.514327959639753  0.578053450125392  0.759751822340223   4.82223320021478  1.62181475424995 0.254154080602402 0.509232968290796  1.43150683934252 0.754729705470286 0.746162562621438 0.957816381836956 0.824781848470042  11.5313383652447  1.52012231947235 0.827849442814275  7.39729184216849 0.293994857676759  4.53473607343799  1.42678598454377  4.55603493480704 56788
1823660745103.79 860 1.13923678855007 10.6513396213214 0.0433199669023224  0.152223004496193  0.301392477477572  0.446742043674415  0.561807290826945  0.568588338950921  0.738692022795102   4.91469511280283  1.64245614750151 0.242856489838756 0.499025568428493  1.49388450958258 0.756922889199774  0.75406886512543 0.974845338057169 0.798098105072767   12.4746597578216   1.54460931781486   1.01285671421298   8.46392594132123 -0.177258305588749    4.2559239155472   2.05898769352303   4.71108104970864 56545
1688180423479.51 880 1.04685028941475 11.4608269805347 0.0396217431325878  0.142103858943394  0.279200465994149  0.446790360046906  0.523104414151079  0.567846492665528  0.763189760489933   5.20433795361352   1.6310774610349 0.232782423531042 0.483805282369185  1.49182088964266 0.763233716570829  0.74982996172838  0.98085689094719 0.817130172184326  11.6639790296464  1.45089979487162 0.777227381213934  7.42547350504767 0.285627331816126  4.43568579491244  1.73010597466079  4.12756113303207 56616
1472699938506.47 900 1.07995428764323 12.0747502521066 0.0358185554578756  0.136938089653568  0.259850738434018  0.429072693186503   0.53347107442464  0.578528401085628   0.75274071189495   5.22233083091506  1.57571930281888  0.22465158954743 0.475562516200428  1.44939352609205 0.832775733744496 0.731912331892779  0.97069946573952 0.835039366246142    11.45369278077   1.5411798889331 0.928510025918151  6.89551467282257  1.10595556825626  4.66896615947692  1.41371759858966  3.67984060785088 56862
1734292520777.51 920 1.11371019830598 12.2917571923165 0.0329975885253563  0.128702309494334  0.253512299542819  0.425840991815803  0.523300517814511  0.655200999219714  0.723949144410298   4.98551638768995  1.58638271135898 0.214821250154829 0.465682800164054   1.4338984196193 0.829159685968219 0.710275238142754 0.975474012836931 0.826218172469834 12.1132642116588 1.54334234910679 1.06831461360968 7.23886475570974 1.28809741866905 4.78249781174955 1.10957336175156 3.68049355964095 56259
1697731149774.67 940 1.11040328828892 12.7772210573304 0.0300134570948728  0.128488354778524  0.249599305003547  0.414753365600305  0.527845810270723  0.626071178004749  0.785176362352287   4.89991830846032  1.57556388539363 0.204908318569194 0.454872903430047   1.4071184190414 0.837646512127488 0.699236502150689 0.953437402888828 0.813062210504049 11.9687900423552   1.531796395489 1.21528508243832 7.53738327661291 1.50433720677318 4.87430311308061 1.60996899339398 3.48113374587145 56164
1627510452652.44 960 1.05367283485694 12.9853411798388 0.028249290002272 0.125573775190256 0.237158254660377 0.403394836520511  0.48924608243244 0.617359416613091 0.807625880820954  4.76336944781247  1.52608049749855 0.194995578451461 0.437282762258637  1.41721091912162  0.84297913656355 0.679983338945887 0.938557868871492 0.811965388554322 12.1374789674113 1.55489234639206 1.17820278747574 8.22141662786636 1.29947880040456 5.02261535254867 1.87742160487128 3.71014501258832 56077
1522930694460.6 980 1.08676782642356 13.4021054744579 0.0256705540199665   0.11638403936665  0.236235623809535  0.442227435080128  0.467933417977425  0.578683205473819  0.801830220864793     4.610853298671  1.55010901606747 0.186734692855161 0.426454961391457  1.38163241734162 0.844929996761905 0.701255177097809 0.911093242133161 0.792902567169502  11.4797443886967  1.51809585253763  1.28909927898923  8.49830851144743 0.879591952804673  4.30208045285452  1.82062786085382  3.95746176906754 56511
1582011883383.18 1000 0.954500474884816 13.5010821106443 0.0239508521331899  0.114687320077105  0.247024557463814  0.422947301345304  0.440006901030286  0.605148799480687    0.9734223450785   4.36574260106437   1.5298750165936 0.179709204225594 0.414196359351002  1.35373668032423 0.830511250768314 0.694902516692927 0.890993580552462 0.787092241057777 10.8802261001575 1.48846855451043 1.09471844664837 7.67769230249243 1.36119744701854 4.53552199941455 1.31555696535659 3.56473396848595 56482
1458722203883.3 1020 0.916160217274468 13.9884530843072 0.0217215783073797  0.112428009388274  0.251396071976839  0.405650553218939  0.423116215364455  0.574627439744276  0.923647560237551   4.25040936187581  1.56040386673864 0.171167030341717 0.403851299749614  1.37046914811614 0.830677012754617 0.691572147921024 0.859321362975234 0.769024538182248 10.1648418854384 1.50388942375254 1.13442637025561 7.22075917311262 1.15454195687676 4.44070374680717 1.54865850721553 3.53317309675188 56139
1636817616383.43 1040 0.835497076651251 14.8793783353432 0.0196501270644909  0.109092417032847  0.250047640740427  0.404449127346403  0.431434067108268   0.53232569451587  0.906111584932588    4.3504575596067  1.54805606084564 0.163422459306033 0.386639986478585  1.37760556267899 0.810365393730973 0.683216829343217 0.828626448047114 0.786609074643352  10.8670190470599  1.51121732519328  1.19937489927685  8.24681832760865 0.834146945468028  4.27094733880713  1.61951282819447  4.06425113747455 56163
1412954000014 1060 0.793105235492837 15.3569052698858 0.0182657862606547  0.101172177956431  0.244051411318609  0.381707088474108  0.424334158782501  0.509788151606385  0.912302901958174   4.30770329080695  1.50404698798653 0.155881932322045 0.389680654493706  1.37646826050968 0.781924747224029 0.675771326148776 0.813544645193798 0.778245760323867  10.4769784778797  1.51258370789314  1.04964571127335  7.99807067104215 0.861199289106767  4.60176489861961  1.50754681954435   3.7065630032086 56138
1675137323289.91 1080 0.731765233282336 15.6907148961002 0.0169414692830283  0.107756475204855  0.255139879036046  0.378510596652031  0.403191813740607  0.488270914923142  0.847790903032679   4.17096490045241  1.44767103009467 0.150650090422286 0.379975675711147  1.33353796104312 0.774209711078001  0.66478854227937 0.799370950342736 0.761525454944685  10.6962066255593  1.45589119406518 0.987891612069316  7.85868907831231 0.914482610274961  4.58239372185942  1.55713375935104   3.4769236842058 56188
1639623389610.86 1100 0.649051987667492 15.6331187972258 0.0159485024663237  0.109984874365233  0.256901474868659  0.356939983899556  0.392538049456756  0.484954055288231  0.786419601668876   3.89772474423511  1.43325776613364 0.145203590968985 0.380226155250865  1.29813141112741 0.777043513402645 0.651850973636873 0.773966435745904 0.730520072106024  10.2903612677356  1.47497077253468 0.986793800028896  7.79150609289832  1.21456770032224  4.58557571576485   1.5166187298397    3.659285372253 56259
1525208108820.66 1120 0.576327229734604 15.9384264427022 0.014650849582274 0.110797662805146 0.252983024658159 0.353378126073168 0.402833457923791 0.454359912714881 0.755610214678631   3.7218056812326  1.39236497661095 0.140562533365683 0.368875692070199  1.26315189257463 0.760224419629294 0.641235754990068 0.748679582370229 0.714067666691491 10.6609902944349 1.49932700138382 1.07018848419575 8.07396575176646 1.01185330884785 4.80944926922124 1.50061551328456 3.71160013489432 56125
1608940916912.46 1140 0.544024653443533 16.0420915013275 0.0136436789793314  0.105510668793094  0.260292642539416   0.34524358310087   0.39029382563264  0.436934654517232  0.686496146622728   3.51118304495949  1.39194059880909 0.134776110075827 0.360611273200429  1.26402668903423 0.756690160803731 0.634859721057754 0.774884431009653 0.718453924639574 10.1539132147602 1.49283589174606 1.11663707246197 7.55702167579204 1.10399579728067 4.75421311186171 1.17011399215977 3.40843438034793 56119
1514017666722.9 1160 0.526345227095424 16.6269292756269 0.013020776950146 0.099809063296648 0.257362261070455 0.340373371014186  0.36881073571889  0.41333372008096  0.68335006150953  3.59965598989928  1.39406927837681 0.136534761505286 0.361323537493015   1.2626291366316   0.7309574369827 0.631108451375316 0.771669955258863 0.712819186022433 10.1603989521476 1.54896610093294 1.16285008724738 7.72185848930334 1.16255201592226 4.84757500409959 1.08222381875549 3.52069337752162 56740
1468903392533.15 1180 0.499801436462207 16.6536678174671 0.0130596645723325  0.100433911349206  0.244220588997751  0.323299690151484  0.352590990357626   0.40460337230196  0.662803952483232   3.62202812310586  1.35129049881299 0.131638884460207 0.362073620935094   1.2150977646532 0.737353967091448 0.613065960195914 0.766908775947344 0.694424286529731     9.98238447305  1.53367704735694  1.21144264491809  7.61950056731498  1.13525525416806  4.90320619557879 0.905046142333961  3.50606028523512 56879
1517878152074.32 1200 0.455148660402297 16.8274746749985 0.0120285938117305 0.0947525137078197  0.229569040251675  0.312259890076471   0.34024558172328  0.404809332983205  0.641061062245389   3.40606358261068  1.31623202183302 0.130004263389216 0.361096219060025   1.1913998518851 0.721296166176262 0.632859165624949 0.753854243692969 0.691294059797593  9.84329579143649  1.49689705210558  1.08623890516415  7.37190034864409  1.30407943837644  4.79229411613343 0.894946399350713  3.33403945642642 56603
1545944485751.37 1220 0.485370900540895 16.6341004496319 0.0117534095289775 0.0947005936801771  0.210307494206273  0.302855940108276  0.347436824200089  0.432387186747697  0.614623419923382   3.25208964259585   1.3784393060573 0.130611167743458 0.351614139977978  1.20944014665368 0.715540402686405 0.644588836665567 0.836455222296913 0.683149466532576 9.48421954369566 1.45840140034002 1.17454060353273   7.183451086308 1.37591083490541 4.69813745251319 0.66169282126793 3.24033074226759 56207
1523235067104 1240 0.495481645929861 16.8910842539055 0.0126257931143294 0.0875273239123977  0.196257204786429  0.287523368138727  0.358178879352509  0.465581314926123  0.587432689669015   3.60224896425565   1.3423931005677 0.129947207221935 0.340864256926314  1.19789441112016 0.687799967001278 0.665961597385492   0.8330060291837 0.659314160472826  9.47578563761647  1.44343666307479  1.19906017931132  7.04619584446082   1.3904331824382  4.51546618407221 0.671581908402976  3.24096076145722 56129
1628277396105 1260 0.464147607104873 16.8872026382424 0.0121722647450371 0.0848067646340138  0.186023634661781  0.283926807151775  0.353167673912341  0.458550009222245   0.56530826716275   3.47125740412502  1.30713863932727 0.132748351112676 0.343392461987784  1.17642697761109 0.714446475067495 0.692053388019667  0.82550026024041 0.660586731364321  9.89922949473269  1.51666962227406  1.25467156596508  7.39566398908982  1.15323481580139  4.62494343274785 0.921775641862573  3.50364205648363 56262
1672656184823.71 1280 0.506728139083131 16.8606994900127 0.0117648331680368 0.0847048663906004  0.188950374030499  0.285755985276526  0.375054763402124  0.434135979078034  0.610418458344113   3.34454427097419  1.37005696872953 0.127556689989021 0.337078602637629  1.17165021173202 0.705704191682086 0.708516428426821 0.793810888229012 0.720998161425895  10.2847851475124  1.51829302205484  1.19502528501355  7.65533691580804  1.08488152566757  4.48532062650963 0.949125484012513  3.80326997142532 56277
1443803049322.75 1300 0.529467415368591 17.8303949686506 0.0111494472199292 0.0834526271214207  0.203359528380809  0.278795908665969  0.366559279986614  0.429861163837073  0.611857526740562   3.54466553833958  1.38276551362739 0.136269625686562 0.349050523051361  1.16988577467424 0.707668375188223 0.693198952918565 0.781758767057334 0.743992494136222  10.6333510214224  1.57375317280888  1.30491655567587  7.96222393146206 0.877199172889516  4.55364281478502  1.05935427775006  3.93937786321874 56168
1597926256964.77 1320 0.519207071810262 18.4324099799884  0.010727483840974 0.0856877224928167  0.192660427558602  0.269006387210692   0.34202869778971  0.431552147736963  0.590704191361299   3.64470273076947  1.37849133686648 0.133527438840188 0.343592294590582  1.17152252321877 0.724111966434345 0.717658577546164 0.769894758297749 0.746170801735986  10.6355085536104  1.54779118027619  1.34698621641483  7.88987694046097 0.716455398550889  4.39215257442823  1.12609254636344  3.96640700888697 56936
1514887553824.26 1340 0.572476340996896 18.7479585624798 0.0104326383810998 0.0821801392642738  0.177608153642614  0.261135331913605  0.320137857814524  0.419359995329154   0.65968947667684   3.66692581510462  1.42086215471052 0.128838508079368 0.340260399922773  1.19279999428086 0.725181484642822 0.765599043673472 0.761580475488991 0.723133834676017 11.0195042845798 1.53578573889353 1.37330800796034 8.12864364077427 0.65497387977672 4.09403665187713 1.17009157566092 3.86642367955925 56126
1324321430384.84 1360 0.673315050941548 19.6058317039458 0.00989768493401825  0.0773179822262718   0.170630304590963   0.246902564170552    0.35531190757675    0.44080954875842   0.683527423252295     3.8045576192973  1.41397497648566 0.125490574979365 0.329959135964647  1.18169474357855 0.739547742199962 0.789235458884983 0.730480652257452 0.709049304879854  10.9687021627233  1.50127988390188  1.40684879161334  7.89096726949095 0.480524088315508  3.87474754695052  1.06932521805431  3.64656467725886 56112
1451821699132.68 1380 0.585661380877927 19.9207589947088 0.00929291556655541  0.0722873475787949   0.175567508114067   0.255792420891148   0.357151425713872   0.414678371997309   0.753985620461586     3.6877693792482  1.38122895012908 0.121725318646027 0.320073103491607  1.18471081053115 0.723293198313199 0.781622923390847  0.70626288153211 0.716536004414717  11.2532516403926  1.53121025888892  1.33267901695384  8.19650332931103 0.567505858415396  4.19274266593079  1.21458139717497  3.97814144013376 56128
1383181720637.11 1400 0.593424738883494 20.3440533646617 0.00867783916693338  0.0678785985013582   0.180558920422066    0.25006129583078   0.328778407348061   0.404509427285554   0.742862545321696    3.59158847671467  1.38152394694414 0.118071305583654 0.312008779815883  1.19402256014313  0.74251043853349 0.772761223232574 0.697400406879855 0.726558388324996  10.9679647011009  1.52490227631387  1.30978894240705  7.87252623165651 0.388128218334029   4.1154619064516 0.941461297844025  4.10469370543629 56276
1442312518617.86 1420 0.585275313515474 21.0240402817414 0.00819788966671924  0.0663158292138739   0.167228501406775   0.255850940153482    0.30625449581982   0.448140529905947   0.732785071336173    3.62355142311721  1.38875827972436 0.117329512824172 0.310613390404798  1.16319617785474   0.7365647972738 0.745066225535675 0.701252144838524 0.725220451946217  10.5621207039813  1.54203157632895  1.38833208882848   7.8798604387565 0.690849788137994  4.28560618570356 0.707842993547671  4.09364774702011 56249
1427536496009.69 1440 0.53423452102401 21.3054776233779 0.00778896658783414  0.0656859478453496   0.161349790052389   0.267111968442638     0.2930226775275   0.476896066144467   0.699823024513206    3.53559401502247  1.35467727394472  0.11574544832349 0.307196242843344   1.1598231499075 0.715766947937372 0.723908543690445 0.677283658615759 0.726599317823262  10.2771571314711  1.50956221072468  1.25224918221071  7.47061749460135 0.720472460218312  4.35753839514035 0.751319064548879  3.84318802108252 56159
1578354009199.04 1460 0.529447770418736 21.0314559963151 0.00774222781112042   0.063372221305465   0.153129668366479   0.256381624753628    0.29763191678587   0.459116596105228   0.649199383137026    3.42455878404028  1.31883004094556 0.112591663887653 0.316779232847263   1.1261190135999 0.713125017679982 0.734425724358537 0.657590693988531 0.730925755269653  10.3864111651962  1.51796640931067   1.1398017742857  7.49709089427628  0.72414579189435  4.60027925501224 0.883050960010262  3.93353446872791 56132
1571471291004.46 1480 0.460103472226744 20.6905950242157 0.00762229242099339  0.0619567616453235   0.141952998257438   0.234446289410084   0.304706118767191   0.479643312298731   0.641652425810765    3.26310889219892   1.3100676082196 0.108870978696377   0.3192406341009  1.10157824836976 0.695189303526112 0.720808276049087 0.656470490668343 0.722827488501587  10.5120870792297   1.5412800661348  1.30094192563141  7.63352791618429  0.73780104792738  4.57965242475209 0.803172842512691  3.97002518850866 56142
1461137695392.08 1500 0.422242419490226 21.3819633521146 0.00697418658954376  0.0656594628966517   0.130271511224098   0.218124506847493    0.30073680946602   0.472487380326333   0.617034305482222    3.18851690682854  1.27982659430539 0.105732139939611 0.305604844217955  1.11839358671382 0.712112721753842 0.731923917295918 0.628270874552929 0.763642424607037  10.7505646064253  1.53706458463417  1.29093426810748  7.77554787891211 0.497098216286742   4.4349168534273 0.774985078563974  4.05310653290511 56205
1547167720583.61 1520 0.439603976904308 21.619827842657 0.00674333972277312   0.064717131812687   0.125271723121271   0.215304842694721   0.283977711625876   0.488527439554069   0.677531611523718    3.15195132612921  1.41531100170365 0.104223033710434 0.304662663764964  1.12204692980114 0.761407874442302 0.743866048364762 0.627311528880038 0.745758022573733  11.0292073601475  1.54462732734322  1.33248394311957  7.76992735534493 0.278547081488014  4.36739970897948 0.789350421204926  4.09865838224343 56443
1430305061970.67 1540 0.482280727835277 23.0722946066438 0.00668177654046697  0.0652311699648358   0.119633041080112   0.226675318401687    0.28557717040148   0.479576865001194    0.70823910696241    3.55691530698698   1.3971892409422 0.101884240490146 0.299049399306796  1.09353185054013 0.778364177676799 0.730510886597099 0.627656182542132 0.777045995710401  11.1339706966864  1.53806622496024  1.34652244446591  7.70550400535814 0.348035425593431  4.35534297694882 0.613556996607036  3.95987172750157 56897
1537604250656.34 1560 0.51323694199671 23.0860779451396 0.00644977873057485  0.0621283628488635   0.120349971246256   0.246022179855295    0.30057274055248   0.499913250383312   0.712054864946027    3.43751918773387    1.4290021824667 0.0987067799639794  0.288348222195791   1.17107334608855  0.764295539561527  0.708435070855804   0.65766149336555  0.790122374326167  11.0042180724968  1.53524715336087  1.32047108745709  7.38315402891775 0.350610820139089  4.37383202987399 0.595630698498088  3.73255989853446 56596
1535436194605.38 1580 0.478992579765156 24.3102652344133 0.00614505093602529  0.0602795852108138   0.121243717602793   0.286425275106189   0.336825247502463   0.466792564309836   0.739818750456725    3.63165748162186   1.43272014620365 0.0948679198965174  0.281512409232029   1.18599542611618   0.78352261482131  0.692372529826717  0.647686940908636  0.773091615312105  11.4489852536415  1.53340289852316   1.3138892720525   7.8423702686031 0.173360373662648  4.27410504450238 0.778389579736408  3.90673688273438 56398
1467120615007.79 1600 0.473319548620096 25.7198110017049 0.00563674275667829  0.0597024659357129   0.121379570473575   0.269080599774868   0.336610413474597   0.436884023168267   0.699929689394093    3.72875424899016   1.39092215719641 0.0938170562215437  0.273222908778201   1.19013721096503  0.772922416593486   0.69767177310243  0.647055020232056  0.761078206630589   11.222769047818  1.51055937721769  1.35728949876571  7.47710297453855 0.377213639022919  4.10896834761673 0.588649759634985  3.71173763744127 56529
